{"name":"drag_1_endline","class":"BeamNGWaypoint","__parent":"drag_strip_objects_core","position":[636.336121,-475.849762,159.997559],"rotationMatrix":[-1,0,0,0,-0.999999821,-1.00413963e-05,0,-1.02202102e-05,0.999999821],"scale":[2.52844429,2.52844429,2.52844429]}
{"name":"drag_2_stage","class":"BeamNGWaypoint","__parent":"drag_strip_objects_core","position":[390.110077,-158.472397,159.997559],"rotationMatrix":[-1,0,0,0,-0.999999821,-1.00413963e-05,0,-1.02202102e-05,0.999999821],"scale":[3.54583836,3.54583836,3.54583836]}
{"name":"drag_1_spawn","class":"BeamNGWaypoint","__parent":"drag_strip_objects_core","position":[371.646912,-149.842041,159.997543],"rotationMatrix":[-1,0,0,0,-0.999999821,-1.00413963e-05,0,-1.02202102e-05,0.999999821],"scale":[2.73068357,2.73068357,2.73068357]}
{"name":"drag_2_spawn","class":"BeamNGWaypoint","__parent":"drag_strip_objects_core","position":[379.368713,-144.813995,159.997559],"rotationMatrix":[-1,0,0,0,-0.999999821,-1.00413963e-05,0,-1.02202102e-05,0.999999821],"scale":[3.44619155,3.44619155,3.44619155]}
{"name":"drag_1_stage","class":"BeamNGWaypoint","__parent":"drag_strip_objects_core","position":[383.260773,-164.660583,159.997559],"rotationMatrix":[-1,0,0,0,-0.999999821,-1.00413963e-05,0,-1.02202102e-05,0.999999821],"scale":[2.7062211,2.7062211,2.7062211]}
{"name":"drag_2_endline","class":"BeamNGWaypoint","__parent":"drag_strip_objects_core","position":[643.181396,-470.14444,159.997559],"rotationMatrix":[-1,0,0,0,-0.999999821,-1.00413963e-05,0,-1.02202102e-05,0.999999821],"scale":[2.86555433,2.86555433,2.86555433]}
{"name":"TSStatic_1","class":"TSStatic","__parent":"drag_strip_objects_core","position":[631.311035,-477.921997,159.997559],"isRenderEnabled":false,"rotationMatrix":[0.621565461,-0.78336215,-4.54747351e-13,0.78336215,0.621565461,-1.01308005e-05,7.93608706e-06,6.29695478e-06,1],"shapeName":"/levels/jungle_rock_island/art/shapes/race/dragstrip/dragStrip_irSensorBox.dae"}
{"name":"TSStatic_2","class":"TSStatic","__parent":"drag_strip_objects_core","position":[645.556335,-466.594421,159.997559],"isRenderEnabled":false,"rotationMatrix":[-0.633413672,0.773813069,0,-0.773813069,-0.633413672,-1.01308033e-05,-7.83934865e-06,-6.41699125e-06,1],"shapeName":"/levels/jungle_rock_island/art/shapes/race/dragstrip/dragStrip_irSensorBox.dae"}
{"name":"TSStatic_4","class":"TSStatic","__parent":"drag_strip_objects_core","position":[397.93396,-175.210938,159.997589],"isRenderEnabled":false,"rotationMatrix":[-0.627550364,0.778575838,7.88760826e-06,-0.778575838,-0.627550364,-6.35757806e-06,1.54614099e-11,-1.01308024e-05,1],"shapeName":"/levels/jungle_rock_island/art/shapes/race/dragstrip/dragStrip_FoamBlockReflector.dae"}
{"name":"TSStatic_41112","class":"TSStatic","__parent":"drag_strip_objects_core","position":[634.727051,-467.070831,159.994659],"isRenderEnabled":false,"rotationMatrix":[-0.627550364,0.778575838,7.88760826e-06,-0.778575838,-0.627550364,-6.35757806e-06,1.54614099e-11,-1.01308024e-05,1],"shapeName":"/levels/jungle_rock_island/art/shapes/race/dragstrip/dragStrip_FoamBlockReflector.dae"}
{"name":"TSStatic_511111","class":"TSStatic","__parent":"drag_strip_objects_core","position":[641.754089,-461.439178,159.994766],"isRenderEnabled":false,"rotationMatrix":[-0.625309467,0.780376732,7.87689532e-06,-0.780376732,-0.625309467,-6.37100811e-06,-4.62891876e-08,-1.01307978e-05,1],"shapeName":"/levels/jungle_rock_island/art/shapes/race/dragstrip/dragStrip_irSensorBox.dae"}
{"name":"TSStatic_51","class":"TSStatic","__parent":"drag_strip_objects_core","position":[405.018799,-169.532944,159.997696],"isRenderEnabled":false,"rotationMatrix":[-0.625309467,0.780376732,7.87689532e-06,-0.780376732,-0.625309467,-6.37100811e-06,-4.62891876e-08,-1.01307978e-05,1],"shapeName":"/levels/jungle_rock_island/art/shapes/race/dragstrip/dragStrip_irSensorBox.dae"}
{"name":"TSStatic_52","class":"TSStatic","__parent":"drag_strip_objects_core","position":[443.140564,-245.283463,159.996918],"isRenderEnabled":false,"rotationMatrix":[0.628976226,-0.777424514,-7.84681652e-06,0.777424514,0.628976226,6.40801727e-06,-4.62887328e-08,-1.01307987e-05,1],"shapeName":"/levels/jungle_rock_island/art/shapes/race/dragstrip/dragStrip_irSensorBox.dae"}
{"name":"TSStatic_511","class":"TSStatic","__parent":"drag_strip_objects_core","position":[457.225189,-233.957779,159.99704],"isRenderEnabled":false,"rotationMatrix":[-0.625309467,0.780376732,7.87689532e-06,-0.780376732,-0.625309467,-6.37100811e-06,-4.62891876e-08,-1.01307978e-05,1],"shapeName":"/levels/jungle_rock_island/art/shapes/race/dragstrip/dragStrip_irSensorBox.dae"}
{"name":"TSStatic_42","class":"TSStatic","__parent":"drag_strip_objects_core","position":[497.95636,-298.409882,159.996323],"isRenderEnabled":false,"rotationMatrix":[-0.627550364,0.778575838,7.88760826e-06,-0.778575838,-0.627550364,-6.35757806e-06,1.54614099e-11,-1.01308024e-05,1],"shapeName":"/levels/jungle_rock_island/art/shapes/race/dragstrip/dragStrip_FoamBlockReflector.dae"}
{"name":"TSStatic_53","class":"TSStatic","__parent":"drag_strip_objects_core","position":[490.856812,-304.138184,159.996307],"isRenderEnabled":false,"rotationMatrix":[0.628976226,-0.777424514,-7.84681652e-06,0.777424514,0.628976226,6.40801727e-06,-4.62887328e-08,-1.01307987e-05,1],"shapeName":"/levels/jungle_rock_island/art/shapes/race/dragstrip/dragStrip_irSensorBox.dae"}
{"name":"TSStatic_41111","class":"TSStatic","__parent":"drag_strip_objects_core","position":[638.787781,-472.09613,159.994629],"isRenderEnabled":false,"rotationMatrix":[-0.627550364,0.778575838,7.88760826e-06,-0.778575838,-0.627550364,-6.35757806e-06,1.54614099e-11,-1.01308024e-05,1],"shapeName":"/levels/jungle_rock_island/art/shapes/race/dragstrip/dragStrip_FoamBlockReflector.dae"}
{"name":"TSStatic_5111","class":"TSStatic","__parent":"drag_strip_objects_core","position":[520.337158,-311.835419,159.996277],"isRenderEnabled":false,"rotationMatrix":[-0.625309467,0.780376732,7.87689532e-06,-0.780376732,-0.625309467,-6.37100811e-06,-4.62891876e-08,-1.01307978e-05,1],"shapeName":"/levels/jungle_rock_island/art/shapes/race/dragstrip/dragStrip_irSensorBox.dae"}
{"name":"TSStatic_411","class":"TSStatic","__parent":"drag_strip_objects_core","position":[513.370483,-317.417908,159.99617],"isRenderEnabled":false,"rotationMatrix":[-0.627550364,0.778575838,7.88760826e-06,-0.778575838,-0.627550364,-6.35757806e-06,1.54614099e-11,-1.01308024e-05,1],"shapeName":"/levels/jungle_rock_island/art/shapes/race/dragstrip/dragStrip_FoamBlockReflector.dae"}
{"name":"TSStatic_521","class":"TSStatic","__parent":"drag_strip_objects_core","position":[506.249146,-323.163696,159.996155],"isRenderEnabled":false,"rotationMatrix":[0.628976226,-0.777424514,-7.84681652e-06,0.777424514,0.628976226,6.40801727e-06,-4.62887328e-08,-1.01307987e-05,1],"shapeName":"/levels/jungle_rock_island/art/shapes/race/dragstrip/dragStrip_irSensorBox.dae"}
{"name":"TSStatic_531","class":"TSStatic","__parent":"drag_strip_objects_core","position":[570.879944,-403.694244,159.9953],"isRenderEnabled":false,"rotationMatrix":[0.628976226,-0.777424514,-7.84681652e-06,0.777424514,0.628976226,6.40801727e-06,-4.62887328e-08,-1.01307987e-05,1],"shapeName":"/levels/jungle_rock_island/art/shapes/race/dragstrip/dragStrip_irSensorBox.dae"}
{"name":"TSStatic_512","class":"TSStatic","__parent":"drag_strip_objects_core","position":[505.004761,-292.761749,159.996429],"isRenderEnabled":false,"rotationMatrix":[-0.625309467,0.780376732,7.87689532e-06,-0.780376732,-0.625309467,-6.37100811e-06,-4.62891876e-08,-1.01307978e-05,1],"shapeName":"/levels/jungle_rock_island/art/shapes/race/dragstrip/dragStrip_irSensorBox.dae"}
{"name":"TSStatic_41","class":"TSStatic","__parent":"drag_strip_objects_core","position":[450.201935,-239.585938,159.996933],"isRenderEnabled":false,"rotationMatrix":[-0.627550364,0.778575838,7.88760826e-06,-0.778575838,-0.627550364,-6.35757806e-06,1.54614099e-11,-1.01308024e-05,1],"shapeName":"/levels/jungle_rock_island/art/shapes/race/dragstrip/dragStrip_FoamBlockReflector.dae"}
{"name":"TSStatic_421","class":"TSStatic","__parent":"drag_strip_objects_core","position":[578.41272,-397.615692,159.995316],"isRenderEnabled":false,"rotationMatrix":[-0.627550364,0.778575838,7.88760826e-06,-0.778575838,-0.627550364,-6.35757806e-06,1.54614099e-11,-1.01308024e-05,1],"shapeName":"/levels/jungle_rock_island/art/shapes/race/dragstrip/dragStrip_FoamBlockReflector.dae"}
{"name":"TSStatic_5121","class":"TSStatic","__parent":"drag_strip_objects_core","position":[585.432739,-391.990509,159.995422],"isRenderEnabled":false,"rotationMatrix":[-0.625309467,0.780376732,7.87689532e-06,-0.780376732,-0.625309467,-6.37100811e-06,-4.62891876e-08,-1.01307978e-05,1],"shapeName":"/levels/jungle_rock_island/art/shapes/race/dragstrip/dragStrip_irSensorBox.dae"}
{"name":"TSStatic_52111","class":"TSStatic","__parent":"drag_strip_objects_core","position":[627.766663,-472.686981,159.994644],"isRenderEnabled":false,"rotationMatrix":[0.628976226,-0.777424514,-7.84681652e-06,0.777424514,0.628976226,6.40801727e-06,-4.62887328e-08,-1.01307987e-05,1],"shapeName":"/levels/jungle_rock_island/art/shapes/race/dragstrip/dragStrip_irSensorBox.dae"}
{"name":"drag_stop","class":"BeamNGWaypoint","__parent":"drag_strip_objects_core","position":[798.485046,-671.5448,160.20163],"rotationMatrix":[0.629018724,0.777390122,0,-0.777390122,0.629018724,0,0,0,1],"scale":[4.31243896,4.31243896,4.31243896]}
{"name":"display_speed_5_r","class":"TSStatic","__parent":"drag_strip_objects_core","position":[630.572815,-479.831665,165.932877],"hidden":true,"isRenderEnabled":false,"rotationMatrix":[0.771339417,0.636424005,-4.54747351e-13,0.636424005,-0.771339536,-7.50232812e-06,-4.77466165e-06,5.78684194e-06,-1],"scale":[7.84633732,7.84633732,7.84633732],"shapeName":"art/shapes/quarter_mile_display/display_0.dae"}
{"name":"display_speed_4_r","class":"TSStatic","__parent":"drag_strip_objects_core","position":[631.441223,-479.253021,165.937592],"hidden":true,"isRenderEnabled":false,"rotationMatrix":[0.771339476,0.636423945,-4.84287739e-08,-0.636234641,0.771110058,-0.0243878644,-0.0155209824,0.0188113544,0.999702573],"scale":[8.3322773,8.3322773,8.3322773],"shapeName":"art/shapes/quarter_mile_display/display_4.dae"}
{"name":"display_speed_2_r","class":"TSStatic","__parent":"drag_strip_objects_core","position":[633.012878,-477.809845,165.950317],"hidden":true,"isRenderEnabled":false,"rotationMatrix":[0.771339417,0.636424005,-4.54747351e-13,0.636424005,-0.771339536,-7.50232812e-06,-4.77466165e-06,5.78684194e-06,-1],"scale":[7.30145025,7.30145025,7.30145025],"shapeName":"art/shapes/quarter_mile_display/display_7.dae"}
{"name":"display_speed_3_r","class":"TSStatic","__parent":"drag_strip_objects_core","position":[632.328796,-478.344147,165.903442],"hidden":true,"isRenderEnabled":false,"rotationMatrix":[0.774378896,0.632722139,4.13794369e-05,0.632722139,-0.774378657,-0.000197589092,-9.29756497e-05,0.000179190494,-0.999999762],"scale":[8.6329298,8.6329298,8.6329298],"shapeName":"art/shapes/quarter_mile_display/display_7.dae"}
{"name":"display_speed_period_l1","class":"TSStatic","__parent":"drag_strip_objects_core","position":[631.495178,-479.060883,165.273666],"isRenderEnabled":false,"rotationMatrix":[0.757806003,0.651118338,0.0421314724,0.652326524,-0.757447243,-0.027280394,0.014149596,0.0481567197,-0.998739839],"scale":[5.17380047,4.42098093,3.61031651],"shapeName":"/art/shapes/quarter_mile_display/display_period.dae"}
{"name":"display_time_5_r","class":"TSStatic","__parent":"drag_strip_objects_core","position":[630.563904,-479.964233,167.915543],"hidden":true,"isRenderEnabled":false,"rotationMatrix":[0.771339417,0.636423886,8.44011083e-10,-0.636423528,0.77133894,-0.00114067551,-0.000725953956,0.000879847445,0.999999344],"scale":[5.37084961,5.37084961,5.37084961],"shapeName":"art/shapes/quarter_mile_display/display_4.dae"}
{"name":"display_time_4_r","class":"TSStatic","__parent":"drag_strip_objects_core","position":[631.217041,-479.337189,167.744568],"hidden":true,"isRenderEnabled":false,"rotationMatrix":[0.752215683,0.658659637,0.0184120368,0.658677995,-0.752401948,0.00590893626,0.0177452285,0.00768280774,-0.999813199],"scale":[8.06940937,1,8.06940937],"shapeName":"art/shapes/quarter_mile_display/display_3.dae"}
{"name":"display_time_3_r","class":"TSStatic","__parent":"drag_strip_objects_core","position":[631.860535,-478.798981,167.72757],"hidden":true,"isRenderEnabled":false,"rotationMatrix":[0.790263772,0.61243993,-0.0200115219,0.612609565,-0.790379167,0.00316354772,-0.0138792098,-0.0147592872,-0.999794483],"scale":[6.52073145,1,8.20684433],"shapeName":"art/shapes/quarter_mile_display/display_0.dae"}
{"name":"display_time_1_r","class":"TSStatic","__parent":"drag_strip_objects_core","position":[633.677002,-477.257812,167.725143],"hidden":true,"isRenderEnabled":false,"rotationMatrix":[0.759695768,0.650133967,0.0137136485,0.650185704,-0.759774566,0.000876682112,0.010989245,0.00825040787,-0.999905348],"scale":[6.09398746,1,9.67794609],"shapeName":"art/shapes/quarter_mile_display/display_empty.dae"}
{"name":"dragstrip_tree_hirochi","class":"TSStatic","__parent":"drag_strip_objects_core","position":[395.60025,-172.227814,160.652435],"isRenderEnabled":false,"rotationMatrix":[0.638039529,-0.770003557,-1.40288194e-07,0.770003557,0.638039529,-1.01298301e-05,7.88951547e-06,6.35520882e-06,1],"shapeName":"/art/shapes/race/dragstrip/dragstrip_tree_hirochi.dae","useInstanceRenderData":true}
{"name":"Prestagelight_2","class":"TSStatic","__parent":"drag_strip_objects_core","position":[395.811096,-171.891296,163.371857],"hidden":true,"isRenderEnabled":false,"rotationMatrix":[0.810723782,0.585284293,-0.0130067114,-0.585350454,0.810051858,-0.0343630463,-0.00957604311,0.0354724228,0.999324799],"scale":[0.610085487,0.705810547,0.705810547],"shapeName":"/levels/jungle_rock_island/art/shapes/race/dragstrip/prestagelight.dae","useInstanceRenderData":true}
{"name":"drag_2_timerboard","internalName":"drag_2_timerboard","class":"TSStatic","__parent":"drag_strip_objects_core","position":[646.460388,-467.615295,153.062836],"isRenderEnabled":false,"rotationMatrix":[-0.790854216,-0.612004817,-5.64375978e-06,0.612004817,-0.790854216,-8.41317069e-06,6.85509804e-07,-1.01075975e-05,1],"shapeName":"/levels/jungle_rock_island/art/shapes/race/dragstrip/timerboard.dae","useInstanceRenderData":true}
{"name":"Redlight_1","class":"TSStatic","__parent":"drag_strip_objects_core","position":[395.136932,-172.113388,161.755783],"hidden":true,"isRenderEnabled":false,"rotationMatrix":[-0.818375587,0.574679255,-0.00218611956,-0.0147568583,-0.017211318,0.999742806,0.574493945,0.818197548,0.0225660205],"scale":[0.0523930788,1,1.00581169],"shapeName":"/levels/jungle_rock_island/art/shapes/race/dragstrip/christmas_tree_light_red.dae","useInstanceRenderData":true}
{"name":"Greenlight_1","class":"TSStatic","__parent":"drag_strip_objects_core","position":[395.13443,-172.115662,162.003326],"hidden":true,"isRenderEnabled":false,"rotationMatrix":[0.814173222,-0.580554485,-0.00885185599,-0.0188847482,-0.0112404823,-0.999758422,0.580314755,0.814143717,-0.0201153755],"scale":[0.0513279438,1,1],"shapeName":"/levels/jungle_rock_island/art/shapes/race/dragstrip/christmas_tree_light_green.dae","useInstanceRenderData":true}
{"name":"BlueLight","class":"TSStatic","__parent":"drag_strip_objects_core","position":[395.473785,-172.0522,163.021347],"hidden":true,"isRenderEnabled":false,"rotationMatrix":[-0.614287972,0.789081812,-2.38418579e-07,-0.0279356837,-0.0217477083,-0.999373078,-0.788587153,-0.613902926,0.0354030132],"shapeName":"/levels/jungle_rock_island/art/shapes/race/dragstrip/christmas_tree_light_blue.dae","useInstanceRenderData":true}
{"name":"Amberlight2_2","class":"TSStatic","__parent":"drag_strip_objects_core","position":[395.596924,-171.721405,162.514816],"hidden":true,"isRenderEnabled":false,"rotationMatrix":[0.417126536,-0.908846617,0.00182083249,-0.009978652,-0.0065830946,-0.999928594,0.908793688,0.417078525,-0.0118150711],"scale":[0.0161675215,1,1],"shapeName":"/levels/jungle_rock_island/art/shapes/race/dragstrip/christmas_tree_light_amber.dae","useInstanceRenderData":true}
{"name":"Amberlight3_1","class":"TSStatic","__parent":"drag_strip_objects_core","position":[395.140808,-172.120956,162.260712],"hidden":true,"isRenderEnabled":false,"rotationMatrix":[0.8143121,-0.580427289,2.08616257e-07,0.00760856271,0.0106742978,-0.999913931,0.58037734,0.814242005,0.0131084323],"scale":[0.0686164796,0.995800853,0.995800853],"shapeName":"/levels/jungle_rock_island/art/shapes/race/dragstrip/christmas_tree_light_amber.dae","useInstanceRenderData":true}
{"name":"Amberlight1_1","class":"TSStatic","__parent":"drag_strip_objects_core","position":[395.121704,-172.104202,162.778],"hidden":true,"isRenderEnabled":false,"rotationMatrix":[0.882641375,-0.46934551,0.0256701559,0.0409129858,0.0223061442,-0.998913467,0.46826303,0.88273257,0.0388907194],"scale":[0.0172162056,1,1],"shapeName":"/levels/jungle_rock_island/art/shapes/race/dragstrip/christmas_tree_light_amber.dae","useInstanceRenderData":true}
{"name":"Prestagelight_1","class":"TSStatic","__parent":"drag_strip_objects_core","position":[395.281281,-172.372147,163.383286],"hidden":true,"isRenderEnabled":false,"rotationMatrix":[0.810723782,0.585284293,-0.0130067114,-0.585350454,0.810051858,-0.0343630463,-0.00957604311,0.0354724228,0.999324799],"scale":[0.735661387,1,1],"shapeName":"/levels/jungle_rock_island/art/shapes/race/dragstrip/prestagelight.dae","useInstanceRenderData":true}
{"name":"Stagelight_2","class":"TSStatic","__parent":"drag_strip_objects_core","position":[395.810669,-171.888321,163.047485],"hidden":true,"isRenderEnabled":false,"rotationMatrix":[0.810723782,0.585284293,-0.0130067114,-0.585350454,0.810051858,-0.0343630463,-0.00957604311,0.0354724228,0.999324799],"scale":[0.69969821,0.673242331,0.765647709],"shapeName":"/levels/jungle_rock_island/art/shapes/race/dragstrip/prestagelight.dae","useInstanceRenderData":true}
{"name":"drag_1_timerboard","internalName":"drag_1_timerboard","class":"TSStatic","__parent":"drag_strip_objects_core","position":[632.234253,-479.062531,153.093643],"isRenderEnabled":false,"rotationMatrix":[-0.771339297,-0.636424005,-6.19705952e-06,0.636424005,-0.771339297,-8.01439091e-06,3.20515028e-07,-1.0125772e-05,1],"shapeName":"/levels/jungle_rock_island/art/shapes/race/dragstrip/timerboard.dae","useInstanceRenderData":true}
{"name":"Redlight_2","class":"TSStatic","__parent":"drag_strip_objects_core","position":[395.607819,-171.730606,161.763138],"hidden":true,"isRenderEnabled":false,"rotationMatrix":[0.415152073,-0.909519017,0.0205878019,-0.0458084941,0.00170278549,0.998948693,-0.908598006,-0.415658683,-0.0409567356],"scale":[0.065810442,1.00921166,1.08202446],"shapeName":"/levels/jungle_rock_island/art/shapes/race/dragstrip/christmas_tree_light_red.dae","useInstanceRenderData":true}
{"name":"Greenlight_2","class":"TSStatic","__parent":"drag_strip_objects_core","position":[395.602753,-171.709457,162.014511],"hidden":true,"isRenderEnabled":false,"rotationMatrix":[0.336969018,-0.939457715,-0.0622196496,-0.0625277162,0.0436087847,-0.997090161,0.93943727,0.339878976,-0.0440473557],"scale":[0.0202203989,0.989819288,0.989819288],"shapeName":"/levels/jungle_rock_island/art/shapes/race/dragstrip/christmas_tree_light_green.dae","useInstanceRenderData":true}
{"name":"Amberlight3_2","class":"TSStatic","__parent":"drag_strip_objects_core","position":[395.595062,-171.718216,162.263351],"hidden":true,"isRenderEnabled":false,"rotationMatrix":[0.468352854,-0.883520424,-0.00610485673,0.0531840324,0.0350884199,-0.997968078,0.881939411,0.46707654,0.0634229183],"scale":[0.0209958553,1,1],"shapeName":"/levels/jungle_rock_island/art/shapes/race/dragstrip/christmas_tree_light_amber.dae","useInstanceRenderData":true}
{"name":"Amberlight1_2","class":"TSStatic","__parent":"drag_strip_objects_core","position":[395.600403,-171.727417,162.77182],"hidden":true,"isRenderEnabled":false,"rotationMatrix":[0.444467485,-0.889081001,0.109469712,0.0750069916,-0.0848374367,-0.993567586,0.892649233,0.449819446,0.0289798379],"scale":[0.0598564148,1,1],"shapeName":"/levels/jungle_rock_island/art/shapes/race/dragstrip/christmas_tree_light_amber.dae","useInstanceRenderData":true}
{"name":"Amberlight2_1","class":"TSStatic","__parent":"drag_strip_objects_core","position":[395.134247,-172.117249,162.519836],"hidden":true,"isRenderEnabled":false,"rotationMatrix":[0.827450514,-0.56066072,0.031388253,0.0245717168,-0.019692421,-0.999504089,0.561000824,0.82781136,-0.00251805782],"scale":[0.069901824,0.982214451,0.982214451],"shapeName":"/levels/jungle_rock_island/art/shapes/race/dragstrip/christmas_tree_light_amber.dae","useInstanceRenderData":true}
{"name":"Stagelight_1","class":"TSStatic","__parent":"drag_strip_objects_core","position":[395.280396,-172.364029,163.042236],"hidden":true,"isRenderEnabled":false,"rotationMatrix":[0.810723782,0.585284293,-0.0130067114,-0.585350454,0.810051858,-0.0343630463,-0.00957604311,0.0354724228,0.999324799],"scale":[0.651617527,0.984413147,0.861893296],"shapeName":"/levels/jungle_rock_island/art/shapes/race/dragstrip/prestagelight.dae","useInstanceRenderData":true}
{"name":"display_time_2_r","class":"TSStatic","__parent":"drag_strip_objects_core","position":[632.979309,-477.889435,167.729431],"hidden":true,"isRenderEnabled":false,"rotationMatrix":[0.759695768,0.650133967,0.0137136485,0.650185704,-0.759774566,0.000876682112,0.010989245,0.00825040787,-0.999905348],"scale":[6.73057222,1,9.74447346],"shapeName":"art/shapes/quarter_mile_display/display_8.dae"}
{"name":"display_time_1_l","class":"TSStatic","__parent":"drag_strip_objects_core","position":[648.022034,-465.791443,167.725143],"hidden":true,"isRenderEnabled":false,"rotationMatrix":[0.781391978,0.623889744,0.0137136476,0.623938739,-0.781472445,0.000876681646,0.0112637943,0.00787144527,-0.999905348],"scale":[6.09398746,1,9.67794609],"shapeName":"art/shapes/quarter_mile_display/display_empty.dae"}
{"name":"display_time_2_l","class":"TSStatic","__parent":"drag_strip_objects_core","position":[647.303223,-466.398926,167.729431],"hidden":true,"isRenderEnabled":false,"rotationMatrix":[0.781391978,0.623889744,0.0137136476,0.623938739,-0.781472445,0.000876681646,0.0112637943,0.00787144527,-0.999905348],"scale":[6.73057222,1,9.74447346],"shapeName":"art/shapes/quarter_mile_display/display_7.dae"}
{"name":"display_time_3_l","class":"TSStatic","__parent":"drag_strip_objects_core","position":[646.154114,-467.269867,167.72757],"hidden":true,"isRenderEnabled":false,"rotationMatrix":[0.810658813,0.585176766,-0.0200115219,0.585342348,-0.810779929,0.00316354679,-0.0143737085,-0.0142781492,-0.999794722],"scale":[6.52073145,1,8.20684433],"shapeName":"art/shapes/quarter_mile_display/display_9.dae"}
{"name":"display_time_4_l","class":"TSStatic","__parent":"drag_strip_objects_core","position":[645.492676,-467.785828,167.744568],"hidden":true,"isRenderEnabled":false,"rotationMatrix":[0.774206579,0.632665098,0.0184120331,0.632677019,-0.774392962,0.00590893487,0.0179965291,0.00707413582,-0.999812841],"scale":[8.06940937,1,8.06940937],"shapeName":"art/shapes/quarter_mile_display/display_8.dae"}
{"name":"display_time_5_l","class":"TSStatic","__parent":"drag_strip_objects_core","position":[644.750061,-468.475891,167.898743],"hidden":true,"isRenderEnabled":false,"rotationMatrix":[0.792562068,0.609791219,-8.14907253e-10,-0.609779656,0.792546988,-0.00616054935,-0.00375664886,0.00488261832,0.999981046],"scale":[5.49433661,5.49433661,5.49433661],"shapeName":"art/shapes/quarter_mile_display/display_9.dae"}
{"name":"display_time_period_l","class":"TSStatic","__parent":"drag_strip_objects_core","position":[646.317566,-467.151276,167.102081],"isRenderEnabled":false,"rotationMatrix":[0.779536843,0.624937773,0.0421314649,0.626157522,-0.77921927,-0.0272803884,0.0157811008,0.0476469994,-0.998739719],"scale":[5.17380047,4.42098093,3.61031651],"shapeName":"/art/shapes/quarter_mile_display/display_period.dae"}
{"name":"display_speed_1_r","class":"TSStatic","__parent":"drag_strip_objects_core","position":[633.792297,-477.148407,165.903519],"hidden":true,"isRenderEnabled":false,"rotationMatrix":[0.774378896,0.632722139,4.13794369e-05,0.632722139,-0.774378657,-0.000197589092,-9.29756497e-05,0.000179190494,-0.999999762],"scale":[8.6329298,8.6329298,8.6329298],"shapeName":"art/shapes/quarter_mile_display/display_1.dae"}
{"name":"display_time_period_l1","class":"TSStatic","__parent":"drag_strip_objects_core","position":[632.019836,-478.674896,167.102081],"isRenderEnabled":false,"rotationMatrix":[0.757701337,0.652599692,-0.00150623731,0.652326465,-0.757446647,-0.0272803865,-0.0189440697,0.019687824,-0.999626398],"scale":[5.17380047,4.42098093,3.61031651],"shapeName":"/art/shapes/quarter_mile_display/display_period.dae"}
{"name":"display_speed_1_l","class":"TSStatic","__parent":"drag_strip_objects_core","position":[648.064087,-465.769501,165.881409],"hidden":true,"isRenderEnabled":false,"rotationMatrix":[0.796393156,0.604779303,4.1112613e-05,0.604779303,-0.796393394,-0.000197583082,-8.6752334e-05,0.00018221786,-1.00000024],"scale":[8.6329298,8.6329298,8.6329298],"shapeName":"art/shapes/quarter_mile_display/display_1.dae"}
{"name":"display_speed_period_l","class":"TSStatic","__parent":"drag_strip_objects_core","position":[645.700378,-467.59906,165.251556],"isRenderEnabled":false,"rotationMatrix":[0.780485034,0.623753309,0.0421312079,0.624973536,-0.780169845,-0.0272803903,0.0158532467,0.0476228222,-0.998740196],"scale":[5.17380047,4.42098093,3.61031651],"shapeName":"/art/shapes/quarter_mile_display/display_period.dae"}
{"name":"display_speed_2_l","class":"TSStatic","__parent":"drag_strip_objects_core","position":[647.261597,-466.402802,165.928207],"hidden":true,"isRenderEnabled":false,"rotationMatrix":[0.793487251,0.608586907,-2.66837105e-07,0.608586907,-0.79348743,-7.4975801e-06,-4.77466074e-06,5.78684057e-06,-1.00000024],"scale":[7.30145025,7.30145025,7.30145025],"shapeName":"art/shapes/quarter_mile_display/display_7.dae"}
{"name":"display_speed_3_l","class":"TSStatic","__parent":"drag_strip_objects_core","position":[646.55896,-466.912445,165.881332],"hidden":true,"isRenderEnabled":false,"rotationMatrix":[0.796393156,0.604779303,4.1112613e-05,0.604779303,-0.796393394,-0.000197583082,-8.6752334e-05,0.00018221786,-1.00000024],"scale":[8.6329298,8.6329298,8.6329298],"shapeName":"art/shapes/quarter_mile_display/display_3.dae"}
{"name":"display_speed_4_l","class":"TSStatic","__parent":"drag_strip_objects_core","position":[645.639648,-467.789185,165.915482],"hidden":true,"isRenderEnabled":false,"rotationMatrix":[0.79348743,0.608586609,-3.13390046e-07,-0.60840565,0.793251395,-0.0243878663,-0.0148418806,0.0193516575,0.999702573],"scale":[8.3322773,8.3322773,8.3322773],"shapeName":"art/shapes/quarter_mile_display/display_2.dae"}
{"name":"display_speed_5_l","class":"TSStatic","__parent":"drag_strip_objects_core","position":[644.75116,-468.336578,165.910767],"hidden":true,"isRenderEnabled":false,"rotationMatrix":[0.793487251,0.608586907,-2.66837105e-07,0.608586907,-0.79348743,-7.4975801e-06,-4.77466074e-06,5.78684057e-06,-1.00000024],"scale":[7.84633732,7.84633732,7.84633732],"shapeName":"art/shapes/quarter_mile_display/display_4.dae"}
{"name":"TSStatic_55","class":"TSStatic","__parent":"drag_strip_objects_core","position":[390.964233,-180.834564,159.997574],"isRenderEnabled":false,"rotationMatrix":[0.628976226,-0.777424514,-7.84681652e-06,0.777424514,0.628976226,6.40801727e-06,-4.62887328e-08,-1.01307987e-05,1],"shapeName":"/levels/jungle_rock_island/art/shapes/race/dragstrip/dragStrip_irSensorBox.dae"}
{"name":"p_dragstrip_start_guardrail_unpacked","class":"SimGroup","__parent":"drag_strip_objects_core","groupPosition":"0 0 0","prefab_filename":"/levels/hirochi_raceway/art/prefabs/p_dragstrip_start_guardrail.prefab.json","prefab_loadmode":"auto","prefab_name":"p_dragstrip_start_guardrail","prefab_position":"0.000000 0.000000 0.000000","unpacked_prefab":"1"}
