{"class":"TSStatic","persistentId":"9396cb6c-0ac5-4069-b48a-bb3655f1a63b","__parent":"Observatory","position":[-856.818909,787.916809,185.910034],"annotation":"OBSTACLES","isRenderEnabled":false,"shapeName":"/levels/jungle_rock_island/art/shapes/buildings/industrial_clutters/metal_drum_old_a.DAE","useInstanceRenderData":true}
{"class":"TSStatic","persistentId":"db06ab19-2471-44cb-a9fa-e8aeb2475060","__parent":"Observatory","position":[-826.60083,775.587646,186.99855],"annotation":"OBSTACLES","isRenderEnabled":false,"shapeName":"/levels/jungle_rock_island/art/shapes/buildings/debris/big_pile_angle.DAE","useInstanceRenderData":true}
{"class":"TSStatic","persistentId":"a8b4bf37-c027-4d7e-befb-f4fe6cba3a94","__parent":"Observatory","position":[-829.063171,774.707092,186.944534],"annotation":"OBSTACLES","isRenderEnabled":false,"shapeName":"/levels/jungle_rock_island/art/shapes/buildings/debris/metal_pile.DAE","useInstanceRenderData":true}
{"class":"TSStatic","persistentId":"a98924b5-9d36-4fd7-bbe1-32ae6b5e3441","__parent":"Observatory","position":[-830.483704,776.138062,187.03981],"annotation":"OBSTACLES","isRenderEnabled":false,"shapeName":"/levels/jungle_rock_island/art/shapes/buildings/debris/small_pile_b.DAE","useInstanceRenderData":true}
{"class":"TSStatic","persistentId":"899014e6-2d84-4b74-ab5e-742af02b3e79","__parent":"Observatory","position":[-827.39917,774.213257,186.99855],"annotation":"OBSTACLES","isRenderEnabled":false,"shapeName":"/levels/jungle_rock_island/art/shapes/buildings/debris/big_pile.DAE","useInstanceRenderData":true}
{"class":"TSStatic","persistentId":"ec827447-2521-4ba2-b7fc-aff7e00acd48","__parent":"Observatory","position":[-825.802917,774.271667,186.99855],"annotation":"OBSTACLES","isRenderEnabled":false,"shapeName":"/levels/jungle_rock_island/art/shapes/buildings/debris/small_pile_c.DAE","useInstanceRenderData":true}
{"class":"TSStatic","persistentId":"59971f2c-889a-414e-8321-1ccd3cb6a62f","__parent":"Observatory","position":[-825.766418,772.84845,186.99855],"annotation":"OBSTACLES","isRenderEnabled":false,"shapeName":"/levels/jungle_rock_island/art/shapes/buildings/debris/small_pile_a.DAE","useInstanceRenderData":true}
{"class":"TSStatic","persistentId":"30014d8d-73e0-4421-a087-82db1ca43250","__parent":"Observatory","position":[-832.300903,779.080505,185.910049],"annotation":"OBSTACLES","isRenderEnabled":false,"shapeName":"/levels/jungle_rock_island/art/shapes/buildings/debris/debris_b_col_small.DAE","useInstanceRenderData":true}
{"class":"TSStatic","persistentId":"3573c070-787c-45a6-96d2-100ab62815ee","__parent":"Observatory","position":[-829.715088,778.883545,186.065857],"annotation":"OBSTACLES","isRenderEnabled":false,"rotationMatrix":[0.622207403,0.782852352,0,-0.782852352,0.622207403,0,0,0,1],"shapeName":"/levels/jungle_rock_island/art/shapes/buildings/debris/debris_b_col_big.DAE","useInstanceRenderData":true}
{"class":"TSStatic","persistentId":"b5c0ab7d-6373-4416-89e4-cb8f05aea1c2","__parent":"Observatory","position":[-831.361023,779.077576,185.920197],"annotation":"OBSTACLES","isRenderEnabled":false,"shapeName":"/levels/jungle_rock_island/art/shapes/buildings/debris/small_pile_b.DAE","useInstanceRenderData":true}
{"class":"TSStatic","persistentId":"41212602-a036-4c9e-b58f-5029bcdfb72d","__parent":"Observatory","position":[-828.860901,779.073853,185.913177],"annotation":"OBSTACLES","isRenderEnabled":false,"shapeName":"/levels/jungle_rock_island/art/shapes/buildings/debris/debris_a_f.DAE","useInstanceRenderData":true}
{"class":"TSStatic","persistentId":"d875f641-1cb5-45cf-afdb-6e8170537e8d","__parent":"Observatory","position":[-827.994141,778.635071,186.242432],"annotation":"OBSTACLES","isRenderEnabled":false,"rotationMatrix":[0.962934971,-0.269733578,0,0.24468191,0.873501837,-0.420862079,0.113520637,0.405262828,0.9071244],"shapeName":"/levels/jungle_rock_island/art/shapes/buildings/debris/debris_a_b.DAE","useInstanceRenderData":true}
{"class":"TSStatic","persistentId":"f2e50c75-334a-41f5-a0ac-a7f03757feed","__parent":"Observatory","position":[-829.445679,777.83667,186.580582],"annotation":"OBSTACLES","isRenderEnabled":false,"rotationMatrix":[1,0,0,0,0.924098849,-0.382152796,0,0.382152796,0.924098849],"shapeName":"/levels/jungle_rock_island/art/shapes/buildings/debris/debris_b_a.DAE","useInstanceRenderData":true}
{"class":"TSStatic","persistentId":"e4512841-7b36-4780-982e-f940e438f65c","__parent":"Observatory","position":[-830.324036,778.679077,185.910019],"annotation":"OBSTACLES","isRenderEnabled":false,"shapeName":"/levels/jungle_rock_island/art/shapes/buildings/debris/small_pile_c.DAE","useInstanceRenderData":true}
{"class":"TSStatic","persistentId":"91d1959e-80e9-4822-9298-d1d920619f31","__parent":"Observatory","position":[-828.232544,778.943604,185.910034],"annotation":"OBSTACLES","isRenderEnabled":false,"shapeName":"/levels/jungle_rock_island/art/shapes/buildings/debris/small_pile_d.DAE","useInstanceRenderData":true}
{"class":"TSStatic","persistentId":"772ff203-664b-40f8-9788-c04a913e3e83","__parent":"Observatory","position":[-835.820679,778.681152,185.910034],"annotation":"OBSTACLES","isRenderEnabled":false,"shapeName":"/levels/jungle_rock_island/art/shapes/buildings/debris/debris_m_barrel_a.DAE","useInstanceRenderData":true}
{"class":"TSStatic","persistentId":"caabcd6b-af76-47fb-9f34-bd46f2cd02e5","__parent":"Observatory","position":[-835.084839,778.687988,185.910034],"annotation":"OBSTACLES","isRenderEnabled":false,"shapeName":"/levels/jungle_rock_island/art/shapes/buildings/debris/small_pile_b.DAE","useInstanceRenderData":true}
{"class":"TSStatic","persistentId":"b1e1c548-7426-4b9f-ade8-cd041911450d","__parent":"Observatory","position":[-837.394775,777.59082,186.99855],"annotation":"OBSTACLES","isRenderEnabled":false,"shapeName":"/levels/jungle_rock_island/art/shapes/buildings/industrial_clutters/ind_clutter_mix.DAE","useInstanceRenderData":true}
{"class":"TSStatic","persistentId":"c06239b5-39de-4b82-9f40-dfa83ab110a8","__parent":"Observatory","position":[-825.553589,771.618774,187.178757],"annotation":"OBSTACLES","isRenderEnabled":false,"shapeName":"/levels/jungle_rock_island/art/shapes/buildings/debris/debris_m_pipe.DAE","useInstanceRenderData":true}
{"class":"TSStatic","persistentId":"c418b1dd-38d5-43c1-b608-04f72ca4b468","__parent":"Observatory","position":[-826.634583,771.289001,186.97438],"annotation":"OBSTACLES","isRenderEnabled":false,"shapeName":"/levels/jungle_rock_island/art/shapes/buildings/debris/medium_pile.DAE","useInstanceRenderData":true}
{"class":"TSStatic","persistentId":"b9616fb0-e148-4f9c-a4ff-e7c6fc7c22ea","__parent":"Observatory","position":[-827.400635,769.553772,187.323273],"annotation":"OBSTACLES","isRenderEnabled":false,"rotationMatrix":[0.971663117,0.0883734748,0.219227985,0.0883734748,0.724391997,-0.683700442,-0.219227985,0.683700442,0.696055114],"shapeName":"/levels/jungle_rock_island/art/shapes/buildings/debris/debris_a_a.DAE","useInstanceRenderData":true}
{"class":"TSStatic","persistentId":"29f528bd-8c86-4d0d-99f9-8976868d3ffc","__parent":"Observatory","position":[-830.531494,774.729919,187.112656],"annotation":"OBSTACLES","isRenderEnabled":false,"rotationMatrix":[0.560485005,0.811700761,-0.164311677,-0.77891928,0.584073544,0.228347808,0.281320184,0,0.9596138],"shapeName":"/levels/jungle_rock_island/art/shapes/buildings/debris/debris_a_b.DAE","useInstanceRenderData":true}
{"class":"TSStatic","persistentId":"e572e1e6-da29-49df-8c8d-3363904f3b44","__parent":"Observatory","position":[-828.880798,776.085876,186.913788],"annotation":"OBSTACLES","isRenderEnabled":false,"scale":[1.73692536,1.73692536,1.73692536],"shapeName":"/levels/jungle_rock_island/art/shapes/buildings/debris/debris_a_c.DAE","useInstanceRenderData":true}
{"class":"TSStatic","persistentId":"9e3928eb-b03d-4507-910b-d51d644bab71","__parent":"Observatory","position":[-831.321777,773.809753,187.116516],"annotation":"OBSTACLES","isRenderEnabled":false,"rotationMatrix":[0.992040098,0.00785685983,-0.12567699,0.00785685983,0.99224484,0.124050118,0.12567699,-0.124050118,0.984284937],"shapeName":"/levels/jungle_rock_island/art/shapes/buildings/debris/debris_a_d.DAE","useInstanceRenderData":true}
{"class":"TSStatic","persistentId":"66fe4e68-5a77-4299-b079-d71f04755c84","__parent":"Observatory","position":[-829.955383,775.571228,186.999207],"annotation":"OBSTACLES","isRenderEnabled":false,"shapeName":"/levels/jungle_rock_island/art/shapes/buildings/debris/debris_a_e.DAE","useInstanceRenderData":true}
{"class":"TSStatic","persistentId":"bd6b2d13-c5b1-44c3-93db-a9b16e87f6f5","__parent":"Observatory","position":[-827.16449,771.152954,186.99855],"annotation":"OBSTACLES","isRenderEnabled":false,"shapeName":"/levels/jungle_rock_island/art/shapes/buildings/debris/debris_a_d.DAE","useInstanceRenderData":true}
{"class":"TSStatic","persistentId":"6a25e11c-59a7-45be-8f72-bf1df2b9fa07","__parent":"Observatory","position":[-832.426636,775.641113,187.445801],"annotation":"OBSTACLES","isRenderEnabled":false,"shapeName":"/levels/jungle_rock_island/art/shapes/buildings/debris/debris_a_d.DAE","useInstanceRenderData":true}
{"class":"TSStatic","persistentId":"6c505d27-bc86-4289-b68a-d97cddc6ac2a","__parent":"Observatory","position":[-830.534668,773.236755,187.210373],"annotation":"OBSTACLES","isRenderEnabled":false,"rotationMatrix":[1,0,0,0,0.679271221,-0.733887315,0,0.733887315,0.679271221],"shapeName":"/levels/jungle_rock_island/art/shapes/buildings/debris/debris_a_e.DAE","useInstanceRenderData":true}
{"class":"TSStatic","persistentId":"9f0a3433-3ddf-469a-9253-b27d609fba75","__parent":"Observatory","position":[-832.393494,774.274658,187.408997],"annotation":"OBSTACLES","isRenderEnabled":false,"shapeName":"/levels/jungle_rock_island/art/shapes/buildings/debris/debris_b_a.DAE","useInstanceRenderData":true}
{"class":"TSStatic","persistentId":"7c8f53b5-7e67-439e-89e9-82980b9aa549","__parent":"Observatory","position":[-834.416016,774.973206,188.786407],"annotation":"OBSTACLES","isRenderEnabled":false,"rotationMatrix":[0.655395269,0.285527825,-0.699235857,-0.178110972,0.958107233,0.224292248,0.733984649,-0.0224584788,0.678794622],"shapeName":"/levels/jungle_rock_island/art/shapes/buildings/debris/debris_b_b.DAE","useInstanceRenderData":true}
{"class":"TSStatic","persistentId":"8f0ba29b-4bd2-477d-9561-f048e5b41e7e","__parent":"Observatory","position":[-831.682312,772.295898,188.244827],"annotation":"OBSTACLES","isRenderEnabled":false,"rotationMatrix":[0.922047853,0.3313528,-0.200081959,-0.387075543,0.789311409,-0.476612747,0,0.516906738,0.85604167],"shapeName":"/levels/jungle_rock_island/art/shapes/buildings/debris/debris_b_b.DAE","useInstanceRenderData":true}
{"class":"DecalRoad","persistentId":"8fb5229c-e20c-4b89-980d-0998298cf46f","__parent":"Observatory","position":[-822.956482,802.575806,185.911774],"distanceFade":[150,50],"improvedSpline":true,"material":"grassy_edge_01","nodes":[[-822.956482,802.575806,185.911774,2],[-819.666138,803.011353,185.846375,2]],"renderPriority":8,"startEndFade":[1,1],"textureLength":8}
{"class":"TSStatic","persistentId":"2f402f5c-725c-4d9b-8083-aea570d7d111","__parent":"Observatory","position":[-839.930969,792.762024,185.910034],"annotation":"OBSTACLES","isRenderEnabled":false,"shapeName":"/levels/jungle_rock_island/art/shapes/buildings/jri_observatory_statue.dae","useInstanceRenderData":true}
{"class":"DecalRoad","persistentId":"1baceeb0-b157-48dd-9d1a-67e0e2a27ba8","__parent":"Observatory","position":[-842.61731,828.309448,185.595703],"distanceFade":[150,50],"improvedSpline":true,"material":"asphalt_decayed","nodes":[[-842.61731,828.309448,185.595703,4],[-831.615845,822.462219,185.932312,4],[-826.028564,813.354553,185.910034,4.0999999],[-824.250122,799.475098,185.910034,4.0999999]],"renderPriority":11,"startEndFade":[5,5],"textureLength":20}
{"class":"DecalRoad","persistentId":"3b381bc6-f878-425e-a6c6-9b6e086639a4","__parent":"Observatory","position":[-841.793762,824.969299,185.711319],"distanceFade":[150,50],"improvedSpline":true,"material":"tread_marks_damaged_03","nodes":[[-841.793762,824.969299,185.711319,4.0999999],[-829.88855,818.999451,185.910034,4.19999981],[-825.719116,804.08728,185.910034,4.19999981]],"renderPriority":12,"startEndFade":[5,5],"textureLength":16}
{"class":"DecalRoad","persistentId":"1b8b8d61-e674-46aa-80f7-7a0108995185","__parent":"Observatory","position":[-840.001953,831.765503,185.549362],"distanceFade":[150,50],"improvedSpline":true,"material":"grassy_edge_01","nodes":[[-840.001953,831.765503,185.549362,2],[-837.195374,827.96759,186.194519,2],[-829.158569,823.8927,186.437531,2],[-825.312622,818.88324,186.125,2],[-822.835144,809.075623,186.037964,2],[-822.038879,801.907532,185.926834,2]],"renderPriority":8,"startEndFade":[1,1],"textureLength":8}
{"class":"TSStatic","persistentId":"6b33b6ef-3166-4624-879c-a7a32ee0a2a0","__parent":"Observatory","position":[-838.945068,770.978394,185.99855],"annotation":"BUILDINGS","decalType":"Visible Mesh Final","isRenderEnabled":false,"rotationMatrix":[0.999516845,0.0310798939,0,-0.0310798939,0.999516845,0,0,0,1],"shapeName":"/levels/jungle_rock_island/art/shapes/buildings/jri_observatory_base.dae","useInstanceRenderData":true}
{"class":"TSStatic","persistentId":"0f6f5b2e-0efc-4c57-88b2-e31c3ae4cb86","__parent":"Observatory","position":[-863.770996,797.089417,186.001663],"annotation":"BUILDINGS","decalType":"Visible Mesh Final","isRenderEnabled":false,"rotationMatrix":[-3.2584137e-07,-1,0,1,-3.2584137e-07,0,0,0,1],"shapeName":"/levels/jungle_rock_island/art/shapes/buildings/jri_observatory_small.dae","useInstanceRenderData":true}
