{"class":"TSStatic","persistentId":"7a97d704-7be5-44ba-aafa-e29cbbc41d7d","__parent":"rocks_sam","position":[488.490204,-160.695007,202.229691],"annotation":"ROCK","isRenderEnabled":false,"rotationMatrix":[0.509803653,-0.860290647,0,0.860290647,0.509803653,0,0,0,1],"shapeName":"/levels/jungle_rock_island/art/shapes/rocks/pac_rock_large_1.dae","useInstanceRenderData":true}
{"class":"TSStatic","persistentId":"e8b4b65e-a9db-4778-a5b5-6d04b798355b","__parent":"rocks_sam","position":[491.004181,-163.504379,201.537552],"annotation":"ROCK","isRenderEnabled":false,"rotationMatrix":[0.755422652,-0.633912504,-0.165804431,-0.623585641,-0.773230195,0.115133069,-0.20118928,0.0164191425,-0.979414642],"shapeName":"/levels/jungle_rock_island/art/shapes/rocks/pac_rock_large_1.dae","useInstanceRenderData":true}
{"class":"TSStatic","persistentId":"df7373d8-17ae-47fb-a80d-61f38331e740","__parent":"rocks_sam","position":[487.974854,-163.454742,196.224548],"annotation":"ROCK","isRenderEnabled":false,"rotationMatrix":[0.755422652,-0.633912504,-0.165804431,-0.452269197,-0.68754977,0.568091094,-0.474118888,-0.354160696,-0.806089997],"scale":[1.9075222,1.9075222,1.9075222],"shapeName":"/levels/jungle_rock_island/art/shapes/rocks/pac_rock_large_1.dae","useInstanceRenderData":true}
{"class":"TSStatic","persistentId":"610e3521-0233-47c8-9db2-916e3aaf4cf5","__parent":"rocks_sam","position":[502.429871,-178.196671,197.523102],"annotation":"ROCK","isRenderEnabled":false,"rotationMatrix":[-0.0507030822,0.998713732,0,-0.892600834,-0.0453159027,0.448564321,0.447987348,0.0227435939,0.893750429],"shapeName":"/levels/jungle_rock_island/art/shapes/rocks/pac_rock_large_1.dae","useInstanceRenderData":true}
{"class":"TSStatic","persistentId":"6223f344-1b6d-47d4-a24e-fcf46205b4e1","__parent":"rocks_sam","position":[-261.010132,8.85003662,190.52478],"annotation":"ROCK","isRenderEnabled":false,"rotationMatrix":[1,0,0,0,-0.943899632,0.330232292,0,-0.330232292,-0.943899632],"shapeName":"/levels/jungle_rock_island/art/shapes/rocks/pac_rock_large_1.dae","useInstanceRenderData":true}
{"class":"TSStatic","persistentId":"3404acba-97c2-4abe-ba2a-e708179475e6","__parent":"rocks_sam","position":[-257.357483,8.88978958,191.396683],"annotation":"ROCK","isRenderEnabled":false,"rotationMatrix":[1,0,0,0,0.828401089,-0.560135007,0,0.560135007,0.828401089],"shapeName":"/levels/jungle_rock_island/art/shapes/rocks/pac_rock_large_2.dae","useInstanceRenderData":true}
{"class":"TSStatic","persistentId":"7ac24b3c-1b89-4dcf-8d79-d2217828c1da","__parent":"rocks_sam","position":[-271.446899,5.35563326,188.110397],"annotation":"ROCK","isRenderEnabled":false,"rotationMatrix":[0.942310512,0.327568024,-0.0689146295,-0.333799452,0.904124796,-0.266712219,-0.025058981,0.274329513,0.961309135],"shapeName":"/levels/jungle_rock_island/art/shapes/rocks/pac_rock_large_1.dae","useInstanceRenderData":true}
{"class":"TSStatic","persistentId":"ed597fd5-1b72-4743-96f5-3301b9c485b8","__parent":"rocks_sam","position":[-234.219193,2.59136701,189.487106],"annotation":"ROCK","isRenderEnabled":false,"rotationMatrix":[0.937448621,-0.344469219,0.050307855,0.348123491,0.927608132,-0.135472119,0,0.144511521,0.989502907],"shapeName":"/levels/jungle_rock_island/art/shapes/rocks/pac_rock_large_1.dae","useInstanceRenderData":true}
{"class":"TSStatic","persistentId":"cb35d197-dd2f-497a-99b3-f6fc4610221f","__parent":"rocks_sam","position":[-231.622482,1.77097499,189.190063],"annotation":"ROCK","isRenderEnabled":false,"rotationMatrix":[0.188468322,0.982079268,0,-0.982079268,0.188468322,0,0,0,1],"shapeName":"/levels/jungle_rock_island/art/shapes/rocks/pac_rock_large_2.dae","useInstanceRenderData":true}
{"class":"TSStatic","persistentId":"6fe48a93-70ac-4a84-902f-77ad70c517ee","__parent":"rocks_sam","position":[-230.001389,1.33488452,188.332199],"annotation":"ROCK","isRenderEnabled":false,"rotationMatrix":[0.944584012,-0.145167902,-0.294427007,0,0.896905899,-0.442221493,0.32826966,0.417715341,0.847202957],"shapeName":"/levels/jungle_rock_island/art/shapes/rocks/pac_rock_large_3.dae","useInstanceRenderData":true}
{"class":"TSStatic","persistentId":"9dcd8b1b-d3c9-464c-96e3-5171fa4afff7","__parent":"rocks_sam","position":[-225.062393,-1.33223057,188.562241],"annotation":"ROCK","isRenderEnabled":false,"shapeName":"/levels/jungle_rock_island/art/shapes/rocks/pac_rock_large_3.dae","useInstanceRenderData":true}
{"class":"TSStatic","persistentId":"f74ff3de-1cba-42f2-a1c7-c4aa51320e1e","__parent":"rocks_sam","position":[-227.090042,-0.350765467,187.974838],"annotation":"ROCK","isRenderEnabled":false,"rotationMatrix":[0.612558842,-0.790425003,0,0.690717161,0.535287857,-0.486185908,0.384293497,0.297817469,0.873855412],"shapeName":"/levels/jungle_rock_island/art/shapes/rocks/pac_rock_large_2.dae","useInstanceRenderData":true}
{"class":"TSStatic","persistentId":"9021c91e-b043-4041-8d0e-161bb9344e11","__parent":"rocks_sam","position":[-282.480408,6.95555973,195.101883],"annotation":"ROCK","isRenderEnabled":false,"rotationMatrix":[1,0,0,0,0.864398599,-0.502807081,0,0.502807081,0.864398599],"shapeName":"/levels/jungle_rock_island/art/shapes/rocks/pac_rock_large_1.dae","useInstanceRenderData":true}
{"class":"TSStatic","persistentId":"9edf61f5-e10e-4790-8382-1bb99d9a6287","__parent":"rocks_sam","position":[-308.242981,4.36682177,203.283371],"annotation":"ROCK","isRenderEnabled":false,"rotationMatrix":[0.896284282,0.413845599,-0.159392223,-0.441154361,0.868763804,-0.225015461,0.0453525186,0.271994472,0.961229444],"scale":[1.19897866,1.19897866,1.19897866],"shapeName":"/levels/jungle_rock_island/art/shapes/rocks/pac_rock_large_1.dae","useInstanceRenderData":true}
{"class":"Prefab","persistentId":"2e6f1e8b-dfb9-4f2c-9416-c93ac2bbb18c","__parent":"rocks_sam","position":[-325.472443,324.149628,201.458115],"annotation":"ROCK","filename":"/levels/jungle_rock_island/art/prefabs/pac_rock_wall_collection_1.prefab","rotationMatrix":[0.500246644,0.865882874,0,-0.865882874,0.500246644,0,0,0,1]}
{"class":"Prefab","persistentId":"a00aac21-937f-4ddb-9634-ca6123c4430a","__parent":"rocks_sam","position":[-329.943451,315.646606,202.438034],"annotation":"ROCK","filename":"/levels/jungle_rock_island/art/prefabs/pac_rock_wall_collection_1.prefab","rotationMatrix":[0.860556662,0.509354532,0,-0.509354532,0.860556662,0,0,0,1]}
{"class":"Prefab","persistentId":"7d3a3d74-0361-423c-bf29-c1a228861c47","__parent":"rocks_sam","position":[-335.756348,307.159821,202.438034],"annotation":"ROCK","filename":"/levels/jungle_rock_island/art/prefabs/pac_rock_wall_collection_1.prefab","rotationMatrix":[-0.194022417,-0.980997086,-6.85922572e-08,-0.980997026,0.194022417,-3.18539946e-07,3.25795213e-07,5.48490942e-09,-0.99999994]}
{"class":"Prefab","persistentId":"399bb2d9-9a21-4112-a623-f2124c59d7e8","__parent":"rocks_sam","position":[-337.02713,322.628571,189.092453],"annotation":"ROCK","filename":"/levels/jungle_rock_island/art/prefabs/pac_rock_wall_collection_2.prefab","rotationMatrix":[0.568955004,0.820365667,-0.0573613793,-0.621262729,0.474474341,0.623623788,0.538816035,-0.319177359,0.77961719],"scale":[2.66239762,2.66239762,2.66239762]}
{"class":"Prefab","persistentId":"24197fe3-5d73-4d6d-86be-59177b69bc10","__parent":"rocks_sam","position":[-347.718597,300.436218,190.809875],"annotation":"ROCK","filename":"/levels/jungle_rock_island/art/prefabs/pac_rock_wall_collection_2.prefab","rotationMatrix":[0.475085497,0.879928887,0.00434955815,-0.738221169,0.395875812,0.546179175,0.478876948,-0.26269275,0.837656975],"scale":[2.66239762,2.66239762,2.66239762]}
{"class":"Prefab","persistentId":"e04682f9-8cef-4b6e-a6b5-c6c54df23f3f","__parent":"rocks_sam","position":[-329.710876,324.252777,199.475403],"annotation":"ROCK","filename":"/levels/jungle_rock_island/art/prefabs/pac_rock_wall_collection_1.prefab","rotationMatrix":[0.504236042,0.863565803,0,0.833573341,-0.486723423,-0.261258006,-0.225613475,0.131735697,-0.965269029]}
{"class":"Prefab","persistentId":"9667bd8c-b02f-471e-a14e-113bfec4649a","__parent":"rocks_sam","position":[-332.16571,316.769714,201.566177],"annotation":"ROCK","filename":"/levels/jungle_rock_island/art/prefabs/pac_rock_wall_collection_1.prefab","rotationMatrix":[0.803908169,0.59271729,0.0491690636,0.534789145,-0.684206665,-0.495844513,-0.260253876,0.424908578,-0.867018223]}
{"name":"pac_rock_wall_collection455","class":"Prefab","persistentId":"175d8119-7caf-4383-9d48-a4d064dfb690","__parent":"rocks_sam","position":[-684.963745,-322.532135,173.817474],"annotation":"ROCK","filename":"/levels/jungle_rock_island/art/prefabs/pac_rock_wall_collection_1.prefab","rotationMatrix":[0.939801097,0.330468088,-0.0869735852,-0.331690282,0.943388045,0.000423439429,0.0821897611,0.0284503419,0.996210456]}
{"name":"pac_rock_wall_collection456","class":"Prefab","persistentId":"2a35c840-1c2a-47e1-bbbc-e12f18a38f2d","__parent":"rocks_sam","position":[-672.942993,-316.696442,173.391846],"annotation":"ROCK","filename":"/levels/jungle_rock_island/art/prefabs/pac_rock_wall_collection_1.prefab","rotationMatrix":[0.783640325,0.620672524,-0.025948368,0.6102795,-0.761371017,0.218799368,0.116046458,-0.18729578,-0.975424647]}
{"name":"pac_rock_wall_collection457","class":"Prefab","persistentId":"4e0b88eb-e7e2-4d20-9385-bf3c9a2a64b6","__parent":"rocks_sam","position":[-665.268738,-307.511932,172.549362],"annotation":"ROCK","filename":"/levels/jungle_rock_island/art/prefabs/pac_rock_wall_collection_1.prefab","rotationMatrix":[0.391004115,0.920387864,0.00139677967,-0.920388758,0.391002566,0.00127056672,0.000623269705,-0.00178237702,0.999998212]}
{"class":"Prefab","persistentId":"b5192452-1171-4d84-910a-fa267e374ba3","__parent":"rocks_sam","position":[-681.596191,-324.901733,167.4552],"annotation":"ROCK","filename":"/levels/jungle_rock_island/art/prefabs/pac_rock_wall_collection_2.prefab","rotationMatrix":[0.901660323,0.412944764,-0.128394932,-0.42064926,0.768643916,-0.481913507,-0.100313649,0.4885315,0.866760612],"scale":[1.71918917,1.71918917,1.71918917]}
{"class":"Prefab","persistentId":"53a4883f-fba0-4b02-94ad-7689ce6eaab7","__parent":"rocks_sam","position":[-667.360168,-316.966248,166.144867],"annotation":"ROCK","filename":"/levels/jungle_rock_island/art/prefabs/pac_rock_wall_collection_2.prefab","rotationMatrix":[0.670009315,0.742292643,-0.00943765324,0.638020039,-0.569298387,0.51848793,0.379497051,-0.353413224,-0.855032802],"scale":[1.71918917,1.71918917,1.71918917]}
{"class":"Prefab","persistentId":"8a009b1a-a926-4e3f-993f-132f70fbad97","__parent":"rocks_sam","position":[-678.2901,-327.200531,161.858383],"annotation":"ROCK","filename":"/levels/jungle_rock_island/art/prefabs/pac_rock_wall_collection_2.prefab","rotationMatrix":[-0.966384768,-0.255603045,-0.0277040973,0.195925668,-0.801928043,0.564379454,-0.166473776,0.539979756,0.825050294],"scale":[1.71918917,1.71918917,1.71918917]}
{"name":"pac_rock_wall_collection453","class":"Prefab","persistentId":"90eb4783-e7e7-42c4-9f0c-8d8dd602104e","__parent":"rocks_sam","position":[-696.652771,-117.976799,170.79071],"annotation":"ROCK","filename":"/levels/jungle_rock_island/art/prefabs/pac_rock_wall_collection_1.prefab","rotationMatrix":[-0.35444057,0.934359848,-0.0366466045,-0.922849715,-0.343219191,0.174781904,0.150731415,0.0957691148,0.983924747]}
{"name":"pac_rock_wall_collection454","class":"Prefab","persistentId":"3dee8d32-13d6-4c29-b4ec-29bf9f05a729","__parent":"rocks_sam","position":[-699.873291,-104.707985,168.84845],"annotation":"ROCK","filename":"/levels/jungle_rock_island/art/prefabs/pac_rock_wall_collection_1.prefab","rotationMatrix":[0.0671748742,0.980124712,-0.186662674,0.860780239,-0.151533216,-0.485896021,-0.50452441,-0.12803556,-0.853851199]}
{"class":"Prefab","persistentId":"08c82554-adbc-40d5-b7ee-49f589477a45","__parent":"rocks_sam","position":[-703.253113,-103.604515,160.312759],"annotation":"ROCK","filename":"/levels/jungle_rock_island/art/prefabs/pac_rock_wall_collection_2.prefab","rotationMatrix":[0.0388083644,-0.998139918,-0.0470148772,0.90522033,0.0550428033,-0.421362132,0.423166186,-0.0262064505,0.905672908],"scale":[1.62206364,1.62206364,1.62206364]}
{"class":"TSStatic","persistentId":"35ca30f6-1aa2-4217-b02b-466483c22853","__parent":"rocks_sam","position":[-699.609314,-114.209465,164.695816],"annotation":"ROCK","isRenderEnabled":false,"rotationMatrix":[-0.402823329,0.913660645,0.0543805398,-0.856357753,-0.397199035,0.329975843,0.323085904,0.0863527879,0.942421675],"scale":[2.1502676,2.1502676,2.1502676],"shapeName":"/levels/jungle_rock_island/art/shapes/rocks/pac_rock_large_1.dae","useInstanceRenderData":true}
{"class":"TSStatic","persistentId":"01d60442-9916-40df-a68a-3b28a3916427","__parent":"rocks_sam","position":[-751.998169,-26.0497684,126.456909],"annotation":"ROCK","isRenderEnabled":false,"shapeName":"/levels/jungle_rock_island/art/shapes/rocks/pac_rock_large_1.dae","useInstanceRenderData":true}
{"class":"TSStatic","persistentId":"569a2718-8b1a-4145-9127-621db4b5c3ba","__parent":"rocks_sam","position":[-749.819275,-30.3908806,130.160812],"annotation":"ROCK","isRenderEnabled":false,"shapeName":"/levels/jungle_rock_island/art/shapes/rocks/pac_rock_large_2.dae","useInstanceRenderData":true}
{"class":"TSStatic","persistentId":"e8b43e7a-697c-4592-b0e8-d4e5c1f139eb","__parent":"rocks_sam","position":[-751.240967,-29.4791279,125.821877],"annotation":"ROCK","isRenderEnabled":false,"rotationMatrix":[-0.0537487678,0.998554409,0,0.964529574,0.0519173294,-0.258818686,-0.258444548,-0.0139111858,-0.965925932],"shapeName":"/levels/jungle_rock_island/art/shapes/rocks/pac_rock_large_1.dae","useInstanceRenderData":true}
{"class":"TSStatic","persistentId":"64559033-c901-457e-ac04-c128e1308f6d","__parent":"rocks_sam","position":[-750.791382,-33.2834091,125.971069],"annotation":"ROCK","isRenderEnabled":false,"rotationMatrix":[0.29087308,-0.954613328,-0.0640781671,-0.921194375,-0.297522515,0.250761032,-0.258444548,-0.0139111858,-0.965925932],"shapeName":"/levels/jungle_rock_island/art/shapes/rocks/pac_rock_large_1.dae","useInstanceRenderData":true}
{"class":"TSStatic","persistentId":"f1c7937f-c2cb-422b-bd0d-ddf2ed8f685c","__parent":"rocks_sam","position":[-234.14975,-460.613403,129.915771],"annotation":"ROCK","isRenderEnabled":false,"shapeName":"/levels/jungle_rock_island/art/shapes/rocks/pac_rock_large_3.dae","useInstanceRenderData":true}
{"class":"TSStatic","persistentId":"b6d88bef-3029-4aa0-a1db-f94c704ae9e9","__parent":"rocks_sam","position":[-231.933929,-460.529419,129.909485],"annotation":"ROCK","isRenderEnabled":false,"rotationMatrix":[0.945496202,0.32563296,0,-0.32563296,0.945496202,0,0,0,1],"shapeName":"/levels/jungle_rock_island/art/shapes/rocks/pac_rock_large_1.dae","useInstanceRenderData":true}
{"name":"pac_rock_wall_collection450","class":"Prefab","persistentId":"62ed000d-bde1-4c27-85ae-6fcbd764cd97","__parent":"rocks_sam","position":[-224.259781,-445.08551,128.093369],"annotation":"ROCK","filename":"/levels/jungle_rock_island/art/prefabs/pac_rock_wall_collection_1.prefab","rotationMatrix":[-0.968070567,-0.250662565,0.00267961808,0.249091223,-0.963092089,-0.102012031,0.0281513296,-0.0980874151,0.994779289],"scale":[1.3365072,1.3365072,1.3365072]}
{"class":"TSStatic","persistentId":"284ae532-a1eb-4757-ae6e-08b50e2b6bcd","__parent":"rocks_sam","position":[-232.402023,-450.914642,129.095734],"annotation":"ROCK","isRenderEnabled":false,"rotationMatrix":[0.205703065,0.97861445,0,0.97861439,-0.20570305,3.2584137e-07,3.18873077e-07,-6.70265692e-08,-0.99999994],"shapeName":"/levels/jungle_rock_island/art/shapes/rocks/pac_rock_large_1.dae","useInstanceRenderData":true}
{"class":"TSStatic","persistentId":"e7c11d5d-0c70-46be-b9b0-d0ef5bb7a03a","__parent":"rocks_sam","position":[-233.333557,-453.484283,130.533493],"annotation":"ROCK","isRenderEnabled":false,"shapeName":"/levels/jungle_rock_island/art/shapes/rocks/pac_rock_medium_1.dae","useInstanceRenderData":true}
{"class":"TSStatic","persistentId":"b181c106-079d-480f-88a7-d21824aa92c3","__parent":"rocks_sam","position":[-233.471741,-455.541229,130.313004],"annotation":"ROCK","isRenderEnabled":false,"rotationMatrix":[-0.168411493,0.98571682,0,-0.98571682,-0.168411493,0,0,0,1],"shapeName":"/levels/jungle_rock_island/art/shapes/rocks/pac_rock_large_2.dae","useInstanceRenderData":true}
{"class":"TSStatic","persistentId":"95bcc90a-a1b8-44df-86ea-9bef3f49fd37","__parent":"rocks_sam","position":[-233.561722,-458.457367,130.364395],"annotation":"ROCK","isRenderEnabled":false,"rotationMatrix":[0.621387541,0.783503413,0,-0.783503413,0.621387541,0,0,0,1],"shapeName":"/levels/jungle_rock_island/art/shapes/rocks/pac_rock_large_3.dae","useInstanceRenderData":true}
{"class":"TSStatic","persistentId":"1b998329-43a8-4e43-8f22-4f6ca715aba4","__parent":"rocks_sam","position":[-232.807251,-458.984772,131.921021],"annotation":"ROCK","isRenderEnabled":false,"shapeName":"/levels/jungle_rock_island/art/shapes/rocks/pac_rock_medium_3.dae","useInstanceRenderData":true}
{"class":"TSStatic","persistentId":"b2f91776-a3c1-46bd-afa2-28a362c7e894","__parent":"rocks_sam","position":[-232.754593,-457.499847,131.334045],"annotation":"ROCK","isRenderEnabled":false,"shapeName":"/levels/jungle_rock_island/art/shapes/rocks/pac_rock_medium_2.dae","useInstanceRenderData":true}
{"name":"pac_rock_wall_collection451","class":"Prefab","persistentId":"3038c801-67d5-4ddb-b403-2f92226c6cfd","__parent":"rocks_sam","position":[-227.178131,-468.847229,129.215515],"annotation":"ROCK","filename":"/levels/jungle_rock_island/art/prefabs/pac_rock_wall_collection_1.prefab","rotationMatrix":[0.711400092,-0.699663281,0.0661887601,-0.689504027,-0.676627576,0.258378088,-0.135992542,-0.229447633,-0.963773668],"scale":[1.3365072,1.3365072,1.3365072]}
{"name":"pac_rock_wall_collection452","class":"Prefab","persistentId":"09302997-5d25-49f6-bafc-7117a8190e18","__parent":"rocks_sam","position":[-235.881958,-479.024506,128.603394],"annotation":"ROCK","filename":"/levels/jungle_rock_island/art/prefabs/pac_rock_wall_collection_1.prefab","rotationMatrix":[-0.700520277,0.710521877,0.0665585771,0.711998403,0.702177703,-0.0021526597,-0.0482654646,0.0458816215,-0.997780085],"scale":[1.3365072,1.3365072,1.3365072]}
{"class":"Prefab","persistentId":"a531469e-af8e-4af0-899d-c8d4a1a30549","__parent":"rocks_sam","position":[647.350525,-216.095673,180.435013],"annotation":"ROCK","filename":"/levels/jungle_rock_island/art/prefabs/pac_rock_wall_collection_2.prefab","rotationMatrix":[-0.600668371,0.794602036,-0.088347137,-0.703007281,-0.577566504,-0.414967149,-0.380760044,-0.187148973,0.90553683],"scale":[1.48615777,1.48615777,1.48615777]}
{"class":"Prefab","persistentId":"94fc3c86-718f-44d6-aa2d-4141a94bd8e1","__parent":"rocks_sam","position":[640.569397,-201.500336,178.621246],"annotation":"ROCK","filename":"/levels/jungle_rock_island/art/prefabs/pac_rock_wall_collection_1.prefab","rotationMatrix":[0.657838881,-0.753158152,0.000928307767,0.753158391,0.657839179,0.00010982345,-0.000693391659,0.000626916648,0.999999583]}
{"class":"Prefab","persistentId":"96274b72-a62f-437d-aa8e-f7be6967904d","__parent":"rocks_sam","position":[639.089783,-205.646362,179.244797],"annotation":"ROCK","filename":"/levels/jungle_rock_island/art/prefabs/pac_rock_wall_collection_2.prefab","rotationMatrix":[-0.764554441,0.625603616,-0.155166343,-0.635681033,-0.771666706,0.0209785793,-0.106612451,0.114675581,0.987665474],"scale":[1.48615777,1.48615777,1.48615777]}
{"class":"Prefab","persistentId":"b18b705e-0308-4530-ad6a-087942c9183a","__parent":"rocks_sam","position":[656.44928,-226.56073,178.186157],"annotation":"ROCK","filename":"/levels/jungle_rock_island/art/prefabs/pac_rock_wall_collection_2.prefab","rotationMatrix":[0.483202696,-0.837288022,-0.255858481,-0.871680021,-0.432788253,-0.229930431,0.0817854553,0.334129781,-0.938971817],"scale":[1.48615777,1.48615777,1.48615777]}
{"class":"Prefab","persistentId":"9c437df6-463f-4084-891e-a60e336dafef","__parent":"rocks_sam","position":[647.962219,-213.24649,178.629868],"annotation":"ROCK","filename":"/levels/jungle_rock_island/art/prefabs/pac_rock_wall_collection_1.prefab","rotationMatrix":[-0.496312797,0.868143737,-1.33222456e-05,-0.868143737,-0.496312797,-1.20388731e-05,-1.70634739e-05,5.59057798e-06,1]}
{"class":"Prefab","persistentId":"ff8af2af-8a27-4224-a08c-6bfe64ec3f4b","__parent":"rocks_sam","position":[640.956543,-204.193222,179.936157],"annotation":"ROCK","filename":"/levels/jungle_rock_island/art/prefabs/pac_rock_wall_collection_1.prefab","rotationMatrix":[0.558374226,-0.816018522,0.149438486,-0.82676363,-0.562224209,0.0191261247,0.0684106573,-0.134229839,-0.988585949]}
{"class":"Prefab","persistentId":"ecad06a3-eba4-4c39-8c68-fe0f860e6356","__parent":"rocks_sam","position":[650.614441,-195.201355,173.246475],"annotation":"ROCK","filename":"/levels/jungle_rock_island/art/prefabs/pac_rock_wall_collection_1.prefab","rotationMatrix":[-0.5263592,0.848991752,-0.0464618504,-0.849909365,-0.526928723,-1.15565699e-05,-0.024491895,0.0394822769,0.998919964]}
{"class":"Prefab","persistentId":"3c9be974-d258-47dc-8c43-19af18cc198d","__parent":"rocks_sam","position":[658.355896,-206.710785,173.82016],"annotation":"ROCK","filename":"/levels/jungle_rock_island/art/prefabs/pac_rock_wall_collection_1.prefab","rotationMatrix":[-0.599647522,0.797363043,-0.0680799559,-0.774507761,-0.599653482,-0.201378658,-0.201396286,-0.0680277571,0.977144599]}
{"class":"Prefab","persistentId":"48380d0f-85f9-43ed-aaca-acadbc14a691","__parent":"rocks_sam","position":[662.71582,-206.021194,169.188354],"annotation":"ROCK","filename":"/levels/jungle_rock_island/art/prefabs/pac_rock_wall_collection_2.prefab","rotationMatrix":[0.484917462,-0.872986078,-0.0524409637,0.667767644,0.330870092,0.666791677,-0.564748824,-0.35835737,0.74339664],"scale":[1.48615777,1.48615777,1.48615777]}
{"class":"Prefab","persistentId":"3382fba6-5ef2-4bbc-97cb-39bc20a88bc8","__parent":"rocks_sam","position":[655.485779,-193.550598,168.29483],"annotation":"ROCK","filename":"/levels/jungle_rock_island/art/prefabs/pac_rock_wall_collection_2.prefab","rotationMatrix":[0.508514464,-0.859474242,-0.0521249212,-0.65970695,-0.349986881,-0.665053308,0.553353071,0.372576386,-0.744974673],"scale":[1.48615777,1.48615777,1.48615777]}
{"name":"pac_rock_wall_collection296","class":"Prefab","persistentId":"ede7b6a1-5100-4bc2-8fb0-0464941a205e","__parent":"rocks_sam","position":[704.896057,587.396362,136.694443],"annotation":"ROCK","filename":"/levels/jungle_rock_island/art/prefabs/pac_rock_wall_collection_1.prefab","rotationMatrix":[0.296732694,0.954162359,0.0390354954,0.900066912,-0.293101192,0.322445542,0.319106758,-0.060545586,-0.945782721]}
{"name":"pac_rock_wall_collection297","class":"Prefab","persistentId":"410feaf0-cd8b-4256-96e0-a1e96f2d190f","__parent":"rocks_sam","position":[707.670898,598.830627,136.095551],"annotation":"ROCK","filename":"/levels/jungle_rock_island/art/prefabs/pac_rock_wall_collection_1.prefab","rotationMatrix":[0.0942571312,0.995018363,-0.0324650556,-0.995537996,0.0943515226,0.00138449483,0.00444072532,0.032189697,0.999471903]}
{"name":"pac_rock_wall_collection315","class":"Prefab","persistentId":"acfea054-b2e5-471c-b42a-d619740b5267","__parent":"rocks_sam","position":[703.094238,610.391235,135.531845],"annotation":"ROCK","filename":"/levels/jungle_rock_island/art/prefabs/pac_rock_wall_collection_1.prefab","rotationMatrix":[0.699577093,-0.708961308,0.0892517492,0.711821496,0.702360392,-0.000310738833,-0.0624665953,0.0637487024,0.996009052]}
{"class":"Prefab","persistentId":"c2044e5e-05d0-4be4-a112-523e0a7f68bd","__parent":"rocks_sam","position":[427.441406,-100.597466,206.282333],"annotation":"ROCK","filename":"/levels/jungle_rock_island/art/prefabs/pac_rock_wall_collection_1.prefab","rotationMatrix":[0.925212741,-0.152911991,0.347274065,0.237128228,0.947487831,-0.214561999,-0.296228826,0.280863941,0.912887692]}
{"class":"Prefab","persistentId":"bb1bfec3-8044-4442-bf56-26f1e21ae41f","__parent":"rocks_sam","position":[415.837555,-98.9921112,204.693283],"annotation":"ROCK","filename":"/levels/jungle_rock_island/art/prefabs/pac_rock_wall_collection_1.prefab","rotationMatrix":[0.991673112,-0.108227439,0.0697900504,-0.124658681,-0.942736804,0.309366316,0.0323117152,-0.315490276,-0.948378444]}
{"class":"Prefab","persistentId":"42303dac-2067-4263-b76e-82593e91b49a","__parent":"rocks_sam","position":[404.566986,-93.6178513,203.436935],"annotation":"ROCK","filename":"/levels/jungle_rock_island/art/prefabs/pac_rock_wall_collection_1.prefab","rotationMatrix":[-0.743031144,0.643937409,-0.182343662,-0.653472245,-0.756883502,-0.0100656888,-0.144494593,0.111677393,0.983183265]}
{"class":"Prefab","persistentId":"7ca923c2-285f-40b5-8a5a-51f412b5f55b","__parent":"rocks_sam","position":[419.441132,-102.164223,198.443604],"annotation":"ROCK","filename":"/levels/jungle_rock_island/art/prefabs/pac_rock_wall_collection_2.prefab","rotationMatrix":[0.99920994,0.0397267267,0.00108169345,-0.0352652296,0.898886204,-0.436760485,-0.0183233861,0.436377257,0.899577141],"scale":[1.48615777,1.48615777,1.48615777]}
{"class":"Prefab","persistentId":"05fac624-dd0d-4134-95ab-5d2d973a7e24","__parent":"rocks_sam","position":[406.341644,-98.415062,196.641418],"annotation":"ROCK","filename":"/levels/jungle_rock_island/art/prefabs/pac_rock_wall_collection_2.prefab","rotationMatrix":[0.827278852,-0.549153507,0.11848893,-0.540724397,-0.721128523,0.433116883,-0.152402043,-0.422378451,-0.893515468],"scale":[1.48615777,1.48615777,1.48615777]}
{"class":"Prefab","persistentId":"67c2fdb7-59ce-4ea2-af2c-a3d5efe26903","__parent":"rocks_sam","position":[435.286621,-107.054817,208.534653],"annotation":"ROCK","filename":"/levels/jungle_rock_island/art/prefabs/pac_rock_wall_collection_1.prefab","rotationMatrix":[-0.25096035,0.967921436,-0.0121162785,-0.957490206,-0.246377617,0.150034919,0.142236844,0.04925403,0.988606453]}
{"class":"Prefab","persistentId":"ecc3ac95-4bb2-47fd-977a-6567a75dfa2f","__parent":"rocks_sam","position":[430.571167,-109.619896,203.571259],"annotation":"ROCK","filename":"/levels/jungle_rock_island/art/prefabs/pac_rock_wall_collection_2.prefab","rotationMatrix":[-0.0060467422,0.991057098,-0.133301333,0.709466279,-0.0896909088,-0.699008405,-0.704713225,-0.0987995341,-0.702579319],"scale":[1.48615777,1.48615777,1.48615777]}
{"name":"pac_rock_wall_collection353","class":"Prefab","persistentId":"30242e0a-73a9-41b5-8a33-ea0c4e79d43b","__parent":"rocks_sam","position":[-418.285675,203.209045,178.84996],"annotation":"ROCK","filename":"/levels/jungle_rock_island/art/prefabs/pac_rock_wall_collection_1.prefab","rotationMatrix":[-0.0871306211,0.995126128,0.0461718626,-0.996183395,-0.0872758329,0.00113460631,0.00515876524,-0.0458967872,0.998932838]}
{"name":"pac_rock_wall_collection405","class":"Prefab","persistentId":"e6f095bf-fb43-4af6-a397-ea577dacac76","__parent":"rocks_sam","position":[-417.997223,189.721375,177.597076],"annotation":"ROCK","filename":"/levels/jungle_rock_island/art/prefabs/pac_rock_wall_collection_1.prefab","rotationMatrix":[-0.014144402,0.984161019,0.17671065,0.863928795,0.101005241,-0.493380964,-0.503415048,0.145686835,-0.851673841]}
{"name":"cliff_rock_g252","class":"Prefab","persistentId":"27bd218c-3b46-4b3d-a994-bba4d0d88ff8","__parent":"rocks_sam","position":[-420.834137,190.474319,172.841415],"annotation":"ROCK","filename":"/levels/jungle_rock_island/art/prefabs/cliff_rock_g5.prefab","rotationMatrix":[0.83096087,0.117972441,-0.543678701,-0.141280815,0.989968896,-0.00112159806,0.538092673,0.0777433738,0.839292705],"scale":[1.44636917,1.44636917,1.44636917]}
{"name":"cliff_rock_g253","class":"Prefab","persistentId":"3f79b3ce-8902-4f72-844f-77a807cb8327","__parent":"rocks_sam","position":[-421.896973,206.632996,172.922501],"annotation":"ROCK","filename":"/levels/jungle_rock_island/art/prefabs/cliff_rock_g5.prefab","rotationMatrix":[-0.855373383,-0.144994184,0.497305691,-0.144519985,0.988705456,0.0396898836,-0.497443736,-0.0379209444,-0.866667032],"scale":[1.44636917,1.44636917,1.44636917]}
{"name":"pac_rock_wall_collection413","class":"Prefab","persistentId":"0801c903-d936-4544-a1e6-8405a70c50e3","__parent":"rocks_sam","position":[-417.048553,216.748444,180.559006],"annotation":"ROCK","filename":"/levels/jungle_rock_island/art/prefabs/pac_rock_wall_collection_1.prefab","rotationMatrix":[0.34610635,0.905908048,0.244009584,-0.92012161,0.27695322,0.276898324,0.183265179,-0.320354819,0.929401159]}
{"name":"pac_rock_wall_collection446","class":"Prefab","persistentId":"076303d1-722d-4728-a8c1-3964bbfa3e35","__parent":"rocks_sam","position":[-410.349792,226.804642,184.159531],"annotation":"ROCK","filename":"/levels/jungle_rock_island/art/prefabs/pac_rock_wall_collection_1.prefab","rotationMatrix":[0.507982671,0.85618943,0.0943020582,-0.854147971,0.486553013,0.183568001,0.111286066,-0.173797309,0.978473186]}
{"name":"cliff_rock_g254","class":"Prefab","persistentId":"a8822cf0-03cb-4b5e-ab11-4dffcd163d29","__parent":"rocks_sam","position":[-416.837311,223.531876,175.183685],"annotation":"ROCK","filename":"/levels/jungle_rock_island/art/prefabs/cliff_rock_g5.prefab","rotationMatrix":[0.759379327,-0.39923647,-0.513763547,0.4869681,0.872417212,0.0418338701,0.431514651,-0.281954229,0.856911242],"scale":[2.02682018,2.02682018,2.02682018]}
{"name":"cliff_rock_g255","class":"Prefab","persistentId":"a9cd9375-17ef-4c1a-b37b-ac2256dce1fa","__parent":"rocks_sam","position":[-403.760986,241.07193,177.666885],"annotation":"ROCK","filename":"/levels/jungle_rock_island/art/prefabs/cliff_rock_g5.prefab","rotationMatrix":[0.362096786,-0.791919053,-0.491680771,0.929192364,0.348572493,0.122877233,0.0740775615,-0.501359463,0.862062037],"scale":[2.02682018,2.02682018,2.02682018]}
{"name":"cliff_rock_g256","class":"Prefab","persistentId":"694200ad-bf5c-4565-a470-d1a7d3fd1a56","__parent":"rocks_sam","position":[-419.059509,232.879272,167.431686],"annotation":"ROCK","filename":"/levels/jungle_rock_island/art/prefabs/cliff_rock_g5.prefab","rotationMatrix":[0.811585069,-0.534423232,-0.236053884,0.549359679,0.835580647,-0.00297199818,0.198830351,-0.127266467,0.971735477],"scale":[1.57530832,1.57530832,1.57530832]}
{"name":"pac_rock_wall_collection447","class":"Prefab","persistentId":"d4efad06-6db6-4aad-9227-7a3e5d34e787","__parent":"rocks_sam","position":[-383.838104,135.127563,188.366974],"annotation":"ROCK","filename":"/levels/jungle_rock_island/art/prefabs/pac_rock_wall_collection_1.prefab","rotationMatrix":[0.0258468837,-0.999661505,0.00295153772,0.978570759,0.0246980023,-0.204423964,0.204281881,0.00817201193,0.978877962]}
{"name":"pac_rock_wall_collection448","class":"Prefab","persistentId":"aac0fda6-41c6-44b6-bb55-0ee0fc1c1dc2","__parent":"rocks_sam","position":[-385.005676,118.755089,188.723724],"annotation":"ROCK","filename":"/levels/jungle_rock_island/art/prefabs/pac_rock_wall_collection_1.prefab","rotationMatrix":[0.152126044,0.984654725,-0.0855142847,0.902313113,-0.173670009,-0.394549996,-0.403346807,-0.0171393137,-0.914886534],"scale":[1.34950137,1.34950137,1.34950137]}
{"name":"pac_rock_wall_collection449","class":"Prefab","persistentId":"a51e7ee1-f67e-4aac-8e4f-b376a15f27c3","__parent":"rocks_sam","position":[-386.349152,149.07666,187.577805],"annotation":"ROCK","filename":"/levels/jungle_rock_island/art/prefabs/pac_rock_wall_collection_1.prefab","rotationMatrix":[0.327746332,-0.942456603,0.06601163,0.89119035,0.28521055,-0.352753043,0.313627362,0.174442485,0.933384955]}
{"class":"Prefab","persistentId":"e54bdce1-1b4c-4230-93ce-b1198c0c9959","__parent":"rocks_sam","position":[754.737061,-295.372437,167.162399],"annotation":"ROCK","filename":"/levels/jungle_rock_island/art/prefabs/pac_rock_wall_collection_1.prefab","rotationMatrix":[0.542003512,-0.832925856,-0.11165297,0.838167489,0.545412838,1.1252876e-05,0.0608875901,-0.0935899839,0.993747175]}
{"class":"Prefab","persistentId":"c5ff2189-464f-47dd-84a8-1766ceb168eb","__parent":"rocks_sam","position":[746.553711,-285.325989,168.12558],"annotation":"ROCK","filename":"/levels/jungle_rock_island/art/prefabs/pac_rock_wall_collection_1.prefab","rotationMatrix":[-0.77010566,0.637052178,0.0331891999,-0.637394905,-0.770537138,0.000331261661,0.0257845446,-0.0208995212,0.999449015]}
{"class":"Prefab","persistentId":"94864303-d6a3-4252-89a2-c5ea56244536","__parent":"rocks_sam","position":[735.56189,-276.728912,169.896652],"annotation":"ROCK","filename":"/levels/jungle_rock_island/art/prefabs/pac_rock_wall_collection_1.prefab","rotationMatrix":[0.820874333,-0.563931584,-0.0902567431,-0.570777655,-0.804707706,-0.163273424,0.0194447711,0.185543522,-0.982443392]}
{"class":"Prefab","persistentId":"18566a41-09d5-46dd-b312-421dc9780b6c","__parent":"rocks_sam","position":[724.838867,-269.786713,171.210907],"annotation":"ROCK","filename":"/levels/jungle_rock_island/art/prefabs/pac_rock_wall_collection_1.prefab","rotationMatrix":[0.813392162,-0.564747214,-0.139474899,0.581068099,0.800094128,0.14902617,0.0274309292,-0.202261165,0.978947282]}
{"class":"Prefab","persistentId":"261449ec-126c-45bb-9ede-21db805fd232","__parent":"rocks_sam","position":[-709.817566,736.857239,139.163849],"annotation":"ROCK","filename":"/levels/jungle_rock_island/art/prefabs/pac_rock_wall_collection_1.prefab","rotationMatrix":[0.978113413,-0.203317627,-0.0442263447,0.203516781,0.979071438,0,0.0433007516,-0.00900080334,0.999021471]}
{"class":"Prefab","persistentId":"523593d5-84de-4df5-be24-b5f587145b8f","__parent":"rocks_sam","position":[-696.856079,731.419861,139.473236],"annotation":"ROCK","filename":"/levels/jungle_rock_island/art/prefabs/pac_rock_wall_collection_1.prefab","rotationMatrix":[-0.841745436,0.539507329,-0.01989986,0.539679766,0.841859877,-0.00418726914,0.0144938305,-0.0142641664,-0.999792874]}
{"class":"Prefab","persistentId":"6454e7e2-466d-4c4d-971c-8c4f311239d6","__parent":"rocks_sam","position":[-687.026978,723.524231,140.16478],"annotation":"ROCK","filename":"/levels/jungle_rock_island/art/prefabs/pac_rock_wall_collection_1.prefab","rotationMatrix":[0.796019435,-0.601762533,0.0650755391,0.603043675,0.797708154,-5.54271719e-05,-0.0518779345,0.0392875113,0.99788034]}
{"class":"Prefab","persistentId":"c16cbf6e-671a-4bcc-a132-e5d3b3a5ccfe","__parent":"rocks_sam","position":[-677.201721,715.225952,141.001846],"annotation":"ROCK","filename":"/levels/jungle_rock_island/art/prefabs/pac_rock_wall_collection_1.prefab","rotationMatrix":[0.69042325,-0.721587121,0.0512597151,0.722806215,0.691000819,-0.00828849431,-0.0294396393,0.0427734181,0.998650908]}
{"class":"Prefab","persistentId":"df4c1b87-6bc4-4a3d-b905-a680ac016a8e","__parent":"rocks_sam","position":[-702.170166,732.43811,135.185318],"annotation":"ROCK","filename":"/levels/jungle_rock_island/art/prefabs/pac_rock_wall_collection_2.prefab","rotationMatrix":[0.930490255,-0.366232425,-0.00784223899,0.353770196,0.903970301,-0.240174979,0.0950490311,0.220706165,0.97069782]}
{"class":"Prefab","persistentId":"b846ec86-3ad2-4786-9343-65b42518b11f","__parent":"rocks_sam","position":[-693.191406,728.4422,134.810074],"annotation":"ROCK","filename":"/levels/jungle_rock_island/art/prefabs/pac_rock_wall_collection_2.prefab","rotationMatrix":[-0.797807276,0.602900326,-0.0038100481,-0.60290879,-0.79776454,0.00852285419,0.00209891121,0.00909670722,0.999956429]}
{"class":"Prefab","persistentId":"b2e423a0-6a7c-457a-aed3-e0608b8889b2","__parent":"rocks_sam","position":[239.198105,194.372604,223.527939],"annotation":"ROCK","filename":"/levels/jungle_rock_island/art/prefabs/pac_rock_wall_collection_1.prefab","rotationMatrix":[0.992572069,-0.0861702785,-0.0858792067,0.104771115,0.964250028,0.243402243,0.0618349984,-0.250591934,0.966115952]}
{"class":"Prefab","persistentId":"f8bbbedf-8207-4e72-bcd1-12a8ba97295d","__parent":"rocks_sam","position":[253.51181,193.228638,222.670944],"annotation":"ROCK","filename":"/levels/jungle_rock_island/art/prefabs/pac_rock_wall_collection_1.prefab","rotationMatrix":[-0.992339134,0.119408809,0.0316934139,-0.119924068,-0.992671609,-0.0148791857,0.0296844449,-0.0185660012,0.999386847]}
{"class":"TSStatic","persistentId":"0c4cdb17-b4f7-4828-aa2f-c6b8d274d92b","__parent":"rocks_sam","position":[-75.3404083,328.207489,283.44989],"annotation":"ROCK","isRenderEnabled":false,"rotationMatrix":[1,0,0,0,0.94654429,0.322573721,0,-0.322573721,0.94654429],"shapeName":"/levels/jungle_rock_island/art/shapes/rocks/pac_rock_medium_flat.dae","useInstanceRenderData":true}
{"class":"TSStatic","persistentId":"55ca6018-b190-49f4-818d-fa7945c57683","__parent":"rocks_sam","position":[-76.3768692,330.094574,283.300659],"annotation":"ROCK","isRenderEnabled":false,"rotationMatrix":[1,0,0,0,0.195245802,-0.980754256,0,0.980754256,0.195245802],"shapeName":"/levels/jungle_rock_island/art/shapes/rocks/pac_rock_large_2.dae","useInstanceRenderData":true}
{"class":"TSStatic","persistentId":"6d166b46-a792-400d-a993-f691f1ea9a0e","__parent":"rocks_sam","position":[-74.2022324,329.59845,283.531281],"annotation":"ROCK","isRenderEnabled":false,"rotationMatrix":[0.606979549,0.773538828,-0.182245016,0.259542972,0.023798421,0.965438247,0.751141191,-0.633301735,-0.186321437],"shapeName":"/levels/jungle_rock_island/art/shapes/rocks/pac_rock_large_3.dae","useInstanceRenderData":true}
{"class":"TSStatic","persistentId":"cd7a8537-f195-4a1b-8e9c-ea6b99f29cd4","__parent":"rocks_sam","position":[-61.568531,291.691193,275.950043],"annotation":"ROCK","isRenderEnabled":false,"rotationMatrix":[-0.832407176,0.553985775,-0.0140722878,0.539221764,0.815557837,0.210012153,0.127820507,0.167227536,-0.977597356],"shapeName":"/levels/jungle_rock_island/art/shapes/rocks/pac_rock_medium_flat.dae","useInstanceRenderData":true}
{"class":"TSStatic","persistentId":"1a069b8b-3285-43e4-87fe-4a510d57ab3e","__parent":"rocks_sam","position":[-66.4586792,286.236115,273.549927],"annotation":"ROCK","isRenderEnabled":false,"rotationMatrix":[-0.949638247,0.305120379,0.0713349879,-0.0467787161,-0.36314863,0.930555999,0.309836864,0.880354643,0.359133035],"scale":[0.935335219,0.861863196,0.935335219],"shapeName":"/levels/jungle_rock_island/art/shapes/rocks/pac_rock_large_1.dae","useInstanceRenderData":true}
{"class":"TSStatic","persistentId":"cc116340-dd38-484e-bb91-2cf094499e6b","__parent":"rocks_sam","position":[-63.3530617,285.248566,274.563232],"annotation":"ROCK","isRenderEnabled":false,"rotationMatrix":[0.536008775,0.795000613,0.284021884,-0.752431393,0.602442265,-0.266289711,-0.382807314,-0.0709733367,0.921097815],"shapeName":"/levels/jungle_rock_island/art/shapes/rocks/pac_rock_medium_flat.dae","useInstanceRenderData":true}
{"class":"TSStatic","persistentId":"626817f2-9233-423a-8d0a-65f679dacc98","__parent":"rocks_sam","position":[-100.97715,255.616669,267.384338],"annotation":"ROCK","isRenderEnabled":false,"rotationMatrix":[0.908170521,0.354241282,0.223022953,-0.343480468,0.935151637,-0.0866747051,-0.239264026,0.00211139023,0.970952213],"shapeName":"/levels/jungle_rock_island/art/shapes/rocks/pac_rock_medium_flat.dae","useInstanceRenderData":true}
{"class":"TSStatic","persistentId":"8ed23a7c-64e1-4145-a590-0b9aa851f096","__parent":"rocks_sam","position":[-101.682014,257.327789,267.300537],"annotation":"ROCK","isRenderEnabled":false,"rotationMatrix":[0.83443141,0.512433648,0.202819303,0.539850771,-0.834031284,-0.113809399,0.110837862,0.204458326,-0.972579777],"shapeName":"/levels/jungle_rock_island/art/shapes/rocks/pac_rock_medium_flat.dae","useInstanceRenderData":true}
{"class":"TSStatic","persistentId":"c9d8a307-cf54-4018-847f-5074f6940887","__parent":"rocks_sam","position":[-117.977005,249.939575,263.702057],"annotation":"ROCK","isRenderEnabled":false,"rotationMatrix":[0.923944056,0.248501763,0.290816367,-0.289667696,0.951057792,0.107618496,-0.249839783,-0.183673576,0.950707197],"shapeName":"/levels/jungle_rock_island/art/shapes/rocks/pac_rock_medium_flat.dae","useInstanceRenderData":true}
