{"name":"c97","class":"Prefab","persistentId":"8e9b9216-6ce7-4703-93dd-d20887d7b0cf","__parent":"beach","position":[954.452332,807.065125,140.35643],"annotation":"ROCK","filename":"/levels/jungle_rock_island/art/prefabs/cliff_rock_g1.prefab","rotationMatrix":[-0.781098664,0.204513296,-0.589965224,-0.111784495,-0.975376904,-0.190117389,-0.614319801,-0.0825515389,0.784726679],"scale":[1.44636917,1.44636917,1.44636917]}
{"name":"bigrock1","class":"TSStatic","persistentId":"e9108c8e-7edd-472b-ac0c-c8d86029a02c","__parent":"beach","position":[-929.552856,666.771667,144.703522],"annotation":"ROCK","isRenderEnabled":false,"rotationMatrix":[0.985741854,-0.015493351,0.167549744,0,0.995751858,0.0920773298,-0.168264553,-0.0907644778,0.98155427],"scale":[5,5,5],"shapeName":"/levels/jungle_rock_island/art/shapes/rocks/pac_rock_large_1.dae"}
{"name":"c74","class":"Prefab","persistentId":"38e6c049-c8c7-41b4-8e60-9d488a5f9474","__parent":"beach","position":[939.36084,-140.010864,121.149033],"annotation":"ROCK","filename":"/levels/jungle_rock_island/art/prefabs/pac_rock_wall_collection_2.prefab","rotationMatrix":[0.980240881,0.182287842,-0.0768036544,-0.0810611695,0.0160100907,-0.996580482,-0.180434868,0.983114839,0.0304702092],"scale":[2.04457664,2.04457664,2.04457664]}
{"name":"c76","class":"Prefab","persistentId":"437155b4-3318-47b8-812c-2e1ac7996c7e","__parent":"beach","position":[946.291199,-155.450531,121.788902],"annotation":"ROCK","filename":"/levels/jungle_rock_island/art/prefabs/cliff_rock_g1.prefab","rotationMatrix":[0.0428667553,-0.189713955,0.98090297,-0.000748226419,0.981799126,0.189919963,-0.999080479,-0.00887519028,0.0419445969],"scale":[1.44636917,1.44636917,1.44636917]}
{"name":"c77","class":"Prefab","persistentId":"f775ca7d-3597-4b3a-91f6-17dcd52e7ec0","__parent":"beach","position":[741.34021,599.104431,127.94767],"annotation":"ROCK","filename":"/levels/jungle_rock_island/art/prefabs/cliff_rock_g4.prefab","rotationMatrix":[0.971831739,0.0642438084,0.226749852,-0.0641464815,0.997909844,-0.00780573022,-0.226777434,-0.00695934147,0.973921478],"scale":[1.44636917,1.44636917,1.44636917]}
{"name":"c78","class":"Prefab","persistentId":"92b38bec-5ab4-4525-b0c1-0f0442004e34","__parent":"beach","position":[739.397766,589.922607,127.94767],"annotation":"ROCK","filename":"/levels/jungle_rock_island/art/prefabs/cliff_rock_g4.prefab","rotationMatrix":[-0.029170271,-0.999435365,0.0166737214,0.999574304,-0.0291755013,-7.04722625e-05,0.000556896615,0.0166645665,0.999861002],"scale":[1.44636917,1.44636917,1.44636917]}
{"name":"c79","class":"Prefab","persistentId":"073f92a1-5ea8-4211-b966-7a4dcbb3b7b7","__parent":"beach","position":[738.472534,583.542114,130.67807],"annotation":"ROCK","filename":"/levels/jungle_rock_island/art/prefabs/cliff_rock_g4.prefab","rotationMatrix":[-0.597132146,0.654256999,-0.46409145,-0.579253018,-0.75193423,-0.314738929,-0.554886341,0.0808857381,0.827984631],"scale":[1.44636917,1.44636917,1.44636917]}
{"name":"c80","class":"Prefab","persistentId":"f2135843-e98f-4c08-b579-d14b4b533f2b","__parent":"beach","position":[731.830566,573.824951,131.826355],"annotation":"ROCK","filename":"/levels/jungle_rock_island/art/prefabs/cliff_rock_g4.prefab","rotationMatrix":[0.997950613,-0.0230369996,0.0596933961,-0.0271735732,-0.997215867,0.0694381371,0.0579276085,-0.0709180087,-0.995798469],"scale":[1.44636917,1.44636917,1.44636917]}
{"name":"c81","class":"Prefab","persistentId":"52093a30-f1a8-4e79-bcfe-283a5ef0029c","__parent":"beach","position":[723.06604,574.697144,134.971405],"annotation":"ROCK","filename":"/levels/jungle_rock_island/art/prefabs/cliff_rock_g4.prefab","rotationMatrix":[-0.11315617,-0.255623221,0.960131168,-0.0723830089,0.965891182,0.248625964,-0.990936756,-0.0413636342,-0.127799332],"scale":[1.44636917,1.44636917,1.44636917]}
{"name":"c82","class":"Prefab","persistentId":"a5b76c22-6cfd-45d1-8e55-903c3c82e755","__parent":"beach","position":[705.695496,657.251038,136.641861],"annotation":"ROCK","filename":"/levels/jungle_rock_island/art/prefabs/cliff_rock_g3.prefab","rotationMatrix":[0.78620851,-0.000834514038,0.617960393,-0.617285311,-0.0478111021,0.785284996,0.028890036,-0.998856008,-0.0381046236],"scale":[1.44636917,1.44636917,1.44636917]}
{"name":"c83","class":"Prefab","persistentId":"5afd9e3e-585b-411c-8a2e-9b0731ead496","__parent":"beach","position":[706.227173,639.088806,134.507248],"annotation":"ROCK","filename":"/levels/jungle_rock_island/art/prefabs/cliff_rock_g3.prefab","rotationMatrix":[0.738710642,0.0673580021,-0.670648336,0.665783048,0.0821784064,0.74160558,0.105065905,-0.994338572,0.0158602465],"scale":[1.44636917,1.44636917,1.44636917]}
{"name":"c84","class":"Prefab","persistentId":"7b492f97-818e-4969-ab46-b1c0a3160f3c","__parent":"beach","position":[696.033081,622.720581,137.876419],"annotation":"ROCK","filename":"/levels/jungle_rock_island/art/prefabs/cliff_rock_g3.prefab","rotationMatrix":[0.99998796,0.00352991745,0.0034079703,-0.00356472004,0.999940991,0.01026069,-0.00337155,-0.0102727152,0.999941528],"scale":[1.44636917,1.44636917,1.44636917]}
{"name":"c85","class":"Prefab","persistentId":"185211f8-f4e1-4508-b75f-3886d756c3b1","__parent":"beach","position":[699.705933,689.213135,143.204086],"annotation":"ROCK","filename":"/levels/jungle_rock_island/art/prefabs/cliff_rock_g1.prefab","rotationMatrix":[0.846278191,0.0540681481,0.529990375,-0.141730338,0.981834531,0.126148224,-0.513542235,-0.181872159,0.83856833],"scale":[1.44636917,1.44636917,1.44636917]}
{"name":"c86","class":"Prefab","persistentId":"a16a9c86-6a89-48d3-ae73-219fa0c09ce9","__parent":"beach","position":[915.864746,773.567627,137.353256],"annotation":"ROCK","filename":"/levels/jungle_rock_island/art/prefabs/pac_rock_wall_collection_2.prefab","rotationMatrix":[0.962871969,-0.192824975,-0.188933387,0.0141588971,0.734970629,-0.677950799,0.269586265,0.650104761,0.71041292],"scale":[2.04457664,2.04457664,2.04457664]}
{"name":"c87","class":"Prefab","persistentId":"95dce718-196d-47e3-96af-a4eb4a1a65f3","__parent":"beach","position":[970.014038,803.338928,123.485107],"annotation":"ROCK","filename":"/levels/jungle_rock_island/art/prefabs/pac_rock_wall_collection_2.prefab","rotationMatrix":[-0.224825904,-0.938344121,0.262605786,-0.864530742,0.0677728802,-0.497987717,0.449486852,-0.338991463,-0.826465249],"scale":[2.04457664,2.04457664,2.04457664]}
{"name":"c88","class":"Prefab","persistentId":"9e97c857-f4e1-422b-aa8f-740a10a05f27","__parent":"beach","position":[934.194397,832.447144,130.94545],"annotation":"ROCK","filename":"/levels/jungle_rock_island/art/prefabs/pac_rock_wall_collection_2.prefab","rotationMatrix":[0.984436154,0.167656764,-0.0526869781,-0.119493186,0.858402967,0.498863578,0.128864571,-0.484803796,0.865077078],"scale":[2.04457664,2.04457664,2.04457664]}
{"name":"c89","class":"Prefab","persistentId":"132951b2-7542-4d04-9b62-27b90d87dd3b","__parent":"beach","position":[914.142578,829.345337,130.936142],"annotation":"ROCK","filename":"/levels/jungle_rock_island/art/prefabs/pac_rock_wall_collection_2.prefab","rotationMatrix":[-0.994144022,-0.103341706,-0.0315882564,0.108009301,-0.941164553,-0.320222855,0.00336266309,-0.321759641,0.946815193],"scale":[2.04457664,2.04457664,2.04457664]}
{"name":"c90","class":"Prefab","persistentId":"573a0ceb-4a24-442d-90f0-2d900e9877d0","__parent":"beach","position":[901.172913,833.312866,131.654755],"annotation":"ROCK","filename":"/levels/jungle_rock_island/art/prefabs/cliff_rock_g3.prefab","rotationMatrix":[0.99984771,0.0174517408,0,-0.0174517408,0.99984771,0,0,0,1],"scale":[1.64841175,1.64841175,1.64841175]}
{"name":"c91","class":"Prefab","persistentId":"14ad24f5-9cbb-446b-a8b8-4a3ea9013660","__parent":"beach","position":[892.521484,836.813782,131.65332],"annotation":"ROCK","filename":"/levels/jungle_rock_island/art/prefabs/cliff_rock_g3.prefab","rotationMatrix":[0.41258356,0.864839792,0.286053687,-0.910919666,0.391712576,0.129562512,0,-0.314027339,0.949413896],"scale":[1.64841175,1.64841175,1.64841175]}
{"name":"c92","class":"Prefab","persistentId":"aa81eaf6-823d-4ce1-9d72-63658f7e3111","__parent":"beach","position":[882.322937,838.788391,131.663879],"annotation":"ROCK","filename":"/levels/jungle_rock_island/art/prefabs/cliff_rock_g3.prefab","rotationMatrix":[-0.155114174,-0.961252868,-0.227885783,0.98099196,-0.122651175,-0.150369138,0.116592325,-0.246878535,0.962006867],"scale":[1.64841175,1.64841175,1.64841175]}
{"name":"c93","class":"Prefab","persistentId":"f44824a9-2c2b-4425-9090-e95c4fecba31","__parent":"beach","position":[866.83374,853.227173,129.371933],"annotation":"ROCK","filename":"/levels/jungle_rock_island/art/prefabs/cliff_rock_g3.prefab","rotationMatrix":[0.995899558,-0.0460062958,0.0778923631,0.0308691636,0.982172608,0.18542932,-0.0850346833,-0.182264552,0.979565442],"scale":[1.64841175,1.64841175,1.64841175]}
{"name":"c94","class":"Prefab","persistentId":"2261df5f-0e4f-4509-8618-6f550ef87b67","__parent":"beach","position":[871.97937,841.870605,137.192368],"annotation":"ROCK","filename":"/levels/jungle_rock_island/art/prefabs/cliff_rock_g5.prefab","rotationMatrix":[-0.466355383,-0.883137465,0.0507950932,-0.881636202,0.45933342,-0.108302578,0.0723142028,-0.0952902958,-0.992819309],"scale":[1.44636917,1.44636917,1.44636917]}
{"name":"c95","class":"Prefab","persistentId":"cccc4063-cbb9-4ea8-8972-7780f17cbf56","__parent":"beach","position":[958.965576,811.01062,132.921295],"annotation":"ROCK","filename":"/levels/jungle_rock_island/art/prefabs/cliff_rock_g5.prefab","rotationMatrix":[0.834559739,-0.177188247,0.521645486,0.103684902,0.980463445,0.167154297,-0.54107213,-0.0854134858,0.836627305],"scale":[1.44636917,1.44636917,1.44636917]}
{"name":"c96","class":"Prefab","persistentId":"1fc5c49f-6f78-4404-98b1-5919d99c9529","__parent":"beach","position":[468.903442,764.129272,136.563126],"annotation":"ROCK","filename":"/levels/jungle_rock_island/art/prefabs/cliff_rock_g5.prefab","rotationMatrix":[0.767263412,-0.205743164,-0.607434034,-0.0666371286,0.916442811,-0.39457798,0.637860477,0.343222946,0.689442992],"scale":[1.44636917,1.44636917,1.44636917]}
{"name":"c98","class":"Prefab","persistentId":"acaa9303-1f55-48be-8a0b-0fbde0bd2de7","__parent":"beach","position":[950.884521,792.399902,140.301071],"annotation":"ROCK","filename":"/levels/jungle_rock_island/art/prefabs/cliff_rock_g1.prefab","rotationMatrix":[0.758131206,-0.579237282,0.299534172,0.630324483,0.768645525,-0.108971007,-0.167115569,0.271418154,0.947842002],"scale":[1.44636917,1.44636917,1.44636917]}
{"name":"c99","class":"Prefab","persistentId":"d63ef03e-4e75-4144-9eaf-21ebe93bdca0","__parent":"beach","position":[973.755005,839.856079,118.877441],"annotation":"ROCK","filename":"/levels/jungle_rock_island/art/prefabs/pac_rock_wall_collection_2.prefab","rotationMatrix":[0.370170444,-0.928811729,-0.0168103315,0.274533093,0.0920896232,0.957157612,-0.887471139,-0.358926535,0.289078414],"scale":[2.04457664,2.04457664,2.04457664]}
{"name":"c100","class":"Prefab","persistentId":"0ba6ec0c-a33b-45e7-8fc4-2f861403d17c","__parent":"beach","position":[975.639038,821.459045,119.205643],"annotation":"ROCK","filename":"/levels/jungle_rock_island/art/prefabs/pac_rock_wall_collection_2.prefab","rotationMatrix":[-0.33785677,-0.926299751,0.166796356,0.751075864,-0.158541292,0.640897155,-0.567218959,0.341808259,0.749286115],"scale":[2.04457664,2.04457664,2.04457664]}
{"name":"c101","class":"Prefab","persistentId":"6816fa70-dbb9-4b82-bf68-0e64948d7e2e","__parent":"beach","position":[972.493469,781.866699,121.337074],"annotation":"ROCK","filename":"/levels/jungle_rock_island/art/prefabs/pac_rock_wall_collection_2.prefab","rotationMatrix":[0.289154679,0.914428711,-0.283212781,-0.61144805,-0.051211305,-0.789625525,-0.736560106,0.401493788,0.544317544],"scale":[2.04457664,2.04457664,2.04457664]}
{"name":"c102","class":"Prefab","persistentId":"9e38014d-d054-4d0a-8f61-8dbe7c5fec7f","__parent":"beach","position":[986.531494,811.231812,109.43367],"annotation":"ROCK","filename":"/levels/jungle_rock_island/art/prefabs/cliff_rock_g5.prefab","rotationMatrix":[0.628700495,-0.0559417866,0.775632441,0.0772558376,0.996967852,0.00928449444,-0.773800015,0.0540849753,0.631116331],"scale":[3.82375479,3.82375479,3.82375479]}
{"name":"c103","class":"Prefab","persistentId":"45138a65-21c9-4d17-a47f-9180c5a24654","__parent":"beach","position":[980.660278,767.689392,110.15564],"annotation":"ROCK","filename":"/levels/jungle_rock_island/art/prefabs/cliff_rock_g5.prefab","rotationMatrix":[0.4061535,-0.248233721,0.879442275,0.179815754,0.965290129,0.189420983,-0.8959378,0.0812036991,0.436692894],"scale":[3.82375479,3.82375479,3.82375479]}
{"name":"c104","class":"Prefab","persistentId":"4d6bf141-885c-449a-ae82-414b0b35bd86","__parent":"beach","position":[982.856873,854.475098,107.673035],"annotation":"ROCK","filename":"/levels/jungle_rock_island/art/prefabs/cliff_rock_g5.prefab","rotationMatrix":[0.420491785,0.198550284,0.885304213,-0.635876596,0.760512531,0.131458491,-0.647184193,-0.618221581,0.446042776],"scale":[3.82375479,3.82375479,3.82375479]}
{"name":"c105","class":"Prefab","persistentId":"647df7ca-1e14-49e5-bf01-59c703b7acaa","__parent":"beach","position":[997.787354,825.74408,104.901207],"annotation":"ROCK","filename":"/levels/jungle_rock_island/art/prefabs/cliff_rock_g5.prefab","rotationMatrix":[0.495779127,-0.130992278,0.85851264,-0.184806302,0.950002849,0.25167504,-0.848557174,-0.283433735,0.446783751],"scale":[3.82375479,3.82375479,3.82375479]}
{"name":"c106","class":"Prefab","persistentId":"0363c54e-b93e-40e7-b3d2-fe3333e57cbd","__parent":"beach","position":[960.965759,765.563782,122.246643],"annotation":"ROCK","filename":"/levels/jungle_rock_island/art/prefabs/pac_rock_wall_collection_2.prefab","rotationMatrix":[0.563976943,0.807780564,0.171523571,0.45453167,-0.477067351,0.752201736,0.689442277,-0.34626168,-0.63621676],"scale":[2.04457664,2.04457664,2.04457664]}
{"name":"c107","class":"Prefab","persistentId":"f709f0d7-6f5a-4d94-85f8-f7dc87578ea1","__parent":"beach","position":[949.388855,750.202515,120.368568],"annotation":"ROCK","filename":"/levels/jungle_rock_island/art/prefabs/pac_rock_wall_collection_2.prefab","rotationMatrix":[0.709660351,0.701670229,0.0635632277,-0.253418267,0.338398576,-0.906236649,-0.657389224,0.627012312,0.417964339],"scale":[2.04457664,2.04457664,2.04457664]}
{"name":"c108","class":"Prefab","persistentId":"8e7767bc-1d0a-472a-ad9c-b206156a6dd3","__parent":"beach","position":[942.242004,760.617371,128.033417],"annotation":"ROCK","filename":"/levels/jungle_rock_island/art/prefabs/cliff_rock_g5.prefab","rotationMatrix":[-0.210431337,0.825367689,-0.523914695,-0.977581143,-0.173646346,0.119087368,0.00731500424,0.537228942,0.84340471],"scale":[1.44636917,1.44636917,1.44636917]}
{"name":"c109","class":"Prefab","persistentId":"752f6ac6-488e-4d8b-8ee2-d490bafb4744","__parent":"beach","position":[926.751831,765.085144,131.172836],"annotation":"ROCK","filename":"/levels/jungle_rock_island/art/prefabs/cliff_rock_g5.prefab","rotationMatrix":[0.999947071,0.00986738037,-0.00291965296,-0.00987403933,0.99994868,-0.00227487017,0.00289705629,0.00230357866,0.999993145],"scale":[1.44636917,1.44636917,1.44636917]}
{"name":"c110","class":"Prefab","persistentId":"06383ea1-2263-4d9c-b0b3-164d0d8e5728","__parent":"beach","position":[933.790466,764.176636,131.182816],"annotation":"ROCK","filename":"/levels/jungle_rock_island/art/prefabs/cliff_rock_g5.prefab","rotationMatrix":[-0.104928762,-0.71586591,0.690307975,0.98200947,0.0349955857,0.185559496,-0.156993523,0.6973598,0.69931531],"scale":[1.44636917,1.44636917,1.44636917]}
{"name":"c111","class":"Prefab","persistentId":"71b71458-648b-4c58-a832-fed63d7bb6b8","__parent":"beach","position":[914.226135,757.288025,122.775421],"annotation":"ROCK","filename":"/levels/jungle_rock_island/art/prefabs/pac_rock_wall_collection_2.prefab","rotationMatrix":[0.999964476,0.0083273109,-0.00132048875,-0.00670183683,0.690002024,-0.7237764,-0.00511597143,0.723759592,0.690033317],"scale":[2.04457664,2.04457664,2.04457664]}
{"name":"c112","class":"Prefab","persistentId":"0151bb28-c0ac-4a54-b03d-19ddd8a0f477","__parent":"beach","position":[922.233826,749.606323,120.715225],"annotation":"ROCK","filename":"/levels/jungle_rock_island/art/prefabs/pac_rock_wall_collection_2.prefab","rotationMatrix":[1,0.000110914698,-0.000131190347,-0.000166221245,0.431770921,-0.901983261,-4.33990281e-05,0.901983261,0.431770951],"scale":[2.04457664,2.04457664,2.04457664]}
{"name":"c113","class":"Prefab","persistentId":"9e6cbf74-79b6-4e4e-921f-a380eab5b528","__parent":"beach","position":[569.953552,929.48584,120.245232],"annotation":"ROCK","filename":"/levels/jungle_rock_island/art/prefabs/pac_rock_wall_collection_2.prefab","rotationMatrix":[0.999917209,0.00568164047,0.0115445778,-0.0128669469,0.44154042,0.897149086,-1.19379308e-07,-0.897223353,0.441576988],"scale":[2.04457664,2.04457664,2.04457664]}
{"name":"c114","class":"Prefab","persistentId":"1bbf20d1-caaa-4945-b185-cfcca487a61c","__parent":"beach","position":[591.957214,911.930908,122.153221],"annotation":"ROCK","filename":"/levels/jungle_rock_island/art/prefabs/cliff_rock_g1.prefab","rotationMatrix":[0.0908879116,-0.158033207,-0.983242035,-0.00158642128,0.98730427,-0.158832759,0.995859802,0.0159958135,0.0894833133],"scale":[2.3766861,2.3766861,2.3766861]}
{"name":"c115","class":"Prefab","persistentId":"bf2519a8-41f5-4fa2-9191-ad536fa7a834","__parent":"beach","position":[598.700989,928.906189,116.75811],"annotation":"ROCK","filename":"/levels/jungle_rock_island/art/prefabs/cliff_rock_g1.prefab","rotationMatrix":[0.206205845,0.207949966,0.956156909,0.00130599469,0.977097988,-0.212786019,-0.978507757,0.045126453,0.201211736],"scale":[2.3766861,2.3766861,2.3766861]}
{"name":"c116","class":"Prefab","persistentId":"fcee3005-6f51-4b36-9daf-366ce51a2889","__parent":"beach","position":[584.039124,930.316956,122.417809],"annotation":"ROCK","filename":"/levels/jungle_rock_island/art/prefabs/cliff_rock_g1.prefab","rotationMatrix":[0.999910772,0.00369524304,0.0128370542,-0.00140698801,0.984766126,-0.173878491,-0.0132840192,0.173844919,0.984683454],"scale":[2.3766861,2.3766861,2.3766861]}
{"name":"c117","class":"Prefab","persistentId":"307b0cff-e042-4484-8310-b2157bdd9e8e","__parent":"beach","position":[431.335449,935.936951,121.104599],"annotation":"ROCK","filename":"/levels/jungle_rock_island/art/prefabs/cliff_rock_g1.prefab","rotationMatrix":[0.241668493,0.970357895,0.0012999851,-0.970207572,0.241654262,-0.0173349027,-0.0171352066,0.00292804465,0.999848902],"scale":[2.3766861,2.3766861,2.3766861]}
{"name":"c118","class":"Prefab","persistentId":"917f78de-656d-432a-bda7-f3ec31c62744","__parent":"beach","position":[408.909576,933.188416,122.643715],"annotation":"ROCK","filename":"/levels/jungle_rock_island/art/prefabs/cliff_rock_g1.prefab","rotationMatrix":[-0.143352509,0.121544845,-0.982179523,0.978356063,-0.132240266,-0.159159213,-0.149228677,-0.98373729,-0.0999571905],"scale":[2.3766861,2.3766861,2.3766861]}
{"name":"c119","class":"Prefab","persistentId":"4dc2ea79-9231-4b41-955d-a1d1d50a89c2","__parent":"beach","position":[385.786743,932.381531,122.643715],"annotation":"ROCK","filename":"/levels/jungle_rock_island/art/prefabs/cliff_rock_g1.prefab","rotationMatrix":[0.475530684,-0.879690051,-0.00396428723,0.879697561,0.475517154,0.00390849821,-0.00155318005,-0.00534598436,0.999984503],"scale":[2.3766861,2.3766861,2.3766861]}
{"name":"c120","class":"Prefab","persistentId":"ea0bb124-d72e-40de-97ab-76d25d12820e","__parent":"beach","position":[366.594238,919.466919,122.324982],"annotation":"ROCK","filename":"/levels/jungle_rock_island/art/prefabs/cliff_rock_g1.prefab","rotationMatrix":[-0.31315136,0.616266608,0.722599983,-0.873009205,-0.486339718,0.0364392772,0.373885512,-0.619425774,0.690304577],"scale":[2.3766861,2.3766861,2.3766861]}
{"name":"c121","class":"Prefab","persistentId":"303c6c40-c89c-4bc3-b9e3-d80dc5b33ea8","__parent":"beach","position":[381.915955,901.556335,123.300331],"annotation":"ROCK","filename":"/levels/jungle_rock_island/art/prefabs/cliff_rock_g1.prefab","rotationMatrix":[-0.0911965594,0.99583137,0.00173775712,-0.995827138,-0.0912018269,0.00323952897,0.00338451099,-0.00143507181,0.999993265],"scale":[2.3766861,2.3766861,2.3766861]}
{"name":"c122","class":"Prefab","persistentId":"1bcb6dcc-0d08-4607-b236-9e0337ce0ac9","__parent":"beach","position":[429.140106,944.597839,119.383438],"annotation":"ROCK","filename":"/levels/jungle_rock_island/art/prefabs/pac_rock_wall_collection_2.prefab","rotationMatrix":[0.993657172,-0.0764072314,-0.08250615,0.104839757,0.364108801,0.925436854,-0.0406688638,-0.928216994,0.369809777],"scale":[2.04457664,2.04457664,2.04457664]}
{"name":"c123","class":"Prefab","persistentId":"3eeaac0c-0fb9-4d34-96fe-6c2a4886257f","__parent":"beach","position":[408.871643,945.172729,118.900246],"annotation":"ROCK","filename":"/levels/jungle_rock_island/art/prefabs/pac_rock_wall_collection_2.prefab","rotationMatrix":[0.988450468,0.10091342,-0.11305742,-0.0904239565,-0.205931261,-0.97437942,-0.121610023,0.973349094,-0.194427878],"scale":[2.04457664,2.04457664,2.04457664]}
{"name":"c124","class":"Prefab","persistentId":"3ae7bdd1-00c6-41b5-97a2-6d4a6ba823ed","__parent":"beach","position":[388.320435,943.344299,119.565468],"annotation":"ROCK","filename":"/levels/jungle_rock_island/art/prefabs/pac_rock_wall_collection_2.prefab","rotationMatrix":[0.294862807,-0.92876637,0.224606708,0.0868152082,-0.208046198,-0.974258125,0.951587439,0.306771874,0.0192859881],"scale":[2.04457664,2.04457664,2.04457664]}
{"name":"c125","class":"Prefab","persistentId":"3637e4c5-fccc-4c8f-ae89-6882de3c64d4","__parent":"beach","position":[568.232117,934.930481,119.884056],"annotation":"ROCK","filename":"/levels/jungle_rock_island/art/prefabs/pac_rock_wall_collection_2.prefab","rotationMatrix":[0.902242303,0.406366646,-0.144306049,-0.031718038,-0.271196574,-0.962000847,-0.430060387,0.872535527,-0.231795967],"scale":[2.04457664,2.04457664,2.04457664]}
{"name":"c126","class":"Prefab","persistentId":"d9506077-8816-40b5-9f75-3c8bec7f6f23","__parent":"beach","position":[551.824768,931.247253,119.879707],"annotation":"ROCK","filename":"/levels/jungle_rock_island/art/prefabs/pac_rock_wall_collection_2.prefab","rotationMatrix":[0.14635396,-0.988978207,0.0224150065,0.203467086,0.00792011432,-0.979049325,0.968080938,0.147848547,0.202383667],"scale":[2.04457664,2.04457664,2.04457664]}
{"name":"c127","class":"Prefab","persistentId":"82a23360-bb43-4f30-98c5-02268319db43","__parent":"beach","position":[-905.942749,678.952942,129.275848],"annotation":"ROCK","filename":"/levels/jungle_rock_island/art/prefabs/cliff_rock_g5.prefab","rotationMatrix":[-0.259100258,0.614761233,0.744939327,-0.950934172,-0.297394216,-0.0853236467,0.169087127,-0.730496168,0.661652565],"scale":[1.44636917,1.44636917,1.44636917]}
{"name":"c128","class":"Prefab","persistentId":"cd2a0c52-ccfe-49fd-82ab-bdcec7c916e8","__parent":"beach","position":[475.779388,753.76239,141.862457],"annotation":"ROCK","filename":"/levels/jungle_rock_island/art/prefabs/cliff_rock_g3.prefab","rotationMatrix":[0.131893486,0.931981862,-0.337659001,-0.991263926,0.12400566,-0.0449275151,0,0.340634823,0.940195501],"scale":[1.44636917,1.44636917,1.44636917]}
{"name":"c129","class":"Prefab","persistentId":"04b0fd59-b603-4835-9a72-f0a6d0ea63f6","__parent":"beach","position":[484.98996,755.529358,140.056458],"annotation":"ROCK","filename":"/levels/jungle_rock_island/art/prefabs/cliff_rock_g3.prefab","rotationMatrix":[0.140974671,-0.935692608,0.323427141,0.777915061,0.306761622,0.548402429,-0.612351179,0.17428802,0.771135092],"scale":[1.44636917,1.44636917,1.44636917]}
{"name":"c130","class":"Prefab","persistentId":"89b10212-0aed-4637-9a47-2708281cfe3c","__parent":"beach","position":[476.271942,763.020386,144.585159],"annotation":"ROCK","filename":"/levels/jungle_rock_island/art/prefabs/cliff_rock_g3.prefab","rotationMatrix":[-0.13945666,-0.686623991,-0.713511467,0.990226746,-0.0978669375,-0.0993619263,-0.0016048887,-0.720395029,0.693561912],"scale":[1.44636917,1.44636917,1.44636917]}
{"name":"c131","class":"Prefab","persistentId":"fab7a5fa-7483-4141-bc1f-614f6db9079a","__parent":"beach","position":[582.29071,752.409424,139.364868],"annotation":"ROCK","filename":"/levels/jungle_rock_island/art/prefabs/cliff_rock_g3.prefab","rotationMatrix":[0.21590893,0.899959087,0.378755718,-0.967249572,0.250154138,-0.0430110209,-0.13345553,-0.357065022,0.924496174],"scale":[1.44636917,1.44636917,1.44636917]}
{"name":"c132","class":"Prefab","persistentId":"d77674ac-84ff-49e0-ba06-d847521c7609","__parent":"beach","position":[574.547241,754.349304,139.371414],"annotation":"ROCK","filename":"/levels/jungle_rock_island/art/prefabs/cliff_rock_g3.prefab","rotationMatrix":[-0.0531360507,-0.890629947,-0.451613337,0.998585224,-0.0482730456,-0.0222921986,-0.00194665277,-0.452159107,0.891935229],"scale":[1.44636917,1.44636917,1.44636917]}
{"name":"c133","class":"Prefab","persistentId":"9989a62c-cb72-4eef-bf97-c787adb2ec86","__parent":"beach","position":[594.192627,749.061279,145.522095],"annotation":"ROCK","filename":"/levels/jungle_rock_island/art/prefabs/cliff_rock_g1.prefab","rotationMatrix":[-0.300122052,-0.807612419,-0.507630587,0.930980504,-0.363946348,0.0286030173,-0.207850441,-0.464009911,0.86109966],"scale":[1.44636917,1.44636917,1.44636917]}
{"name":"c134","class":"Prefab","persistentId":"f710b69b-f816-483f-9b14-e53f2ececfed","__parent":"beach","position":[575.544739,741.127075,148.522964],"annotation":"ROCK","filename":"/levels/jungle_rock_island/art/prefabs/cliff_rock_g1.prefab","rotationMatrix":[-0.235576019,-0.971854568,-0.00157418661,0.971851647,-0.235579446,0.00256057968,-0.00285935705,-0.000926664856,0.99999547],"scale":[1.44636917,1.44636917,1.44636917]}
{"name":"c135","class":"Prefab","persistentId":"08059ae7-0bf2-4250-8b28-550958834b5e","__parent":"beach","position":[561.474915,740.970337,148.522964],"annotation":"ROCK","filename":"/levels/jungle_rock_island/art/prefabs/cliff_rock_g1.prefab","rotationMatrix":[0.0671079382,0.997745514,7.0298247e-06,-0.997745514,0.0671079382,1.9396959e-05,1.8881472e-05,-8.31566649e-06,1],"scale":[1.44636917,1.44636917,1.44636917]}
{"name":"c136","class":"Prefab","persistentId":"b0605e28-314d-4f5d-b589-875b8a6c3110","__parent":"beach","position":[563.983093,752.007629,143.358063],"annotation":"ROCK","filename":"/levels/jungle_rock_island/art/prefabs/cliff_rock_g1.prefab","rotationMatrix":[-0.0396753848,-0.945307136,-0.323759496,0.9912799,-0.0779841095,0.106219351,-0.125658005,-0.316722006,0.94015801],"scale":[1.44636917,1.44636917,1.44636917]}
{"class":"DecalRoad","persistentId":"2e9e33c4-ee7f-43f6-a982-00a761b93e69","__parent":"beach","position":[493.726654,740.967773,142.171722],"distanceFade":[150,50],"improvedSpline":true,"material":"bank_erosion","nodes":[[493.726654,740.967773,142.171722,6],[505.939819,742.166077,142.922607,6],[518.446106,740.076416,143.772491,6],[527.844482,739.013245,145.576645,6],[537.152039,741.662598,145.68956,6],[551.158936,741.658875,147.872009,6]],"startEndFade":[5,5],"textureLength":20}
{"class":"DecalRoad","persistentId":"714c7dcf-696f-44e5-8a7f-b8c55e59774c","__parent":"beach","position":[525.755981,750.744507,141.675339],"distanceFade":[150,50],"improvedSpline":true,"material":"bank_erosion","nodes":[[525.755981,750.744507,141.675339,4],[539.682312,751.841919,142.647217,4],[558.148071,753.603516,143.879883,4]],"startEndFade":[5,5],"textureLength":20}
{"class":"DecalRoad","persistentId":"ea6388c3-2c12-4a15-941d-ca5145585c01","__parent":"beach","position":[584.141235,741.290894,149.389297],"distanceFade":[150,50],"improvedSpline":true,"material":"bank_erosion","nodes":[[584.141235,741.290894,149.389297,4],[593.218933,737.344666,150.934052,4],[601.820251,733.809509,150.754456,4],[614.158508,728.149109,151.636353,4],[625.166382,720.336914,155.334473,4],[634.398254,716.553467,155.456238,4],[645.430542,708.544495,155.213593,4],[654.399536,701.442261,156.396317,4],[663.604675,688.44989,156.05191,4]],"startEndFade":[5,5],"textureLength":20}
{"class":"DecalRoad","persistentId":"5a04e917-7c58-4cc3-8836-525c88f296f9","__parent":"beach","position":[602.802612,745.863708,146.91951],"distanceFade":[150,50],"improvedSpline":true,"material":"bank_erosion","nodes":[[602.802612,745.863708,146.91951,4],[613.265869,740.953125,147.303848,4],[622.056458,735.493835,148.686829,4],[632.534302,729.9021,151.790436,4],[640.615479,724.541382,152.6716,4],[647.370117,718.106567,152.708344,4],[653.297363,714.612854,153.026184,4]],"startEndFade":[5,5],"textureLength":20}
{"class":"DecalRoad","persistentId":"ce1fd237-3dc9-4e57-aa19-6a4758123a54","__parent":"beach","position":[652.481506,717.868774,151.434204],"distanceFade":[150,50],"improvedSpline":true,"material":"bank_erosion","nodes":[[652.481506,717.868774,151.434204,4],[638.8797,729.989258,151.560776,4]],"startEndFade":[5,5],"textureLength":20}
{"name":"c2","class":"Prefab","persistentId":"e50dd568-85bd-4d2b-957a-5b47449a9ac7","__parent":"beach","position":[625.740417,-751.967102,124.338638],"annotation":"ROCK","filename":"/levels/jungle_rock_island/art/prefabs/pac_rock_wall_collection_2.prefab","rotationMatrix":[-0.96215415,0.240862727,-0.127453521,-0.266658843,-0.735820115,0.622464061,0.0561456084,0.632892907,0.772200644],"scale":[2.04457664,2.04457664,2.04457664]}
{"name":"c1","class":"Prefab","persistentId":"66d2b167-b0fb-40e7-8326-acc83b27f519","__parent":"beach","position":[962.853088,-360.552826,127.730637],"annotation":"ROCK","filename":"/levels/jungle_rock_island/art/prefabs/cliff_rock_g3.prefab","rotationMatrix":[0.00768183079,-0.999970436,0,0.999970436,0.00768183079,0,0,0,1],"scale":[1.44636917,1.44636917,1.44636917]}
{"name":"c3","class":"Prefab","persistentId":"8e35ec2a-c875-4322-a075-dbdf87118d94","__parent":"beach","position":[959.399658,-354.996002,124.352226],"annotation":"ROCK","filename":"/levels/jungle_rock_island/art/prefabs/cliff_rock_g3.prefab","rotationMatrix":[-0.440796673,-0.44994548,-0.776689649,0.667584777,-0.74275583,0.0514111221,-0.600023329,-0.495844483,0.627781272],"scale":[1.44636917,1.44636917,1.44636917]}
{"name":"c4","class":"Prefab","persistentId":"cd7a036c-a804-4a98-af62-6ff1bf62b835","__parent":"beach","position":[947.148926,-341.871552,122.195534],"annotation":"ROCK","filename":"/levels/jungle_rock_island/art/prefabs/pac_rock_wall_collection_2.prefab","rotationMatrix":[0.865786135,-0.437504768,-0.242906243,-0.376989394,-0.251035988,-0.891548693,0.329078645,0.863463998,-0.382278144],"scale":[2.04457664,2.04457664,2.04457664]}
{"name":"c5","class":"Prefab","persistentId":"6aeb1691-bb62-4e30-88a9-34d5b0fbeab1","__parent":"beach","position":[928.720947,-335.520844,121.888176],"annotation":"ROCK","filename":"/levels/jungle_rock_island/art/prefabs/pac_rock_wall_collection_2.prefab","rotationMatrix":[0.987100244,-0.159128144,-0.0176445544,0.0680993721,0.317560911,0.945789278,-0.144898474,-0.934790552,0.324301034],"scale":[2.04457664,2.04457664,2.04457664]}
{"name":"c6","class":"Prefab","persistentId":"1c675bcf-ff8a-44b8-a627-1d5e98f1da1d","__parent":"beach","position":[962.7995,-327.47229,109.540428],"annotation":"ROCK","filename":"/levels/jungle_rock_island/art/prefabs/cliff_rock_g1.prefab","rotationMatrix":[-0.372273296,0.0143166967,-0.928012371,0.232522428,-0.96655494,-0.108187936,-0.898524165,-0.25605917,0.356493592],"scale":[6.42686844,6.42686844,6.42686844]}
{"class":"DecalRoad","persistentId":"d18c91b4-8034-44dd-8f2b-b1b421bae7b2","__parent":"beach","position":[969.542847,-463.140717,125.586037],"distanceFade":[150,50],"improvedSpline":true,"material":"bank_erosion","nodes":[[969.542847,-463.140717,125.586037,4],[959.784485,-461.499969,128.363373,6],[947.40625,-468.632874,127.927094,5],[945.219482,-477.011658,126.405434,4],[943.529053,-485.234161,125.76239,4],[939.516052,-502.43512,127.104568,4]],"startEndFade":[5,5],"textureLength":20}
{"class":"DecalRoad","persistentId":"bc531f89-3a45-4328-b6f3-fed89b7724ad","__parent":"beach","position":[940.706665,-507.802185,126.294464],"distanceFade":[150,50],"improvedSpline":true,"material":"bank_erosion","nodes":[[940.706665,-507.802185,126.294464,4],[944.394043,-513.312622,125.689835,4],[947.791443,-521.077942,125.615097,4],[942.170654,-540.254639,126.537018,4]],"startEndFade":[5,5],"textureLength":20}
{"class":"DecalRoad","persistentId":"18f6ea4c-e0cc-44f3-8916-e3f1ef21876e","__parent":"beach","position":[937.603882,-544.466675,126.528625],"distanceFade":[150,50],"improvedSpline":true,"material":"bank_erosion","nodes":[[937.603882,-544.466675,126.528625,4],[939.412109,-556.000732,126.166451,4],[940.145203,-572.851807,125.927292,4],[937.583313,-585.421631,128.5569,8],[942.431702,-595.096741,126.165619,4],[950.223389,-597.64856,125.946373,4],[955.2771,-607.665283,125.702263,4],[961.417908,-625.732666,126.281799,4]],"startEndFade":[5,5],"textureLength":20}
{"name":"c7","class":"Prefab","persistentId":"212ef418-9201-4ab0-ae39-eb499fc8e2d0","__parent":"beach","position":[661.805969,-750.914795,121.591988],"annotation":"ROCK","filename":"/levels/jungle_rock_island/art/prefabs/pac_rock_wall_collection_1.prefab","rotationMatrix":[0.997521341,-0.0104254736,-0.0695861503,-0.0628420338,0.312861681,-0.94771719,0.0316512436,0.949741304,0.31143105],"scale":[2.71020985,2.71020985,2.71020985]}
{"name":"c8","class":"Prefab","persistentId":"20456790-a39d-4031-87fb-e1d8e1462c64","__parent":"beach","position":[697.505188,-752.066956,118.481194],"annotation":"ROCK","filename":"/levels/jungle_rock_island/art/prefabs/pac_rock_wall_collection_1.prefab","rotationMatrix":[0.9761374,-0.217152849,-0.000698560616,0.215748549,0.969449401,0.116707206,-0.0246660821,-0.114072978,0.993166149],"scale":[2.71020985,2.71020985,2.71020985]}
{"name":"c9","class":"Prefab","persistentId":"072e4849-e40c-4ca3-b5fa-d5dff7ba7879","__parent":"beach","position":[-739.392334,-941.017822,122.508911],"annotation":"ROCK","filename":"/levels/jungle_rock_island/art/prefabs/cliff_rock_g1.prefab","rotationMatrix":[-0.920049012,0.391803324,0,-0.391803324,-0.920049012,0,0,0,1],"scale":[1.44636917,1.44636917,1.44636917]}
{"name":"c10","class":"Prefab","persistentId":"d1ed5af1-8630-4825-9e60-c5161583c3fe","__parent":"beach","position":[598.564209,-727.064575,129.690125],"annotation":"ROCK","filename":"/levels/jungle_rock_island/art/prefabs/cliff_rock_g3.prefab","rotationMatrix":[0.985340834,0.0128468322,0.170111865,-0.0126595534,0.999917448,-0.00218557892,-0.170125902,0,0.985422194],"scale":[1.70558143,1.70558143,1.70558143]}
{"name":"c13","class":"Prefab","persistentId":"7188b471-fcb1-44d4-a58c-6296352f4e8f","__parent":"beach","position":[963.01593,830.039246,127.639816],"annotation":"ROCK","filename":"/levels/jungle_rock_island/art/prefabs/cliff_rock_g5.prefab","rotationMatrix":[0.890342593,0.0107596815,0.455163181,0.057575345,0.989033341,-0.136002794,-0.451635003,0.147295177,0.879959345],"scale":[1.44636917,1.44636917,1.44636917]}
{"name":"c14","class":"Prefab","persistentId":"4c75f74d-1f89-400d-94d6-52e5d148b596","__parent":"beach","position":[974.945129,-566.557251,116.577477],"annotation":"ROCK","filename":"/levels/jungle_rock_island/art/prefabs/pac_rock_wall_collection_1.prefab","rotationMatrix":[0.0178198647,0.999840021,0.00142897537,-0.999840617,0.0178184342,0.00100643304,0.000980810029,-0.00144668203,0.99999845],"scale":[2.71020985,2.71020985,2.71020985]}
{"name":"c15","class":"Prefab","persistentId":"aa78626e-93c4-4d1d-a6ae-a5888bf32a0e","__parent":"beach","position":[610.342346,-738.544128,130.83519],"annotation":"ROCK","filename":"/levels/jungle_rock_island/art/prefabs/pac_rock_wall_collection_2.prefab","rotationMatrix":[0.860917151,-0.0963642895,0.499535084,0.408916622,0.715235353,-0.566767216,-0.302669078,0.692207813,0.655163467],"scale":[2.04457664,2.04457664,2.04457664]}
{"name":"c16","class":"Prefab","persistentId":"37c342d4-626a-4f9a-abd7-97ee673ef93b","__parent":"beach","position":[-818.064087,24.5180607,120.881172],"annotation":"ROCK","filename":"/levels/jungle_rock_island/art/prefabs/cliff_rock_g3.prefab","rotationMatrix":[-0.48957479,-0.185017794,-0.85210526,0.672056913,0.542572856,-0.503937483,0.555566907,-0.81937933,-0.141287327],"scale":[1.44636917,1.44636917,1.44636917]}
{"name":"c17","class":"Prefab","persistentId":"cbcbb55e-2a6b-476b-a1b9-7a304bf8005a","__parent":"beach","position":[598.221985,-739.117859,122.503105],"annotation":"ROCK","filename":"/levels/jungle_rock_island/art/prefabs/cliff_rock_g4.prefab","rotationMatrix":[0.628481984,0.140109763,-0.765100777,-0.652329624,0.630690336,-0.420351714,0.423646271,0.763281524,0.487775147],"scale":[1.8337369,1.8337369,1.8337369]}
{"name":"c18","class":"Prefab","persistentId":"1a6a5883-39de-4b01-ad9f-139785aec319","__parent":"beach","position":[602.741699,-712.922058,132.980316],"annotation":"ROCK","filename":"/levels/jungle_rock_island/art/prefabs/pac_rock_wall_collection_2.prefab","rotationMatrix":[-0.124119364,-0.992267132,2.60639681e-05,0.992267132,-0.124119364,5.69239205e-07,2.67020596e-06,2.59330736e-05,1],"scale":[2.04457664,2.04457664,2.04457664]}
{"name":"c19","class":"Prefab","persistentId":"e666a643-15c4-4db4-9786-eec02b417704","__parent":"beach","position":[596.77655,-709.358582,123.512306],"annotation":"ROCK","filename":"/levels/jungle_rock_island/art/prefabs/cliff_rock_g1.prefab","rotationMatrix":[-0.52132082,-0.010939382,0.853290141,0.275303423,0.944297671,0.180303857,-0.807732463,0.328909993,-0.489270538],"scale":[1.69928229,1.69928229,1.69928229]}
{"name":"c20","class":"Prefab","persistentId":"3ba738c7-0c1a-491f-92e4-fef5e011e90d","__parent":"beach","position":[605.523926,-694.322815,128.662903],"annotation":"ROCK","filename":"/levels/jungle_rock_island/art/prefabs/cliff_rock_g1.prefab","rotationMatrix":[0.812699378,-0.352136225,-0.464240998,0.401456177,0.915842593,0.00810318906,0.42231822,-0.192957863,0.885671675],"scale":[1.44636917,1.44636917,1.44636917]}
{"name":"c21","class":"Prefab","persistentId":"83ecde0b-1e3a-4bb3-85c0-8cb4acc4ae6b","__parent":"beach","position":[610.447632,-727.686951,141.254211],"annotation":"ROCK","filename":"/levels/jungle_rock_island/art/prefabs/cliff_rock_g5.prefab","rotationMatrix":[0.502820194,0.291015148,-0.813929677,-0.843687832,-0.0396200418,-0.535369754,-0.188048676,0.95589757,0.225604236],"scale":[1.44636917,1.44636917,1.44636917]}
{"name":"c22","class":"Prefab","persistentId":"057eef8f-2489-477f-b0cf-1c8b4a02982f","__parent":"beach","position":[609.008301,-695.37146,135.607742],"annotation":"ROCK","filename":"/levels/jungle_rock_island/art/prefabs/cliff_rock_g5.prefab","rotationMatrix":[0.901198983,-0.433390081,-0.00362050044,0.433349192,0.901185334,-0.00854832865,0.00696750265,0.00613480387,0.999956906],"scale":[1.44636917,1.44636917,1.44636917]}
{"name":"c23","class":"Prefab","persistentId":"ada22b02-f724-4edd-99d7-f045eb5b3d21","__parent":"beach","position":[610.679504,-681.744263,128.563553],"annotation":"ROCK","filename":"/levels/jungle_rock_island/art/prefabs/cliff_rock_g1.prefab","rotationMatrix":[-0.457253039,0.0991861224,-0.883788228,0.197863668,0.980199635,0.00763568282,0.867046535,-0.171378195,-0.467824817],"scale":[1.44636917,1.44636917,1.44636917]}
{"name":"c24","class":"Prefab","persistentId":"2f7ea677-ae99-485c-961c-b88019abfec2","__parent":"beach","position":[641.637268,-756.473633,129.099243],"annotation":"ROCK","filename":"/levels/jungle_rock_island/art/prefabs/cliff_rock_g3.prefab","rotationMatrix":[0.99984771,0.0174517408,0,-0.0174517408,0.99984771,0,0,0,1],"scale":[1.44636917,1.44636917,1.44636917]}
{"name":"c25","class":"Prefab","persistentId":"f2cf5eeb-3354-40d6-b77c-49dfc46ce070","__parent":"beach","position":[646.180664,-753.430847,127.345711],"annotation":"ROCK","filename":"/levels/jungle_rock_island/art/prefabs/cliff_rock_g3.prefab","rotationMatrix":[-0.500706792,0.752442241,-0.42792806,-0.862054884,-0.478251338,0.167738631,-0.078443557,0.452885419,0.888110816],"scale":[1.44636917,1.44636917,1.44636917]}
