{"class":"TSStatic","persistentId":"4a884ae1-1e7b-46ce-947b-0acebb39850c","__parent":"rocks","position":[-246.134521,-467.341675,130.271683],"annotation":"ROCK","isRenderEnabled":false,"rotationMatrix":[-0.282733917,-0.107131749,0.953197241,0.931675076,-0.267019153,0.246339023,0.228130937,0.957718194,0.175306916],"shapeName":"/levels/jungle_rock_island/art/shapes/rocks/pac_rock_large_2.dae","useInstanceRenderData":true}
{"class":"TSStatic","persistentId":"08f41321-4825-4539-a039-f603384d1a54","__parent":"rocks","position":[-244.538177,-465.371918,129.496826],"annotation":"ROCK","isRenderEnabled":false,"rotationMatrix":[0.697609186,-0.716478467,8.94069672e-08,-0.117088169,-0.114004254,0.986556172,-0.706846356,-0.688230634,-0.163421512],"scale":[1.47905278,1.47905278,1.47905278],"shapeName":"/levels/jungle_rock_island/art/shapes/rocks/pac_rock_large_3.dae","useInstanceRenderData":true}
{"class":"TSStatic","persistentId":"93657a9c-99cc-4317-aa7d-d5dcec7d8758","__parent":"rocks","position":[-241.677414,-463.195099,129.778107],"annotation":"ROCK","isRenderEnabled":false,"rotationMatrix":[0.223870099,-0.214236706,0.950781107,-0.134438187,0.959427893,0.247839749,-0.965302229,-0.183305204,0.185985625],"scale":[1.26010752,1.26010752,1.26010752],"shapeName":"/levels/jungle_rock_island/art/shapes/rocks/pac_rock_large_2.dae","useInstanceRenderData":true}
{"class":"TSStatic","persistentId":"b9f213b6-3ae2-43dc-a595-17108b60cb25","__parent":"rocks","position":[-241.972763,-465.218079,127.916168],"annotation":"ROCK","isRenderEnabled":false,"shapeName":"/levels/jungle_rock_island/art/shapes/rocks/pac_rock_large_1.dae","useInstanceRenderData":true}
{"class":"TSStatic","persistentId":"9b190e7e-3842-407c-aa33-243a82cdf029","__parent":"rocks","position":[-237.922546,-461.708038,128.772217],"annotation":"ROCK","isRenderEnabled":false,"rotationMatrix":[0.838991523,0.507949531,-0.195142329,0.444947302,-0.846848488,-0.291322857,-0.313233376,0.157589316,-0.93650949],"shapeName":"/levels/jungle_rock_island/art/shapes/rocks/pac_rock_large_1.dae","useInstanceRenderData":true}
{"class":"TSStatic","persistentId":"7e5d150d-7a93-4e18-aafc-f2cc59e6463f","__parent":"rocks","position":[-235.419861,-461.126282,130.727432],"annotation":"ROCK","isRenderEnabled":false,"rotationMatrix":[-0.395166278,0.918609381,0,-0.918609381,-0.395166278,0,0,0,1],"scale":[1.10385752,1.10385752,1.10385752],"shapeName":"/levels/jungle_rock_island/art/shapes/rocks/pac_rock_medium_1.dae","useInstanceRenderData":true}
{"class":"TSStatic","persistentId":"366d501a-b1ed-45fd-bf1e-176806ce0d84","__parent":"rocks","position":[-243.661911,-463.697083,127.165062],"annotation":"ROCK","isRenderEnabled":false,"rotationMatrix":[0.523791254,-0.840170026,-0.140559077,-0.0854799449,0.112332165,-0.989987075,0.847546935,0.530561507,-0.0129790306],"scale":[1.51386738,1.51386738,1.51386738],"shapeName":"/levels/jungle_rock_island/art/shapes/rocks/pac_rock_large_2.dae","useInstanceRenderData":true}
{"class":"TSStatic","persistentId":"20736eab-2591-4f1a-b5a5-08bdd4040431","__parent":"rocks","position":[-240.284927,-461.305298,127.145538],"annotation":"ROCK","isRenderEnabled":false,"rotationMatrix":[0.293637633,-0.0720584393,0.953196943,-0.616050482,0.748197079,0.246338874,-0.730929911,-0.659551859,0.175307155],"shapeName":"/levels/jungle_rock_island/art/shapes/rocks/pac_rock_large_2.dae","useInstanceRenderData":true}
{"class":"TSStatic","persistentId":"038121f6-3213-4f15-9c13-a82ca1c94245","__parent":"rocks","position":[-246.552505,-465.441254,128.172913],"annotation":"ROCK","isRenderEnabled":false,"rotationMatrix":[0.825317144,-0.559202373,-0.0783852339,0.46551317,0.595232546,0.65497756,-0.319607615,-0.577053547,0.751571774],"scale":[1.07519531,1.07519531,1.07519531],"shapeName":"/levels/jungle_rock_island/art/shapes/rocks/pac_rock_large_2.dae","useInstanceRenderData":true}
{"class":"TSStatic","persistentId":"880ea14c-94f1-4546-8007-e11a58a29197","__parent":"rocks","position":[-235.829742,-459.581055,127.755569],"annotation":"ROCK","isRenderEnabled":false,"rotationMatrix":[0.133324444,-0.949022412,-0.285623968,0.652994514,0.300913572,-0.695017338,0.745535195,-0.0938480496,0.659825623],"scale":[1.1887207,1.1887207,1.1887207],"shapeName":"/levels/jungle_rock_island/art/shapes/rocks/pac_rock_large_1.dae","useInstanceRenderData":true}
{"class":"TSStatic","persistentId":"3bc0d726-c1d0-4456-af39-5e9a907793f2","__parent":"rocks","position":[-242.652649,-458.726013,127.024391],"annotation":"ROCK","isRenderEnabled":false,"rotationMatrix":[0.936017573,-0.351953238,0,0.351953238,0.936017573,0,0,0,1],"shapeName":"/levels/jungle_rock_island/art/shapes/rocks/pac_rock_medium_flat.dae","useInstanceRenderData":true}
{"class":"TSStatic","persistentId":"b428f708-a4e5-456b-80f8-2701ab9ee1f8","__parent":"rocks","position":[-244.790955,-460.184662,126.852882],"annotation":"ROCK","isRenderEnabled":false,"rotationMatrix":[0.177431107,0,-0.984133065,0,1,0,0.984133065,0,0.177431107],"shapeName":"/levels/jungle_rock_island/art/shapes/rocks/pac_rock_medium_3.dae","useInstanceRenderData":true}
{"class":"TSStatic","persistentId":"583c96be-bf78-43e8-89c5-99a8bf5c1649","__parent":"rocks","position":[-248.717697,-461.482666,126.090935],"annotation":"ROCK","isRenderEnabled":false,"shapeName":"/levels/jungle_rock_island/art/shapes/rocks/pac_rock_large_3.dae","useInstanceRenderData":true}
{"class":"TSStatic","persistentId":"98f43d77-4994-41f0-9192-351679eb3e79","__parent":"rocks","position":[-245.469345,-462.873566,128.008392],"annotation":"ROCK","isRenderEnabled":false,"rotationMatrix":[-0.793281674,-0.608854532,0,0.608854532,-0.793281674,0,0,0,1],"shapeName":"/levels/jungle_rock_island/art/shapes/rocks/pac_rock_large_2.dae","useInstanceRenderData":true}
{"class":"TSStatic","persistentId":"c385ff57-daca-4032-a0cc-47a868d17dbe","__parent":"rocks","position":[-817.966248,-684.139343,160.389313],"annotation":"ROCK","isRenderEnabled":false,"rotationMatrix":[0.74607265,-0.665864527,0,0.665864527,0.74607265,0,0,0,1],"shapeName":"/levels/jungle_rock_island/art/shapes/rocks/pac_rock_large_1.dae","useInstanceRenderData":true}
{"class":"TSStatic","persistentId":"16488b03-6886-405e-a46b-5226b9847666","__parent":"rocks","position":[-816.795959,-687.977295,160.047501],"annotation":"ROCK","isRenderEnabled":false,"shapeName":"/levels/jungle_rock_island/art/shapes/rocks/pac_rock_large_2.dae","useInstanceRenderData":true}
{"class":"TSStatic","persistentId":"2499e6d8-9cba-4cc8-960e-2dc93a03eed9","__parent":"rocks","position":[-820.388489,-682.736572,159.441879],"annotation":"ROCK","isRenderEnabled":false,"shapeName":"/levels/jungle_rock_island/art/shapes/rocks/pac_rock_large_3.dae","useInstanceRenderData":true}
{"class":"TSStatic","persistentId":"abc56f06-21b4-4fb9-b843-2883361ee754","__parent":"rocks","position":[-815.070374,-686.414001,161.087982],"annotation":"ROCK","isRenderEnabled":false,"rotationMatrix":[-0.745967925,0.665771067,-0.0167554244,0.665864527,0.74607265,0,0.0125007639,-0.011156843,-0.999859631],"shapeName":"/levels/jungle_rock_island/art/shapes/rocks/pac_rock_large_1.dae","useInstanceRenderData":true}
{"class":"TSStatic","persistentId":"e7fdedb2-af90-4c22-9fc0-23ba23c1cbd9","__parent":"rocks","position":[-812.377686,-689.80188,160.676987],"annotation":"ROCK","isRenderEnabled":false,"rotationMatrix":[-0.640391827,0.768048346,-0.000280274078,-0.765683234,-0.638391197,0.0786498263,0.0602279343,0.0505813062,0.996902287],"shapeName":"/levels/jungle_rock_island/art/shapes/rocks/pac_rock_large_1.dae","useInstanceRenderData":true}
{"class":"TSStatic","persistentId":"c7c98816-1d09-4178-9375-9070aa30099a","__parent":"rocks","position":[-816.795959,-683.810364,163.113098],"annotation":"ROCK","isRenderEnabled":false,"shapeName":"/levels/jungle_rock_island/art/shapes/rocks/pac_rock_large_2.dae","useInstanceRenderData":true}
{"class":"TSStatic","persistentId":"b7153937-c770-4f30-9836-3d17aaf140bc","__parent":"rocks","position":[-817.28125,-680.918152,162.296021],"annotation":"ROCK","isRenderEnabled":false,"rotationMatrix":[-0.421149731,0.906991124,0,-0.906991124,-0.421149731,0,0,0,1],"shapeName":"/levels/jungle_rock_island/art/shapes/rocks/pac_rock_large_1.dae","useInstanceRenderData":true}
{"class":"TSStatic","persistentId":"8c110b72-4f9a-464b-9b15-164ba46c945a","__parent":"rocks","position":[-820.988892,-680.476379,158.711044],"annotation":"ROCK","isRenderEnabled":false,"rotationMatrix":[0.849750161,0.527185559,0,-0.527185559,0.849750161,0,0,0,1],"shapeName":"/levels/jungle_rock_island/art/shapes/rocks/pac_rock_large_1.dae","useInstanceRenderData":true}
{"class":"TSStatic","persistentId":"45bc0fe6-490a-4024-915d-5c6d510552e9","__parent":"rocks","position":[-822.79126,-677.829712,159.14122],"annotation":"ROCK","isRenderEnabled":false,"rotationMatrix":[-0.859027088,-0.511930168,0,0.511930168,-0.859027088,0,0,0,1],"shapeName":"/levels/jungle_rock_island/art/shapes/rocks/pac_rock_large_3.dae","useInstanceRenderData":true}
{"class":"TSStatic","persistentId":"a27d45be-63b1-421b-b032-8170f96b228a","__parent":"rocks","position":[953.963501,-804.46582,133.143875],"annotation":"ROCK","isRenderEnabled":false,"shapeName":"/levels/jungle_rock_island/art/shapes/rocks/pac_rock_medium_2.dae","useInstanceRenderData":true}
{"class":"TSStatic","persistentId":"9ac52bae-4dab-4b2b-9eed-cf0b8fce687f","__parent":"rocks","position":[952.988342,-803.827271,132.721786],"annotation":"ROCK","isRenderEnabled":false,"rotationMatrix":[-0.851584911,-0.381328672,-0.359710455,-0.31716466,-0.171553567,0.932725012,-0.417384386,0.908381999,0.0251484662],"shapeName":"/levels/jungle_rock_island/art/shapes/rocks/pac_rock_medium_2.dae","useInstanceRenderData":true}
{"class":"TSStatic","persistentId":"123699e4-d878-4007-ba17-d22d8c3a65ce","__parent":"rocks","position":[951.988281,-802.930359,132.492706],"annotation":"ROCK","isRenderEnabled":false,"shapeName":"/levels/jungle_rock_island/art/shapes/rocks/pac_rock_medium_3.dae","useInstanceRenderData":true}
{"class":"TSStatic","persistentId":"3036cfad-3fdd-44d4-962b-739e0463ecfb","__parent":"rocks","position":[966.868469,-813.725525,139.847473],"annotation":"ROCK","isRenderEnabled":false,"shapeName":"/levels/jungle_rock_island/art/shapes/rocks/pac_rock_large_2.dae","useInstanceRenderData":true}
{"class":"TSStatic","persistentId":"cd54ef97-368b-41ca-b36d-3fe70250a6e6","__parent":"rocks","position":[964.549744,-813.719543,140.215256],"annotation":"ROCK","isRenderEnabled":false,"shapeName":"/levels/jungle_rock_island/art/shapes/rocks/pac_rock_medium_1.dae","useInstanceRenderData":true}
{"class":"TSStatic","persistentId":"2bd0e135-1970-4fce-9e2c-9e6fa6cf859e","__parent":"rocks","position":[968.046692,-812.141418,141.170258],"annotation":"ROCK","isRenderEnabled":false,"shapeName":"/levels/jungle_rock_island/art/shapes/rocks/pac_rock_medium_1.dae","useInstanceRenderData":true}
{"class":"TSStatic","persistentId":"fce3c5f3-5531-4ed6-83e9-979ffe15a3eb","__parent":"rocks","position":[961.328491,-812.317322,138.907623],"annotation":"ROCK","isRenderEnabled":false,"shapeName":"/levels/jungle_rock_island/art/shapes/rocks/pac_rock_medium_1.dae","useInstanceRenderData":true}
{"class":"TSStatic","persistentId":"3c622da2-6626-4afb-bfa9-15cc8c4cb9ed","__parent":"rocks","position":[961.149231,-810.9328,138.217346],"annotation":"ROCK","isRenderEnabled":false,"shapeName":"/levels/jungle_rock_island/art/shapes/rocks/pac_rock_medium_3.dae","useInstanceRenderData":true}
{"class":"TSStatic","persistentId":"f259ae19-26a6-4cc1-8989-149067417c26","__parent":"rocks","position":[966.954712,-807.700378,140.653259],"annotation":"ROCK","isRenderEnabled":false,"rotationMatrix":[0.537151635,0.783530593,-0.31232661,-0.824790955,0.565437794,0,0.176601276,0.257604152,0.949974775],"shapeName":"/levels/jungle_rock_island/art/shapes/rocks/pac_rock_medium_3.dae","useInstanceRenderData":true}
{"class":"TSStatic","persistentId":"8ed93958-2fc9-4953-a6c0-8dafb9b7d011","__parent":"rocks","position":[982.351013,-809.793518,128.742981],"annotation":"ROCK","isRenderEnabled":false,"rotationMatrix":[0.96117878,0.274786741,0.0250524897,0.273568541,-0.960873365,0.0433893837,0.035995096,-0.0348513797,-0.998744011],"shapeName":"/levels/jungle_rock_island/art/shapes/rocks/pac_rock_large_1.dae","useInstanceRenderData":true}
{"class":"TSStatic","persistentId":"704cfabe-4edd-444c-bdee-2be49ea4ea96","__parent":"rocks","position":[980.725403,-807.558105,128.179733],"annotation":"ROCK","isRenderEnabled":false,"rotationMatrix":[0.704539001,-0.7078951,0.0500940718,0.678256273,0.692444801,0.245944038,-0.20878996,-0.139300525,0.96798861],"shapeName":"/levels/jungle_rock_island/art/shapes/rocks/pac_rock_large_1.dae","useInstanceRenderData":true}
{"class":"TSStatic","persistentId":"acdc8d54-73e3-436e-bc30-646628df8f59","__parent":"rocks","position":[984.340515,-811.54657,125.958374],"annotation":"ROCK","isRenderEnabled":false,"rotationMatrix":[0.54445672,-0.837365687,0.0488424636,-0.822180927,-0.544300914,-0.166598111,0.166088551,0.0505481102,-0.984814346],"shapeName":"/levels/jungle_rock_island/art/shapes/rocks/pac_rock_large_1.dae","useInstanceRenderData":true}
{"class":"TSStatic","persistentId":"db60baad-772f-4b11-ab5d-252141c36fc2","__parent":"rocks","position":[977.793457,-801.037537,124.777634],"annotation":"ROCK","isRenderEnabled":false,"rotationMatrix":[0.269342184,0.939432144,0.211947769,0.928037405,-0.311986446,0.203496337,0.257295847,0.14188531,-0.955859542],"scale":[1.79416156,1.79416156,1.79416156],"shapeName":"/levels/jungle_rock_island/art/shapes/rocks/pac_rock_large_1.dae","useInstanceRenderData":true}
{"class":"TSStatic","persistentId":"70a13b84-63a5-4fc2-bd28-1c9cbb9cff34","__parent":"rocks","position":[976.018311,-802.200195,131.502213],"annotation":"ROCK","isRenderEnabled":false,"rotationMatrix":[0.332594812,-0.936450601,-0.111539081,-0.893982887,-0.275410056,-0.35347411,0.300292104,0.217277691,-0.928770721],"shapeName":"/levels/jungle_rock_island/art/shapes/rocks/pac_rock_large_1.dae","useInstanceRenderData":true}
{"class":"TSStatic","persistentId":"8cbfa941-ed03-4385-9812-dfe2dc5703f6","__parent":"rocks","position":[974.607605,-799.237793,130.801224],"annotation":"ROCK","isRenderEnabled":false,"rotationMatrix":[0.790523171,-0.605570912,0.0914165229,0.542692423,0.761832952,0.353688478,-0.283827633,-0.22998789,0.930885255],"shapeName":"/levels/jungle_rock_island/art/shapes/rocks/pac_rock_large_1.dae","useInstanceRenderData":true}
{"class":"TSStatic","persistentId":"60287b3d-5d3d-4b05-b745-2defdf872da1","__parent":"rocks","position":[979.463989,-804.797668,127.218506],"annotation":"ROCK","isRenderEnabled":false,"rotationMatrix":[0.449257046,-0.893298149,0.0136586148,0.883498669,0.446494967,0.14167662,-0.132657975,-0.0515818521,0.989818752],"shapeName":"/levels/jungle_rock_island/art/shapes/rocks/pac_rock_large_2.dae","useInstanceRenderData":true}
{"class":"TSStatic","persistentId":"7a7ec70d-c623-4751-8363-6887d3da85ff","__parent":"rocks","position":[983.144714,-808.69635,124.792511],"annotation":"ROCK","isRenderEnabled":false,"rotationMatrix":[0.792538643,0.609821677,0,-0.609821677,0.792538643,0,0,0,1],"shapeName":"/levels/jungle_rock_island/art/shapes/rocks/pac_rock_large_3.dae","useInstanceRenderData":true}
{"class":"TSStatic","persistentId":"2a082efa-e47c-4802-94a3-e923badbbc2e","__parent":"rocks","position":[982.645447,-806.374146,124.767632],"annotation":"ROCK","isRenderEnabled":false,"rotationMatrix":[-0.289540112,-0.894723654,-0.340053201,0.86749506,-0.395433336,0.301802486,-0.40449819,-0.207610548,0.890662193],"shapeName":"/levels/jungle_rock_island/art/shapes/rocks/pac_rock_large_3.dae","useInstanceRenderData":true}
{"class":"TSStatic","persistentId":"3f6ed4f6-9788-4d31-af65-3ffdeced1e43","__parent":"rocks","position":[981.167236,-803.967163,123.407967],"annotation":"ROCK","isRenderEnabled":false,"rotationMatrix":[-0.489757478,0.862732768,-0.125816658,-0.662812352,-0.46218136,-0.589124799,-0.566407382,-0.205135465,0.79818666],"shapeName":"/levels/jungle_rock_island/art/shapes/rocks/pac_rock_large_1.dae","useInstanceRenderData":true}
{"class":"TSStatic","persistentId":"c5518c1c-5e12-4d35-95fd-d8dbfa7ddec1","__parent":"rocks","position":[956.045715,-814.320557,135.882492],"annotation":"ROCK","isRenderEnabled":false,"rotationMatrix":[-0.00899692345,0.930096567,-0.367205024,-0.958139122,0.0970701724,0.269345254,0.286161721,0.354256779,0.890288472],"shapeName":"/levels/jungle_rock_island/art/shapes/rocks/pac_rock_large_1.dae","useInstanceRenderData":true}
{"class":"TSStatic","persistentId":"c1d3f2fa-daba-472b-8e07-aa1edf10f012","__parent":"rocks","position":[956.083618,-818.249146,137.433044],"annotation":"ROCK","isRenderEnabled":false,"rotationMatrix":[-0.0344707184,-0.924736559,0.379043847,0.957561135,-0.139156729,-0.252412707,0.286161721,0.354256779,0.890288472],"shapeName":"/levels/jungle_rock_island/art/shapes/rocks/pac_rock_large_1.dae","useInstanceRenderData":true}
{"class":"TSStatic","persistentId":"7f15d0f7-6879-4a10-902d-ef6e16c4885c","__parent":"rocks","position":[956.315918,-822.091431,138.887283],"annotation":"ROCK","isRenderEnabled":false,"rotationMatrix":[0.0174748972,-0.93091923,0.364807218,-0.958021998,0.0888361707,0.272584021,-0.286161721,-0.35425669,-0.890288532],"shapeName":"/levels/jungle_rock_island/art/shapes/rocks/pac_rock_large_1.dae","useInstanceRenderData":true}
{"class":"TSStatic","persistentId":"077733f7-d4b9-4c3b-ba2f-1b0037d79145","__parent":"rocks","position":[956.581726,-824.084778,140.565079],"annotation":"ROCK","isRenderEnabled":false,"rotationMatrix":[-0.345916361,0.938265324,0,-0.938265324,-0.345916361,0,0,0,1],"shapeName":"/levels/jungle_rock_island/art/shapes/rocks/pac_rock_large_2.dae","useInstanceRenderData":true}
{"class":"TSStatic","persistentId":"27a9255b-e3b9-4cdc-a4e0-5e924dab6618","__parent":"rocks","position":[958.332031,-828.241272,142.634827],"annotation":"ROCK","isRenderEnabled":false,"rotationMatrix":[-0.988935947,0.148343265,0,-0.148343265,-0.988935947,0,0,0,1],"shapeName":"/levels/jungle_rock_island/art/shapes/rocks/pac_rock_large_3.dae","useInstanceRenderData":true}
{"class":"TSStatic","persistentId":"4b537d88-4980-477c-93e2-8b8ca6138912","__parent":"rocks","position":[955.910706,-810.501038,134.649979],"annotation":"ROCK","isRenderEnabled":false,"rotationMatrix":[-0.249305248,-0.932088614,0.262788773,0.926013291,-0.308867633,-0.21702604,0.283454388,0.189240158,0.940128565],"shapeName":"/levels/jungle_rock_island/art/shapes/rocks/pac_rock_large_1.dae","useInstanceRenderData":true}
{"class":"TSStatic","persistentId":"f367d081-50bf-4519-9b2a-57a72933d8c9","__parent":"rocks","position":[956.131409,-806.695374,133.466644],"annotation":"ROCK","isRenderEnabled":false,"rotationMatrix":[0.452542901,-0.87686646,-0.162204728,0.889691889,0.456299484,0.0154750049,0.060444355,-0.151315391,0.986635745],"shapeName":"/levels/jungle_rock_island/art/shapes/rocks/pac_rock_large_1.dae","useInstanceRenderData":true}
{"class":"TSStatic","persistentId":"f4d95683-515f-41f1-a65c-e6e739d42099","__parent":"rocks","position":[960.259705,-815.176697,139.659729],"annotation":"ROCK","isRenderEnabled":false,"shapeName":"/levels/jungle_rock_island/art/shapes/rocks/pac_rock_large_2.dae","useInstanceRenderData":true}
{"class":"TSStatic","persistentId":"53accf9f-4993-4826-a682-e16fc4b4c35e","__parent":"rocks","position":[961.25769,-819.982483,142.582642],"annotation":"ROCK","isRenderEnabled":false,"rotationMatrix":[-0.19920975,0.979956865,0,-0.960011423,-0.195155159,0.200729862,0.196706608,0.0399873443,0.979646623],"shapeName":"/levels/jungle_rock_island/art/shapes/rocks/pac_rock_large_1.dae","useInstanceRenderData":true}
{"class":"TSStatic","persistentId":"76b954d9-3337-490c-9f71-0621afef4f4b","__parent":"rocks","position":[962.146667,-823.091553,143.417374],"annotation":"ROCK","isRenderEnabled":false,"rotationMatrix":[0.718897641,-0.695115924,0,0.666711867,0.68952179,-0.282939821,0.196675971,0.203404769,0.959137678],"shapeName":"/levels/jungle_rock_island/art/shapes/rocks/pac_rock_large_2.dae","useInstanceRenderData":true}
{"class":"TSStatic","persistentId":"eae4f734-4dae-4a52-9065-18c74c470080","__parent":"rocks","position":[963.621094,-825.079346,143.536606],"annotation":"ROCK","isRenderEnabled":false,"rotationMatrix":[-0.510035336,0.856691599,-0.0770936981,-0.837366462,-0.474031568,0.272234291,0.196675971,0.203404769,0.959137678],"shapeName":"/levels/jungle_rock_island/art/shapes/rocks/pac_rock_large_2.dae","useInstanceRenderData":true}
{"class":"TSStatic","persistentId":"8b420c5c-4e86-4c36-bed3-a29778401ee8","__parent":"rocks","position":[954.696655,-817.848083,135.061172],"annotation":"ROCK","isRenderEnabled":false,"rotationMatrix":[0.00291187759,0.999995768,0,-0.999995768,0.00291187759,0,0,0,1],"scale":[1.36151099,1.36151099,1.36151099],"shapeName":"/levels/jungle_rock_island/art/shapes/rocks/pac_rock_large_1.dae","useInstanceRenderData":true}
{"class":"TSStatic","persistentId":"0214697d-ad1f-4b00-b63c-9815c0f73e01","__parent":"rocks","position":[953.754089,-812.797668,132.288742],"annotation":"ROCK","isRenderEnabled":false,"rotationMatrix":[-0.363778502,-0.931485534,0,0.931485534,-0.363778502,0,0,0,1],"scale":[1.36151099,1.36151099,1.36151099],"shapeName":"/levels/jungle_rock_island/art/shapes/rocks/pac_rock_large_1.dae","useInstanceRenderData":true}
{"class":"TSStatic","persistentId":"1507910e-a04b-4ee4-bbe2-a51cee5429cf","__parent":"rocks","position":[962.434204,-834.288452,143.164078],"annotation":"ROCK","isRenderEnabled":false,"rotationMatrix":[0.720274687,-0.693688929,0,0.68487674,0.711124778,-0.158887908,0.110218786,0.114442937,0.987296641],"shapeName":"/levels/jungle_rock_island/art/shapes/rocks/pac_rock_large_1.dae","useInstanceRenderData":true}
{"class":"TSStatic","persistentId":"93bb7f9e-dd04-4e9e-8156-e4141a1448f8","__parent":"rocks","position":[960.231079,-831.686584,142.370087],"annotation":"ROCK","isRenderEnabled":false,"rotationMatrix":[-0.313382089,0.949381411,-0.0216024928,-0.931202769,-0.302763134,0.202967823,0.186153412,0.0837227851,0.978947103],"shapeName":"/levels/jungle_rock_island/art/shapes/rocks/pac_rock_large_1.dae","useInstanceRenderData":true}
{"class":"TSStatic","persistentId":"487b69f3-ac7f-47e4-90d9-99705aed39b8","__parent":"rocks","position":[957.658203,-826.371521,141.034225],"annotation":"ROCK","isRenderEnabled":false,"rotationMatrix":[0.345865309,-0.938126922,0.0171756446,-0.906084776,-0.329185873,0.265795082,-0.243695527,-0.107491896,-0.963876545],"shapeName":"/levels/jungle_rock_island/art/shapes/rocks/pac_rock_large_2.dae","useInstanceRenderData":true}
{"class":"TSStatic","persistentId":"806726bb-7af0-44a9-b593-7b4d0786825b","__parent":"rocks","position":[970.43103,-828.849976,149.722107],"annotation":"ROCK","isRenderEnabled":false,"rotationMatrix":[0.896458864,0.443127006,0,-0.443127006,0.896458864,0,0,0,1],"shapeName":"/levels/jungle_rock_island/art/shapes/rocks/pac_rock_large_1.dae","useInstanceRenderData":true}
{"class":"TSStatic","persistentId":"31f519a4-e6ba-470f-a856-45480265c954","__parent":"rocks","position":[970.521179,-832.224609,149.407593],"annotation":"ROCK","isRenderEnabled":false,"rotationMatrix":[0.175675586,-0.984448135,-8.45621813e-08,-0.954113662,-0.170262381,0.246328831,-0.242497966,-0.0432738774,-0.969186306],"shapeName":"/levels/jungle_rock_island/art/shapes/rocks/pac_rock_large_1.dae","useInstanceRenderData":true}
{"class":"TSStatic","persistentId":"0f827f09-0a45-46d2-b4e9-0b855268932a","__parent":"rocks","position":[970.001953,-827.221069,147.124725],"annotation":"ROCK","isRenderEnabled":false,"rotationMatrix":[-0.394414485,0.866535902,-0.305863947,-0.912046075,-0.328465223,0.245525122,0.11229068,0.375800669,0.919872046],"shapeName":"/levels/jungle_rock_island/art/shapes/rocks/pac_rock_large_2.dae","useInstanceRenderData":true}
{"class":"TSStatic","persistentId":"fbfbb406-7a5e-49f4-88ed-1f3d8ff41cdd","__parent":"rocks","position":[969.181641,-824.688293,146.535583],"annotation":"ROCK","isRenderEnabled":false,"rotationMatrix":[0.440805167,0.897602797,0,-0.897602797,0.440805167,0,0,0,1],"shapeName":"/levels/jungle_rock_island/art/shapes/rocks/pac_rock_large_3.dae","useInstanceRenderData":true}
{"class":"TSStatic","persistentId":"836e46dd-4918-4794-98c3-6405f768f24e","__parent":"rocks","position":[968.123169,-822.963196,146.50441],"annotation":"ROCK","isRenderEnabled":false,"shapeName":"/levels/jungle_rock_island/art/shapes/rocks/pac_rock_medium_1.dae","useInstanceRenderData":true}
{"class":"TSStatic","persistentId":"9e0770cc-992b-4fc4-a041-723f8b254b89","__parent":"rocks","position":[968.366638,-830.730652,146.873154],"annotation":"ROCK","isRenderEnabled":false,"shapeName":"/levels/jungle_rock_island/art/shapes/rocks/pac_rock_large_2.dae","useInstanceRenderData":true}
{"class":"TSStatic","persistentId":"ada779a7-1586-41fe-8867-0b8c1d4a809f","__parent":"rocks","position":[968.049438,-832.754883,146.728577],"annotation":"ROCK","isRenderEnabled":false,"rotationMatrix":[-0.964846253,-0.262814999,0,0.262814999,-0.964846253,0,0,0,1],"shapeName":"/levels/jungle_rock_island/art/shapes/rocks/pac_rock_large_3.dae","useInstanceRenderData":true}
{"class":"TSStatic","persistentId":"7df90dd9-aa86-46e1-aa25-127908a5f078","__parent":"rocks","position":[971.256348,-835.512268,149.325317],"annotation":"ROCK","isRenderEnabled":false,"rotationMatrix":[0.791307032,0.611418962,0,-0.611418962,0.791307032,0,0,0,1],"shapeName":"/levels/jungle_rock_island/art/shapes/rocks/pac_rock_large_1.dae","useInstanceRenderData":true}
{"class":"TSStatic","persistentId":"37078642-7dcc-4507-a8f8-84ddea4fca9c","__parent":"rocks","position":[969.36322,-835.705688,145.487259],"annotation":"ROCK","isRenderEnabled":false,"rotationMatrix":[-0.327690244,0.944472075,0.024321612,0.89764601,0.319267213,-0.303809047,-0.294704258,-0.0777230635,-0.95242244],"shapeName":"/levels/jungle_rock_island/art/shapes/rocks/pac_rock_large_1.dae","useInstanceRenderData":true}
{"class":"TSStatic","persistentId":"0cc33423-91e9-42f7-a21e-ca22b46b7f6b","__parent":"rocks","position":[965.129822,-834.608887,143.974777],"annotation":"ROCK","isRenderEnabled":false,"shapeName":"/levels/jungle_rock_island/art/shapes/rocks/pac_rock_large_1.dae","useInstanceRenderData":true}
{"class":"TSStatic","persistentId":"e8393168-5dc1-4f58-b4c5-94d66d9f2af1","__parent":"rocks","position":[981.995239,-826.897827,149.728333],"annotation":"ROCK","isRenderEnabled":false,"rotationMatrix":[0.687214792,-0.726454258,0,0.721108615,0.682157874,0.121090516,-0.0879667178,-0.083215192,0.992641449],"shapeName":"/levels/jungle_rock_island/art/shapes/rocks/pac_rock_large_1.dae","useInstanceRenderData":true}
{"class":"TSStatic","persistentId":"54c9144f-f8ff-40c0-9268-3e8c5077db57","__parent":"rocks","position":[979.620117,-825.659668,150.427856],"annotation":"ROCK","isRenderEnabled":false,"rotationMatrix":[1,0,0,0,0.99544996,0.0952855945,0,-0.0952855945,0.99544996],"shapeName":"/levels/jungle_rock_island/art/shapes/rocks/pac_rock_large_2.dae","useInstanceRenderData":true}
{"class":"TSStatic","persistentId":"b21d7344-b238-4b97-af0c-ae40ea6924f7","__parent":"rocks","position":[962.286194,-814.046326,139.84552],"annotation":"ROCK","isRenderEnabled":false,"rotationMatrix":[0.267556876,-0.963542044,0,0.963542044,0.267556876,0,0,0,1],"shapeName":"/levels/jungle_rock_island/art/shapes/rocks/pac_rock_large_2.dae","useInstanceRenderData":true}
{"class":"TSStatic","persistentId":"b24e4480-b916-45c0-8ae8-cbf681816053","__parent":"rocks","position":[968.704468,-796.510498,131.50296],"annotation":"ROCK","isRenderEnabled":false,"rotationMatrix":[0.740446448,-0.672115386,0,0.650783658,0.716946065,0.249938011,-0.167987183,-0.185065717,0.968261838],"shapeName":"/levels/jungle_rock_island/art/shapes/rocks/pac_rock_large_1.dae","useInstanceRenderData":true}
{"class":"TSStatic","persistentId":"ebf5213b-9f77-4862-a4cd-5f4fa32b7c92","__parent":"rocks","position":[966.524536,-794.830933,132.632919],"annotation":"ROCK","isRenderEnabled":false,"rotationMatrix":[0.791654646,-0.610968828,0,0.587008655,0.760608554,0.277300209,-0.169421777,-0.219525993,0.960783303],"shapeName":"/levels/jungle_rock_island/art/shapes/rocks/pac_rock_large_4.dae","useInstanceRenderData":true}
{"class":"TSStatic","persistentId":"10a636fd-e863-4a9c-a731-15ab54ac7cc0","__parent":"rocks","position":[966.71582,-794.583069,132.311554],"annotation":"ROCK","isRenderEnabled":false,"rotationMatrix":[-0.791654706,0.610968769,-2.42423539e-08,-0.587008595,-0.760608613,-0.277300209,-0.169421777,-0.219525993,0.960783303],"shapeName":"/levels/jungle_rock_island/art/shapes/rocks/pac_rock_large_4.dae","useInstanceRenderData":true}
{"class":"TSStatic","persistentId":"9b3f2afa-1b39-4b53-97c5-c044d5c00ed0","__parent":"rocks","position":[970.991211,-797.848755,132.613113],"annotation":"ROCK","isRenderEnabled":false,"shapeName":"/levels/jungle_rock_island/art/shapes/rocks/pac_rock_large_2.dae","useInstanceRenderData":true}
{"class":"TSStatic","persistentId":"c3c8f49f-2bf4-41ba-a444-74c7b425f7e2","__parent":"rocks","position":[963.985535,-793.740601,131.561996],"annotation":"ROCK","isRenderEnabled":false,"rotationMatrix":[0.917620301,-0.388264656,0.0849915296,-0.360212833,-0.902774215,-0.235043511,0.167987242,0.185065657,-0.968261838],"shapeName":"/levels/jungle_rock_island/art/shapes/rocks/pac_rock_large_1.dae","useInstanceRenderData":true}
{"class":"TSStatic","persistentId":"bdc0e26c-05e5-4a82-a9de-b91665aca56b","__parent":"rocks","position":[967.148804,-794.395142,128.563202],"annotation":"ROCK","isRenderEnabled":false,"rotationMatrix":[-0.845895827,0.531349003,0.0461352319,0.495709121,0.75133425,0.435625315,0.196806073,0.391363323,-0.898945093],"shapeName":"/levels/jungle_rock_island/art/shapes/rocks/pac_rock_large_1.dae","useInstanceRenderData":true}
{"class":"TSStatic","persistentId":"328d0674-62d1-4d7e-bee4-b5601674bb6a","__parent":"rocks","position":[971.656921,-796.230042,129.300568],"annotation":"ROCK","isRenderEnabled":false,"rotationMatrix":[-0.79849875,-0.601996481,0,0.601996481,-0.79849875,0,0,0,1],"scale":[1.1645993,1.1645993,1.1645993],"shapeName":"/levels/jungle_rock_island/art/shapes/rocks/pac_rock_large_1.dae","useInstanceRenderData":true}
{"class":"TSStatic","persistentId":"b6b7e180-f574-49b5-a212-d17504ed9369","__parent":"rocks","position":[961.080017,-792.42041,131.586838],"annotation":"ROCK","isRenderEnabled":false,"rotationMatrix":[0.449347943,0.8933568,0,-0.8933568,0.449347943,0,0,0,1],"shapeName":"/levels/jungle_rock_island/art/shapes/rocks/pac_rock_large_1.dae","useInstanceRenderData":true}
{"class":"TSStatic","persistentId":"21183c0c-2f7f-47ce-b904-da937494024a","__parent":"rocks","position":[961.840332,-790.90802,127.542389],"annotation":"ROCK","isRenderEnabled":false,"rotationMatrix":[0.891918838,-0.452195495,0,0.446420789,0.880528688,0.159303427,-0.0720362887,-0.142085731,0.987229645],"scale":[1.1584816,1.1584816,1.1584816],"shapeName":"/levels/jungle_rock_island/art/shapes/rocks/pac_rock_large_1.dae","useInstanceRenderData":true}
{"class":"TSStatic","persistentId":"f9a9bea0-2805-4686-909d-9e693584bfd7","__parent":"rocks","position":[964.190918,-792.662781,129.687943],"annotation":"ROCK","isRenderEnabled":false,"rotationMatrix":[0.954415381,-0.292653412,-0.05869589,0.298481524,0.935779572,0.187684178,0,-0.196648315,0.980474114],"shapeName":"/levels/jungle_rock_island/art/shapes/rocks/pac_rock_large_2.dae","useInstanceRenderData":true}
{"class":"TSStatic","persistentId":"613be00a-2585-407a-be4d-8652990c26b5","__parent":"rocks","position":[969.142883,-789.828857,126.154167],"annotation":"ROCK","isRenderEnabled":false,"rotationMatrix":[0.802094221,0.597197533,0,-0.589083314,0.791196048,0.164285168,0.0981106982,-0.13177219,0.986412883],"shapeName":"/levels/jungle_rock_island/art/shapes/rocks/pac_rock_large_2.dae","useInstanceRenderData":true}
{"class":"TSStatic","persistentId":"b8f2482d-13ca-41a2-a2de-7036272ba93c","__parent":"rocks","position":[967.228271,-790.572632,126.964844],"annotation":"ROCK","isRenderEnabled":false,"shapeName":"/levels/jungle_rock_island/art/shapes/rocks/pac_rock_medium_1.dae","useInstanceRenderData":true}
{"class":"TSStatic","persistentId":"59b24a30-33d5-4afe-9b98-bf11d8ef29b2","__parent":"rocks","position":[972.788391,-788.83313,125.382141],"annotation":"ROCK","isRenderEnabled":false,"rotationMatrix":[-0.0796255469,0.996824861,0,-0.996824861,-0.0796255469,0,0,0,1],"shapeName":"/levels/jungle_rock_island/art/shapes/rocks/pac_rock_large_1.dae","useInstanceRenderData":true}
{"class":"TSStatic","persistentId":"013c32c1-9fb7-442c-ba37-5b6ea4308ed2","__parent":"rocks","position":[974.848755,-792.305847,124.70533],"annotation":"ROCK","isRenderEnabled":false,"rotationMatrix":[0.138970941,-0.990296483,0,0.990296483,0.138970941,0,0,0,1],"scale":[1.14158595,1.14158595,1.14158595],"shapeName":"/levels/jungle_rock_island/art/shapes/rocks/pac_rock_large_1.dae","useInstanceRenderData":true}
{"class":"TSStatic","persistentId":"90db29be-5eda-499e-abfc-4b3f1affeec3","__parent":"rocks","position":[975.670044,-795.015808,126.29023],"annotation":"ROCK","isRenderEnabled":false,"rotationMatrix":[-0.00401488272,0.999991953,0,-0.999991953,-0.00401488272,0,0,0,1],"shapeName":"/levels/jungle_rock_island/art/shapes/rocks/pac_rock_large_3.dae","useInstanceRenderData":true}
{"class":"TSStatic","persistentId":"7fda522a-16a6-4ea4-b1b9-075c6527b5ac","__parent":"rocks","position":[975.479431,-796.768921,127.375977],"annotation":"ROCK","isRenderEnabled":false,"shapeName":"/levels/jungle_rock_island/art/shapes/rocks/pac_rock_large_2.dae","useInstanceRenderData":true}
{"class":"TSStatic","persistentId":"eec0af0b-6b35-48eb-890c-3d65e5165d94","__parent":"rocks","position":[976.758545,-796.785034,122.463936],"annotation":"ROCK","isRenderEnabled":false,"rotationMatrix":[-0.665881515,0.735511005,-0.125001535,0.745764196,0.660908461,-0.0838796422,0.0209201705,-0.149075568,-0.988604486],"scale":[1.14158595,1.14158595,1.14158595],"shapeName":"/levels/jungle_rock_island/art/shapes/rocks/pac_rock_large_1.dae","useInstanceRenderData":true}
{"class":"TSStatic","persistentId":"9c757e6f-f4b4-4682-bff1-782c5a0377f3","__parent":"rocks","position":[974.035095,-788.814392,124.002243],"annotation":"ROCK","isRenderEnabled":false,"rotationMatrix":[0.395543218,0.918447375,0,-0.918447375,0.395543218,0,0,0,1],"scale":[1.14158595,1.14158595,1.14158595],"shapeName":"/levels/jungle_rock_island/art/shapes/rocks/pac_rock_large_1.dae","useInstanceRenderData":true}
{"class":"TSStatic","persistentId":"a192c9e9-c893-44df-bccf-6cf6933bf69d","__parent":"rocks","position":[971.046997,-786.011169,123.163162],"annotation":"ROCK","isRenderEnabled":false,"rotationMatrix":[-0.906247795,0.383205503,-0.17851761,-0.389461517,-0.92104274,0,-0.164422348,0.069525741,0.983936727],"scale":[1.14158595,1.14158595,1.14158595],"shapeName":"/levels/jungle_rock_island/art/shapes/rocks/pac_rock_large_1.dae","useInstanceRenderData":true}
{"class":"TSStatic","persistentId":"c5752068-893e-4994-a638-faa35aff2873","__parent":"rocks","position":[969.999634,-794.211487,128.788239],"annotation":"ROCK","isRenderEnabled":false,"shapeName":"/levels/jungle_rock_island/art/shapes/rocks/pac_rock_medium_2.dae","useInstanceRenderData":true}
{"class":"TSStatic","persistentId":"b3900cdd-9c3a-4c48-91bc-5a6444d75757","__parent":"rocks","position":[969.771057,-794.428894,129.980255],"annotation":"ROCK","isRenderEnabled":false,"shapeName":"/levels/jungle_rock_island/art/shapes/rocks/pac_rock_medium_3.dae","useInstanceRenderData":true}
{"class":"TSStatic","persistentId":"f34ba7f8-3fc1-43c6-9948-29077fd32baa","__parent":"rocks","position":[971.372375,-793.677795,128.230255],"annotation":"ROCK","isRenderEnabled":false,"rotationMatrix":[-0.0372062102,-0.999307632,0,0.999307632,-0.0372062102,0,0,0,1],"shapeName":"/levels/jungle_rock_island/art/shapes/rocks/pac_rock_medium_3.dae","useInstanceRenderData":true}
{"class":"TSStatic","persistentId":"fee60e07-e0ff-4bb8-a69f-6cb6731db19b","__parent":"rocks","position":[969.58551,-793.085083,128.543823],"annotation":"ROCK","isRenderEnabled":false,"shapeName":"/levels/jungle_rock_island/art/shapes/rocks/pac_rock_small_1.dae","useInstanceRenderData":true}
{"class":"TSStatic","persistentId":"3b7ec53f-022f-4cef-bbf8-17ce26f78745","__parent":"rocks","position":[970.259949,-792.670959,128.274506],"annotation":"ROCK","isRenderEnabled":false,"shapeName":"/levels/jungle_rock_island/art/shapes/rocks/pac_rock_small_3.dae","useInstanceRenderData":true}
{"class":"TSStatic","persistentId":"4dcd9ac7-6bd7-485f-8472-3762f4905a28","__parent":"rocks","position":[974.327637,-794.690308,127.648102],"annotation":"ROCK","isRenderEnabled":false,"shapeName":"/levels/jungle_rock_island/art/shapes/rocks/pac_rock_medium_1.dae","useInstanceRenderData":true}
{"class":"TSStatic","persistentId":"e5a21147-a3af-4f66-8373-12b3f2c50f4a","__parent":"rocks","position":[958.325928,-791.396973,131.508392],"annotation":"ROCK","isRenderEnabled":false,"rotationMatrix":[0.974133551,0.225973099,0,-0.225973099,0.974133551,0,0,0,1],"shapeName":"/levels/jungle_rock_island/art/shapes/rocks/pac_rock_large_1.dae","useInstanceRenderData":true}
{"class":"TSStatic","persistentId":"b4454b0b-acae-48b7-a7f7-b40184a88ef2","__parent":"rocks","position":[969.136292,-783.582703,123.565323],"annotation":"ROCK","isRenderEnabled":false,"shapeName":"/levels/jungle_rock_island/art/shapes/rocks/pac_rock_large_2.dae","useInstanceRenderData":true}
{"class":"TSStatic","persistentId":"fb55ca44-4795-4a94-ac74-a35a54ca5d75","__parent":"rocks","position":[966.959106,-783.192078,123.76535],"annotation":"ROCK","isRenderEnabled":false,"shapeName":"/levels/jungle_rock_island/art/shapes/rocks/pac_rock_large_3.dae","useInstanceRenderData":true}
{"class":"TSStatic","persistentId":"a28648cc-1c87-425f-8cfc-d9588f4a8b86","__parent":"rocks","position":[965.019043,-783.431824,123.603012],"annotation":"ROCK","isRenderEnabled":false,"rotationMatrix":[-0.999966979,0,0.0081260819,0.00156806502,0.981205285,0.192960545,-0.00797335431,0.192966923,-0.98117286],"shapeName":"/levels/jungle_rock_island/art/shapes/rocks/pac_rock_large_2.dae","useInstanceRenderData":true}
{"class":"TSStatic","persistentId":"a8e00373-5aec-4e4d-9769-574bab3b5cdd","__parent":"rocks","position":[971.71106,-804.312439,139.942596],"annotation":"ROCK","isRenderEnabled":false,"rotationMatrix":[0.641509473,0.767115116,0,-0.767115116,0.641509473,0,0,0,1],"shapeName":"/levels/jungle_rock_island/art/shapes/rocks/pac_rock_large_1.dae","useInstanceRenderData":true}
{"class":"TSStatic","persistentId":"3444c2c2-4b8a-4f1e-a580-5bb9943f9d24","__parent":"rocks","position":[969.149414,-805.115112,140.706024],"annotation":"ROCK","isRenderEnabled":false,"rotationMatrix":[0.550133467,0.835076749,0,-0.835076749,0.550133467,0,0,0,1],"shapeName":"/levels/jungle_rock_island/art/shapes/rocks/pac_rock_large_2.dae","useInstanceRenderData":true}
{"class":"TSStatic","persistentId":"f173255e-3496-4fbc-8c63-5d3a526b6da4","__parent":"rocks","position":[974.761902,-802.472046,138.84639],"annotation":"ROCK","isRenderEnabled":false,"rotationMatrix":[0.403100044,-0.915155947,-8.74227766e-08,-0.915155947,-0.403100044,0,-3.52401237e-08,8.00054707e-08,-1],"shapeName":"/levels/jungle_rock_island/art/shapes/rocks/pac_rock_large_1.dae","useInstanceRenderData":true}
{"class":"TSStatic","persistentId":"933b4673-7368-4e10-8ef2-037a473147e7","__parent":"rocks","position":[974.15448,-801.814819,140.824921],"annotation":"ROCK","isRenderEnabled":false,"rotationMatrix":[0.825555861,-0.564320445,0,0.564320445,0.825555861,0,0,0,1],"shapeName":"/levels/jungle_rock_island/art/shapes/rocks/pac_rock_large_4.dae","useInstanceRenderData":true}
