{"ctxid":0,"pos":[321.545654,-299.662384,124.577347],"rotationMatrix":[-0.805115342,-0.593116403,0.00148656289,0.593116283,-0.80510366,0.00459049596,-0.00152586121,0.00457758317,0.999988377],"scale":1.02304149,"type":"deadbranch_02"}
{"ctxid":0,"pos":[219.73143,-327.65509,124.771957],"rotationMatrix":[0.58563447,-0.810551584,0.00618401729,0.810575187,0.585617423,-0.00446790596,2.32830644e-10,0.00762917148,0.999970913],"scale":0.718236983,"type":"deadbranch_02"}
{"ctxid":0,"pos":[138.896912,-409.140411,124.661362],"rotationMatrix":[0.193127573,0.98117274,-0.00120246189,-0.981172264,0.193125248,-0.00179183565,-0.00152587506,0.00152587506,0.999997675],"scale":0.746595383,"type":"deadbranch_02"}
{"ctxid":0,"pos":[147.881836,-428.452545,124.829865],"rotationMatrix":[-0.980856895,0.193532735,-0.0215439834,-0.193553418,-0.981088758,-0.00114070158,-0.0213573314,0.00305104721,0.999767244],"scale":1.15423429,"type":"deadbranch_02"}
{"ctxid":0,"pos":[152.515533,-425.017761,124.860855],"rotationMatrix":[0.0983079672,-0.995130062,0.00716061564,0.994958162,0.0981425047,-0.0206349343,0.0198316909,0.00915308762,0.999761462],"scale":0.608518541,"type":"deadbranch_02"}
{"ctxid":0,"pos":[213.994522,-339.366638,124.741699],"rotationMatrix":[-0.733579397,0.67941612,0.0159638338,-0.67956084,-0.733594418,-0.00600912608,0.00762828393,-0.0152565688,0.999854505],"scale":0.769602239,"type":"deadbranch_02"}
{"ctxid":0,"pos":[212.149551,-337.915344,124.839584],"rotationMatrix":[-0.518810749,-0.854864836,-0.00643219706,0.854752898,-0.518579125,-0.0217466764,0.0152548654,-0.0167803504,0.999742806],"scale":0.837076664,"type":"deadbranch_02"}
{"ctxid":0,"pos":[157.717468,-392.717499,124.786774],"rotationMatrix":[-0.37461853,0.927170396,0.00397274457,-0.927173853,-0.374627113,0.00168623857,0.00305172917,-0.00305172894,0.999990702],"scale":1.18048048,"type":"deadbranch_02"}
{"ctxid":0,"pos":[135.808151,-441.15921,124.512741],"rotationMatrix":[0.615514159,0.787589312,-0.029074762,-0.787411451,0.61610806,0.0198521353,0.0335485227,0.0106745306,0.999380112],"scale":0.735941172,"type":"deadbranch_02"}
{"ctxid":0,"pos":[559.030701,-595.640076,126.798126],"rotationMatrix":[0.0790399313,0.966223657,0.245284438,-0.934263885,0.157623053,-0.319852859,-0.347711861,-0.203879267,0.915166497],"scale":1.16481543,"type":"deadbranch_02"}
{"ctxid":0,"pos":[539.787231,-568.294128,124.74353],"rotationMatrix":[-0.943799496,-0.325889885,-0.0551186129,0.324855387,-0.945376873,0.0270402543,-0.060920015,0.0076150028,0.998113573],"scale":1.19274998,"type":"deadbranch_02"}
{"ctxid":0,"pos":[544.50592,-561.852722,126.545563],"rotationMatrix":[-0.502102971,0.828667521,-0.247391164,-0.749779701,-0.559679866,-0.352970839,-0.43095541,0.00826112926,0.902335405],"scale":1.19132388,"type":"deadbranch_02"}
{"ctxid":0,"pos":[544.085449,-560.250427,126.08812],"rotationMatrix":[-0.834284306,0.431703687,-0.342930377,-0.412207425,-0.901474833,-0.132014558,-0.366134346,0.0312207639,0.930038095],"scale":1.03115451,"type":"deadbranch_02"}
{"ctxid":0,"pos":[541.063843,-561.12793,124.776642],"rotationMatrix":[-0.88248539,-0.451237082,-0.132682472,0.446970463,-0.892392635,0.0620711558,-0.146413654,-0.004528258,0.989213109],"scale":0.888241708,"type":"deadbranch_02"}
{"ctxid":0,"pos":[555.600647,-581.770752,129.23465],"rotationMatrix":[-0.74123311,0.667701602,-0.0689026862,-0.633444548,-0.729755521,-0.257302403,-0.222083375,-0.147075087,0.9638713],"scale":0.602180541,"type":"deadbranch_02"}
{"ctxid":0,"pos":[548.497009,-578.786072,126.65358],"rotationMatrix":[0.0372332931,0.988333464,0.147683665,-0.940646529,0.0845514536,-0.328686774,-0.337339044,-0.126680046,0.932820737],"scale":1.15228415,"type":"deadbranch_02"}
{"ctxid":0,"pos":[552.775818,-583.160156,128.470413],"rotationMatrix":[-0.894722581,-0.391067326,-0.215725139,0.418055892,-0.903291464,-0.0964016318,-0.157163188,-0.176437914,0.9716838],"scale":1.15276968,"type":"deadbranch_02"}
{"ctxid":0,"pos":[595.968567,-683.221375,125.263229],"rotationMatrix":[0.900907397,-0.431389928,0.0476299226,0.430134237,0.90210253,0.0345761403,-0.0578828752,-0.0106626349,0.998266459],"scale":0.734104753,"type":"deadbranch_02"}
{"ctxid":0,"pos":[580.046082,-644.063904,125.189453],"rotationMatrix":[0.141423702,0.989741266,0.0202810001,-0.98960942,0.141882062,-0.0232889727,-0.0259275679,-0.0167766623,0.999523044],"scale":1.17396355,"type":"deadbranch_02"}
{"ctxid":0,"pos":[581.497253,-644.308716,125.266205],"rotationMatrix":[0.617387414,-0.786616445,0.00820602383,0.785807848,0.617170811,0.0400778763,-0.0365904346,-0.0182952173,0.999162853],"scale":0.775066018,"type":"deadbranch_02"}
{"ctxid":0,"pos":[583.528687,-647.251221,125.313629],"rotationMatrix":[0.335240364,-0.942132533,-0.00027324073,0.940535247,0.334655106,0.0583034977,-0.054838188,-0.0198026747,0.998298883],"scale":1.06305778,"type":"deadbranch_02"}
{"ctxid":0,"pos":[575.802063,-667.374207,124.495102],"rotationMatrix":[-0.203548431,0.979058623,0.00343194697,-0.978863716,-0.203434467,-0.0209692419,-0.0198319443,-0.00762767158,0.999774218],"scale":1.03801107,"type":"deadbranch_02"}
{"ctxid":0,"pos":[559.080444,-618.567993,124.837288],"rotationMatrix":[-0.721554518,0.692199171,-0.0148057835,-0.691389859,-0.721511483,-0.0374297872,-0.0365914144,-0.0167710651,0.999189556],"scale":0.850013375,"type":"deadbranch_02"}
{"ctxid":0,"pos":[530.149353,-552.909485,124.34549],"rotationMatrix":[0.602465451,-0.798139274,-0.00300931139,0.798092425,0.602378309,0.0137408478,-0.00915436633,-0.0106800953,0.999901056],"scale":1.18965471,"type":"deadbranch_02"}
{"ctxid":0,"pos":[515.919189,-907.43573,124.978661],"rotationMatrix":[-0.464578509,-0.884960473,0.0317997113,0.8848961,-0.465305924,-0.0211853646,0.0335448161,0.0182971731,0.999269724],"scale":1.09378982,"type":"deadbranch_02"}
{"ctxid":0,"pos":[515.061035,-910.000916,124.99025],"rotationMatrix":[-0.0544695854,-0.996844351,-0.05774232,0.998096168,-0.052680254,-0.0320714787,0.0289283898,-0.0593793169,0.997816265],"scale":0.864106536,"type":"deadbranch_02"}
{"ctxid":0,"pos":[498.842682,-823.848999,124.035927],"rotationMatrix":[0.879408717,-0.476067513,0,0.476067513,0.879408717,0,0,0,1],"scale":0.642140031,"type":"deadbranch_02"}
{"ctxid":0,"pos":[464.052368,-822.92395,124.959435],"rotationMatrix":[-0.291346192,-0.949353337,0.117666103,0.956598282,-0.289906979,0.0295504369,0.00605843216,0.121168628,0.992613435],"scale":0.933411002,"type":"deadbranch_02"}
{"ctxid":0,"pos":[464.68866,-817.907471,124.454529],"rotationMatrix":[-0.728618622,0.684859276,-0.00907125324,-0.684876919,-0.728362083,0.020784691,0.00762743177,0.0213568099,0.999742806],"scale":0.969193339,"type":"deadbranch_02"}
{"ctxid":0,"pos":[425.01651,-786.491028,124.54213],"rotationMatrix":[-0.38181603,-0.92423737,0.00116521074,0.924233079,-0.381817818,-0.00282053556,0.00305174338,0,0.999995351],"scale":0.92933321,"type":"deadbranch_02"}
{"ctxid":0,"pos":[424.936432,-781.481995,124.532082],"rotationMatrix":[-0.128782868,0.991672158,-0.000923649524,-0.991662025,-0.128777146,0.00473596714,0.0045775827,0.00152586075,0.999988377],"scale":0.807196438,"type":"deadbranch_02"}
{"ctxid":0,"pos":[428.152008,-792.066406,124.538925],"rotationMatrix":[0.324270844,-0.945963621,0.000948628178,0.945962906,0.324268639,-0.00193821918,0.00152587495,0.00152587495,0.999997675],"scale":0.826325774,"type":"deadbranch_02"}
{"ctxid":0,"pos":[378.874176,-750.019592,125.336044],"rotationMatrix":[-0.997419715,-0.0533163399,0.0480750911,0.0540552214,-0.998436928,0.0142014986,0.0472427718,0.0167635642,0.998742759],"scale":0.745974123,"type":"deadbranch_02"}
{"ctxid":0,"pos":[377.563324,-746.808167,125.366768],"rotationMatrix":[0.153333306,-0.988141537,0.00805880874,0.987115979,0.152786672,-0.0475179218,0.0457231626,0.015241053,0.998837888],"scale":0.679970205,"type":"deadbranch_02"}
{"ctxid":0,"pos":[382.943665,-747.209412,124.879684],"rotationMatrix":[0.647751153,0.760795951,-0.0400996394,-0.760478616,0.648846149,0.0259014014,0.0457241796,0.0137172546,0.998859942],"scale":0.639451981,"type":"deadbranch_02"}
{"ctxid":0,"pos":[403.44339,-748.266785,124.93634],"rotationMatrix":[0.455854654,0.89001596,-0.00824764278,-0.890007138,0.455906272,0.00606128573,0.00915479381,0.00457739644,0.999947608],"scale":0.715550184,"type":"deadbranch_02"}
{"ctxid":0,"pos":[397.422333,-752.37323,125.105141],"rotationMatrix":[-0.913830161,-0.405877709,0.0133209275,0.405993044,-0.913845778,0.00743836723,0.00915420707,0.0122056101,0.999883592],"scale":1.0200057,"type":"deadbranch_02"}
{"ctxid":0,"pos":[407.087891,-757.220459,124.921127],"rotationMatrix":[0.341951609,-0.939653516,-0.01095731,0.939171433,0.342127144,-0.0300943032,0.0320270136,-9.31322575e-10,0.999486983],"scale":0.656107366,"type":"deadbranch_02"}
{"ctxid":0,"pos":[399.304291,-756.852417,125.149841],"rotationMatrix":[0.342141092,0.93962878,0.00609393045,-0.937038839,0.340700686,0.076688394,0.0699824244,-0.0319484994,0.997036457],"scale":1.01391554,"type":"deadbranch_02"}
{"ctxid":0,"pos":[393.255981,-730.692444,125.24408],"rotationMatrix":[0.284689844,0.956753969,0.0597776361,-0.94658041,0.270715594,0.175209686,0.151449859,-0.106464759,0.982714713],"scale":1.08740151,"type":"deadbranch_02"}
{"ctxid":0,"pos":[400.779877,-727.787598,125.500534],"rotationMatrix":[0.667173207,-0.743324876,-0.0484559499,0.743305087,0.668590307,-0.022011565,0.0487589203,-0.0213320274,0.99858278],"scale":0.651392519,"type":"deadbranch_02"}
{"ctxid":0,"pos":[394.181854,-730.351379,125.27179],"rotationMatrix":[0.724969864,-0.665853977,0.176230311,0.661218047,0.744448423,0.0926671475,-0.192897171,0.0493457802,0.979977369],"scale":0.887893796,"type":"deadbranch_02"}
{"ctxid":0,"pos":[395.016571,-695.219727,125.041489],"rotationMatrix":[-0.363934755,-0.931073606,0.0255587213,0.9307639,-0.364572883,-0.0276587121,0.0350703187,0.0137231695,0.999290645],"scale":0.651267529,"type":"deadbranch_02"}
{"ctxid":0,"pos":[392.672485,-702.267639,125.650284],"rotationMatrix":[-0.925698996,-0.373244286,0.0613977052,0.374486089,-0.927181482,0.00971039012,0.053302478,0.0319814868,0.998066127],"scale":0.619465053,"type":"deadbranch_02"}
{"ctxid":0,"pos":[392.664825,-701.442505,125.598221],"rotationMatrix":[0.189356327,0.981028914,-0.0415482707,-0.980460525,0.191204727,0.0462353826,0.053302478,0.0319814831,0.998066127],"scale":1.0691154,"type":"deadbranch_02"}
{"ctxid":0,"pos":[385.281616,-693.064941,126.507782],"rotationMatrix":[-0.961700797,-0.244912371,0.123082876,0.248067871,-0.968682766,0.0107623469,0.116592437,0.0408830643,0.992338061],"scale":0.858347893,"type":"deadbranch_02"}
{"ctxid":0,"pos":[281.247009,-540.373535,125.249268],"rotationMatrix":[0.640052795,-0.768238544,-0.0119126365,0.767530084,0.640016496,-0.0357259214,0.0350703187,0.0137231667,0.999290645],"scale":1.1652683,"type":"deadbranch_02"}
{"ctxid":0,"pos":[293.52356,-541.079651,124.90773],"rotationMatrix":[-0.934008121,0.357166916,-0.00775530841,-0.357238084,-0.933939457,0.0117355045,-0.00305145537,0.0137315504,0.999901056],"scale":0.699320734,"type":"deadbranch_02"}
{"ctxid":0,"pos":[292.770844,-544.083191,124.927902],"rotationMatrix":[0.131672084,-0.991090238,-0.020061519,0.991288602,0.131706774,-0.000412581488,0.00305114314,-0.0198324304,0.999798656],"scale":0.935696065,"type":"deadbranch_02"}
{"ctxid":0,"pos":[189.015854,-518.646667,126.26432],"rotationMatrix":[0.571459055,0.820626736,-0.00250435388,-0.82063055,0.571456432,-0.00174394646,-1.16415322e-10,0.00305174361,0.999995351],"scale":0.955835283,"type":"deadbranch_02"}
{"ctxid":0,"pos":[196.506622,-514.571838,125.922455],"rotationMatrix":[0.374962986,-0.926611304,0.0281790942,0.926757693,0.373925984,-0.0360465012,0.0228642076,0.0396312959,0.998952746],"scale":0.801767826,"type":"deadbranch_02"}
{"ctxid":0,"pos":[199.507904,-516.900269,125.971359],"rotationMatrix":[0.709392667,0.703496695,-0.0430639833,-0.704490423,0.709592581,-0.0131020248,0.0213406533,0.0396326408,0.998986423],"scale":1.1482017,"type":"deadbranch_02"}
{"ctxid":0,"pos":[197.562485,-516.760925,126.034515],"rotationMatrix":[0.533597469,0.844878435,-0.0381324701,-0.845540524,0.533905506,-0.00244054105,0.0182971731,0.0335448198,0.999269724],"scale":0.653706431,"type":"deadbranch_02"}
{"ctxid":0,"pos":[201.116699,-516.928955,125.904907],"rotationMatrix":[-0.893723488,0.448616117,0.00129411276,-0.448110133,-0.892845273,0.0449943841,0.0213406496,0.0396326408,0.998986423],"scale":1.19711804,"type":"deadbranch_02"}
{"ctxid":0,"pos":[197.879028,-518.593445,126.127136],"rotationMatrix":[0.812120199,-0.58346355,0.00557033625,0.583392382,0.811772525,-0.0260499641,0.0106773591,0.0244053937,0.999645114],"scale":0.904121876,"type":"deadbranch_02"}
{"ctxid":0,"pos":[196.188614,-516.249329,126.055435],"rotationMatrix":[0.994862616,-0.0995261967,-0.018518988,0.0989576727,0.994656265,-0.0294330139,0.0213493817,0.0274492074,0.999395192],"scale":0.789439321,"type":"deadbranch_02"}
{"ctxid":0,"pos":[154.23439,-507.007996,127.401291],"rotationMatrix":[0.966185927,-0.253526539,-0.0470001772,0.248634383,0.964346528,-0.0906461552,0.0683056712,0.0758951828,0.994773448],"scale":0.928238869,"type":"deadbranch_02"}
{"ctxid":0,"pos":[150.269974,-505.076447,127.482788],"rotationMatrix":[0.722787082,0.671687424,-0.162526295,-0.687456548,0.72286123,-0.0698220059,0.0705853999,0.162196219,0.984230697],"scale":1.10420632,"type":"deadbranch_02"}
{"ctxid":0,"pos":[157.090729,-501.54425,125.737289],"rotationMatrix":[0.0157120228,0.964825034,-0.262422085,-0.997591615,-0.00260591507,-0.0693095773,-0.067555517,0.262879074,0.962460816],"scale":1.17528331,"type":"deadbranch_02"}
{"ctxid":0,"pos":[156.053787,-502.314026,126.027664],"rotationMatrix":[-0.986349702,-0.164033532,-0.0143914111,0.154842585,-0.953703642,0.257823676,-0.0560168736,0.25207594,0.966084778],"scale":1.0077095,"type":"deadbranch_02"}
{"ctxid":0,"pos":[156.294006,-505.789948,126.955963],"rotationMatrix":[-0.998660088,0.02100241,0.0472885445,-0.0176189188,-0.99733007,0.0708633438,0.0486506075,0.0699352399,0.996364474],"scale":1.16255534,"type":"deadbranch_02"}
{"ctxid":0,"pos":[154.270889,-506.455109,127.281097],"rotationMatrix":[-0.671987057,0.739168584,-0.0454220138,-0.738553822,-0.664387465,0.114575535,0.0545128174,0.110539883,0.992375553],"scale":0.701750398,"type":"deadbranch_02"}
{"ctxid":0,"pos":[154.165146,-501.481445,125.313438],"rotationMatrix":[-0.806341767,-0.576383948,0.132643759,0.590855002,-0.77495718,0.224346727,-0.026516594,0.25927341,0.965439856],"scale":0.934928596,"type":"deadbranch_02"}
{"ctxid":0,"pos":[154.783783,-499.10968,124.682564],"rotationMatrix":[0.211090982,0.977256715,-0.0202439874,-0.975661576,0.209398091,-0.0650902689,-0.059370853,0.0334912464,0.997673988],"scale":0.858548403,"type":"deadbranch_02"}
{"ctxid":0,"pos":[595.544006,-692.982117,125.140923],"rotationMatrix":[-0.939207673,0.338596761,-0.0569248982,-0.338170648,-0.940926313,-0.0172528122,-0.0594039001,0.00304635381,0.998229384],"scale":0.988054633,"type":"deadbranch_02"}
{"ctxid":0,"pos":[599.08075,-699.539917,125.714188],"rotationMatrix":[0.995713174,0.0797828957,0.0467975177,-0.0804034248,0.996695757,0.0115277916,-0.0457231663,-0.0152410548,0.998837888],"scale":0.925683141,"type":"deadbranch_02"}
{"ctxid":0,"pos":[599.778931,-691.154175,125.661308],"rotationMatrix":[-0.973821521,-0.216050178,-0.0706655011,0.215256929,-0.976377368,0.0187455565,-0.0730461851,0.00304359011,0.99732393],"scale":0.951623321,"type":"deadbranch_02"}
{"ctxid":0,"pos":[592.620728,-698.102966,124.758713],"rotationMatrix":[0.786959171,-0.616686344,0.0198307708,0.616092324,0.787136555,0.0290893354,-0.033548519,-0.0106745297,0.999380112],"scale":1.00377929,"type":"deadbranch_02"}
{"ctxid":0,"pos":[602.082947,-695.005432,128.079941],"rotationMatrix":[0.510479212,0.748057783,0.424052477,-0.615534961,0.662244678,-0.42725715,-0.600439548,-0.0429132879,0.798517883],"scale":1.16352427,"type":"deadbranch_02"}
{"ctxid":0,"pos":[594.804871,-700.185059,124.883316],"rotationMatrix":[-0.999252319,-0.0122982459,-0.0366500132,0.0124575356,-0.999913812,-0.00412103394,-0.0365961753,-0.00457452191,0.999319673],"scale":0.712144911,"type":"deadbranch_02"}
{"ctxid":0,"pos":[598.366028,-700.266846,126.127228],"rotationMatrix":[0.138827264,0.983377576,-0.117026389,-0.740728259,0.0246777534,-0.671351016,-0.657303751,0.179886505,0.731841862],"scale":1.16650558,"type":"deadbranch_02"}
{"ctxid":0,"pos":[590.981873,-706.987366,124.446365],"rotationMatrix":[0.992948353,-0.110170752,0.0437724888,0.109375581,0.993795812,0.0201709364,-0.0457231626,-0.0152410548,0.998837888],"scale":1.09643734,"type":"deadbranch_02"}
{"ctxid":0,"pos":[595.591309,-708.028748,125.495911],"rotationMatrix":[0.764642,-0.626358986,-0.151647836,0.614789724,0.63838923,0.463133633,-0.193277597,-0.447362959,0.873218298],"scale":0.730243087,"type":"deadbranch_02"}
{"ctxid":0,"pos":[594.421448,-713.709778,125.861504],"rotationMatrix":[0.569229782,0.734259546,-0.36991936,-0.809904873,0.423319221,-0.406023115,-0.141532421,0.530719936,0.835646391],"scale":0.785889685,"type":"deadbranch_02"}
{"ctxid":0,"pos":[595.899536,-712.296204,126.251106],"rotationMatrix":[-0.972684741,0.211954117,0.0946547613,-0.195864111,-0.968240857,0.155391917,0.124584578,0.132607892,0.9833076],"scale":0.726106763,"type":"deadbranch_02"}
{"ctxid":0,"pos":[600.498474,-709.448792,126.346909],"rotationMatrix":[-0.93187499,0.326424122,-0.15829128,-0.29211545,-0.933899879,-0.20615381,-0.215121806,-0.145870268,0.965631664],"scale":1.14792907,"type":"deadbranch_02"}
{"ctxid":0,"pos":[598.085022,-712.666199,127.52523],"rotationMatrix":[0.35052979,0.918175459,0.184614748,-0.915729046,0.377347052,-0.138019755,-0.196390182,-0.120677069,0.973071396],"scale":0.949920535,"type":"deadbranch_02"}
{"ctxid":0,"pos":[594.933044,-707.583984,124.978149],"rotationMatrix":[0.990970552,-0.0966075286,0.0929752216,0.0968952402,0.995293558,0.00142538687,-0.0926753357,0.00759633956,0.995667398],"scale":0.683324277,"type":"deadbranch_02"}
{"ctxid":0,"pos":[744.892334,-764.609131,125.35611],"rotationMatrix":[-0.41877234,-0.908091307,0,0.908091307,-0.41877234,0,0,0,1],"scale":1.01342201,"type":"deadbranch_02"}
{"ctxid":0,"pos":[743.095825,-763.334778,125.48922],"rotationMatrix":[0.780057073,-0.625708282,0,0.625708282,0.780057073,0,0,0,1],"scale":0.815451026,"type":"deadbranch_02"}
{"ctxid":0,"pos":[747.477783,-761.095032,126.159584],"rotationMatrix":[0.440655768,0.897676229,0,-0.897676229,0.440655768,0,0,0,1],"scale":0.993336976,"type":"deadbranch_02"}
{"ctxid":0,"pos":[755.481201,-757.20166,127.700005],"rotationMatrix":[-0.78829217,-0.615301251,0,0.615301251,-0.78829217,0,0,0,1],"scale":1.15654206,"type":"deadbranch_02"}
{"ctxid":0,"pos":[750.233154,-760.910828,126.200882],"rotationMatrix":[-0.936207175,0.351448715,0,-0.351448715,-0.936207175,0,0,0,1],"scale":1.0095048,"type":"deadbranch_02"}
{"ctxid":0,"pos":[743.566833,-759.824585,126.37178],"rotationMatrix":[-0.218464494,-0.97584486,0,0.97584486,-0.218464494,0,0,0,1],"scale":1.09069693,"type":"deadbranch_02"}
{"ctxid":0,"pos":[741.632446,-759.90387,126.606865],"rotationMatrix":[-0.551934898,0.8338871,0,-0.8338871,-0.551934898,0,0,0,1],"scale":0.970501542,"type":"deadbranch_02"}
{"ctxid":0,"pos":[802.122314,-787.548767,124.656219],"rotationMatrix":[0.536544561,-0.841875076,-0.0580196343,0.843476415,0.53291887,0.0674172267,-0.0258371271,-0.0851105377,0.99603647],"scale":0.71000731,"type":"deadbranch_02"}
{"ctxid":0,"pos":[804.594727,-786.181824,125.034225],"rotationMatrix":[0.568298697,0.817258239,0.0955265686,-0.822204232,0.568530679,0.0274392851,-0.0318847969,-0.0941360742,0.995048642],"scale":0.701341987,"type":"deadbranch_02"}
{"ctxid":0,"pos":[802.054138,-786.252502,124.896523],"rotationMatrix":[-0.333239675,0.93878001,0.0874239057,-0.942602456,-0.329629898,-0.0533325374,-0.0212499835,-0.100178525,0.994742513],"scale":1.00267613,"type":"deadbranch_02"}
{"ctxid":0,"pos":[807.653137,-777.405701,128.851135],"rotationMatrix":[0.850179553,-0.525147021,0.0376208574,0.524633586,0.851011515,0.0232152939,-0.0442072228,-9.31322575e-10,0.999022365],"scale":0.655777872,"type":"deadbranch_02"}
{"ctxid":0,"pos":[806.127747,-777.870239,128.884644],"rotationMatrix":[0.521047354,0.853206515,-0.0234144274,-0.851763606,0.521537602,0.0499719903,0.0548479334,-0.00609421544,0.998476148],"scale":0.608247876,"type":"deadbranch_02"}
{"ctxid":0,"pos":[804.326721,-777.562195,128.812958],"rotationMatrix":[-0.469555736,-0.86965245,-0.152386919,0.880173266,-0.474640131,-0.00340216607,-0.0693702549,-0.135724425,0.988315046],"scale":0.961238801,"type":"deadbranch_02"}
{"ctxid":0,"pos":[805.993896,-777.426758,128.903915],"rotationMatrix":[0.0438898802,-0.999021471,-0.0054278411,0.998919666,0.0438011289,0.0155096455,-0.0152567271,-0.0061026914,0.999864995],"scale":0.975386381,"type":"deadbranch_02"}
{"ctxid":0,"pos":[808.528931,-776.912476,128.876465],"rotationMatrix":[-0.14967382,0.988667011,-0.0116119199,-0.98873055,-0.149626613,0.00484386506,0.00305151613,0.0122060627,0.999920845],"scale":1.1226716,"type":"deadbranch_02"}
{"ctxid":0,"pos":[806.732056,-776.046326,128.824402],"rotationMatrix":[-0.975867391,-0.210903347,0.0565841235,0.210549712,-0.977506518,-0.0122083882,0.0578861646,0,0.998323202],"scale":1.17540264,"type":"deadbranch_02"}
{"ctxid":0,"pos":[793.595398,-774.127502,128.715027],"rotationMatrix":[0.97859472,0.193846434,0.0691081136,-0.199228078,0.976512432,0.0820465162,-0.0515805036,-0.0940585658,0.994229555],"scale":0.61469543,"type":"deadbranch_02"}
{"ctxid":0,"pos":[794.136047,-773.792725,128.786652],"rotationMatrix":[0.788457811,0.614684165,0.0223086532,-0.613999307,0.788701117,-0.0309095643,-0.0365944803,0.0106733898,0.999273181],"scale":1.14792824,"type":"deadbranch_02"}
{"ctxid":0,"pos":[821.397095,-780.526367,129.223831],"rotationMatrix":[-0.97816205,0.207841173,0.000299406238,-0.207567438,-0.976945758,0.0499195009,0.0106678335,0.0487672389,0.99875319],"scale":1.05389667,"type":"deadbranch_02"}
{"ctxid":0,"pos":[818.451416,-777.48761,128.439667],"rotationMatrix":[0.949282408,0.306615651,-0.0696397722,-0.313930988,0.911846757,-0.264542609,-0.0176121127,0.272987753,0.961856306],"scale":1.04288781,"type":"deadbranch_02"}
{"ctxid":0,"pos":[820.87146,-779.122009,128.906815],"rotationMatrix":[0.866192341,0.485302627,-0.119130656,-0.491095543,0.870791793,-0.0233830865,0.09239012,0.0787587911,0.992603183],"scale":0.697573185,"type":"deadbranch_02"}
{"ctxid":0,"pos":[817.933838,-781.537964,129.216721],"rotationMatrix":[-0.526288629,0.850299835,-0.00321221072,-0.85028398,-0.526298404,-0.00518972101,-0.00610340107,0,0.999981403],"scale":0.840695798,"type":"deadbranch_02"}
{"ctxid":0,"pos":[971.614075,-649.135559,127.190445],"rotationMatrix":[0.976341605,-0.216233522,0,0.216233522,0.976341605,0,0,0,1],"scale":0.703338802,"type":"deadbranch_02"}
{"ctxid":0,"pos":[974.725464,-651.607117,127.736496],"rotationMatrix":[-0.774448335,-0.632637262,0,0.632637262,-0.774448335,0,0,0,1],"scale":0.712785542,"type":"deadbranch_02"}
{"ctxid":0,"pos":[977.417175,-652.558289,128.224777],"rotationMatrix":[0.641603172,-0.767036676,0,0.767036676,0.641603172,0,0,0,1],"scale":0.981510758,"type":"deadbranch_02"}
{"ctxid":0,"pos":[970.820618,-648.904175,127.213028],"rotationMatrix":[-0.799550474,-0.600599051,0,0.600599051,-0.799550474,0,0,0,1],"scale":1.10278666,"type":"deadbranch_02"}
{"ctxid":0,"pos":[973.159058,-650.068909,127.354324],"rotationMatrix":[-0.910903156,0.412620336,0,-0.412620336,-0.910903156,0,0,0,1],"scale":1.00571418,"type":"deadbranch_02"}
{"ctxid":0,"pos":[965.578735,-643.966431,127.032166],"rotationMatrix":[-0.879443169,-0.476004034,0,0.476004034,-0.879443169,0,0,0,1],"scale":0.946367621,"type":"deadbranch_02"}
{"ctxid":0,"pos":[967.68103,-646.5755,127.187759],"rotationMatrix":[-0.457922906,-0.888991833,0,0.888991833,-0.457922906,0,0,0,1],"scale":0.904564023,"type":"deadbranch_02"}
{"ctxid":0,"pos":[970.348633,-644.393494,126.878296],"rotationMatrix":[-0.40305838,0.915174186,0,-0.915174186,-0.40305838,0,0,0,1],"scale":0.733990192,"type":"deadbranch_02"}
{"ctxid":0,"pos":[969.825928,-644.901611,126.919495],"rotationMatrix":[0.442442805,-0.896796703,0,0.896796703,0.442442805,0,0,0,1],"scale":0.684308529,"type":"deadbranch_02"}
{"ctxid":0,"pos":[966.256104,-643.88916,127.005493],"rotationMatrix":[-0.980703354,0.195502028,0,-0.195502028,-0.980703354,0,0,0,1],"scale":0.960514843,"type":"deadbranch_02"}
{"ctxid":0,"pos":[973.145386,-666.295959,128.197205],"rotationMatrix":[0.874386847,-0.485229433,0,0.485229433,0.874386847,0,0,0,1],"scale":0.654711068,"type":"deadbranch_02"}
{"ctxid":0,"pos":[973.160095,-680.974976,128.637558],"rotationMatrix":[-0.60153085,0.798849404,0,-0.798849404,-0.60153085,0,0,0,1],"scale":0.678334415,"type":"deadbranch_02"}
{"ctxid":0,"pos":[973.759338,-682.251648,128.594116],"rotationMatrix":[0.775761664,-0.63102591,0,0.63102591,0.775761664,0,0,0,1],"scale":0.88588047,"type":"deadbranch_02"}
{"ctxid":0,"pos":[973.499573,-680.173035,128.578995],"rotationMatrix":[-0.55462712,-0.83209908,0,0.83209908,-0.55462712,0,0,0,1],"scale":0.672235847,"type":"deadbranch_02"}
{"ctxid":0,"pos":[970.358337,-682.63031,129.285233],"rotationMatrix":[0.241509393,0.970398545,0,-0.970398545,0.241509393,0,0,0,1],"scale":0.917080879,"type":"deadbranch_02"}
{"ctxid":0,"pos":[976.488098,-683.244751,128.280167],"rotationMatrix":[-0.428619176,0.903485179,0,-0.903485179,-0.428619176,0,0,0,1],"scale":1.17499506,"type":"deadbranch_02"}
{"ctxid":0,"pos":[975.146484,-680.53894,128.455139],"rotationMatrix":[-0.67435205,-0.738409936,0,0.738409936,-0.67435205,0,0,0,1],"scale":1.13392949,"type":"deadbranch_02"}
{"ctxid":0,"pos":[973.554443,-694.123962,128.51236],"rotationMatrix":[-0.645677626,0.763610005,0,-0.763610005,-0.645677626,0,0,0,1],"scale":0.995944738,"type":"deadbranch_02"}
{"ctxid":0,"pos":[974.058472,-694.583618,128.510559],"rotationMatrix":[0.748906195,-0.662675977,0,0.662675977,0.748906195,0,0,0,1],"scale":0.6142537,"type":"deadbranch_02"}
{"ctxid":0,"pos":[974.565613,-691.381226,128.631134],"rotationMatrix":[-0.0331072547,0.999451756,0,-0.999451756,-0.0331072547,0,0,0,1],"scale":0.816113114,"type":"deadbranch_02"}
{"ctxid":0,"pos":[977.391113,-691.479797,127.986191],"rotationMatrix":[0.228089601,0.973640144,0,-0.973640144,0.228089601,0,0,0,1],"scale":0.91163975,"type":"deadbranch_02"}
{"ctxid":0,"pos":[973.264526,-701.753174,129.081665],"rotationMatrix":[0.754305601,-0.656523526,0,0.656523526,0.754305601,0,0,0,1],"scale":0.900477946,"type":"deadbranch_02"}
{"ctxid":0,"pos":[972.765259,-701.089294,129.07312],"rotationMatrix":[0.99616909,-0.0874478072,0,0.0874478072,0.99616909,0,0,0,1],"scale":1.11009943,"type":"deadbranch_02"}
{"ctxid":0,"pos":[977.171326,-704.652954,128.966095],"rotationMatrix":[-0.461357325,-0.887214303,0,0.887214303,-0.461357325,0,0,0,1],"scale":0.959079087,"type":"deadbranch_02"}
{"ctxid":0,"pos":[966.507263,-724.126526,133.060898],"rotationMatrix":[0.324528456,-0.945875883,0,0.945875883,0.324528456,0,0,0,1],"scale":1.03823566,"type":"deadbranch_02"}
{"ctxid":0,"pos":[971.029175,-723.763184,129.405945],"rotationMatrix":[-0.0299154855,-0.999552429,0,0.999552429,-0.0299154855,0,0,0,1],"scale":0.866349876,"type":"deadbranch_02"}
{"ctxid":0,"pos":[773.365234,-176.416641,124.521149],"rotationMatrix":[-0.839207053,0.54381156,0.000594107201,-0.543758392,-0.839139342,0.0131115234,0.00762873702,0.0106802331,0.999913871],"scale":0.634316444,"type":"deadbranch_02"}
{"ctxid":0,"pos":[767.911499,-172.514511,124.551392],"rotationMatrix":[0.350844681,-0.936413825,0.00607737014,0.936309278,0.350685,-0.018567767,0.0152558759,0.0122047001,0.999809146],"scale":1.13823152,"type":"deadbranch_02"}
{"ctxid":0,"pos":[758.441956,-151.876785,124.42543],"rotationMatrix":[0.535698533,0.844288766,-0.0142689822,-0.844321072,0.535810351,0.00540116429,0.0122056091,0.009154208,0.999883592],"scale":0.965451539,"type":"deadbranch_02"}
{"ctxid":0,"pos":[755.229187,-154.054352,124.57518],"rotationMatrix":[-0.960458279,-0.277566761,0.0218218509,0.277820855,-0.960585117,0.00957031548,0.0183053445,0.0152544547,0.999716043],"scale":0.666822255,"type":"deadbranch_02"}
{"ctxid":0,"pos":[756.800232,-149.440872,124.417854],"rotationMatrix":[0.228553891,0.973460853,-0.0117022628,-0.973454654,0.22867012,0.00978945475,0.0122056091,0.00915420707,0.999883592],"scale":0.794251561,"type":"deadbranch_02"}
{"ctxid":0,"pos":[766.788513,-180.995697,124.942123],"rotationMatrix":[-0.96461308,-0.258615941,0.0513661765,0.259939641,-0.965398073,0.0209053289,0.0441823788,0.0335176736,0.998461068],"scale":0.899779439,"type":"deadbranch_02"}
{"ctxid":0,"pos":[771.210999,-180.981354,124.712067],"rotationMatrix":[0.795305431,-0.606208861,-0.00011037942,0.606016934,0.795058191,-0.0250181947,0.0152540114,0.0198302139,0.999687016],"scale":0.850300729,"type":"deadbranch_02"}
{"ctxid":0,"pos":[805.182922,-219.91507,125.196945],"rotationMatrix":[0.790156126,-0.612119913,-0.0310242176,0.609563112,0.790118754,-0.0643831417,0.0639230236,0.0319615155,0.997442901],"scale":0.909883559,"type":"deadbranch_02"}
{"ctxid":0,"pos":[809.715149,-219.689713,124.71769],"rotationMatrix":[0.943131089,-0.330437303,-0.0362612456,0.329669356,0.94374913,-0.0256053694,0.0426824912,0.0121949948,0.999014258],"scale":0.89495188,"type":"deadbranch_02"}
{"ctxid":0,"pos":[806.329224,-218.723114,124.98674],"rotationMatrix":[-0.989649653,-0.132801428,0.0543824881,0.133831158,-0.990879178,0.0157362781,0.0517966747,0.0228514746,0.998396158],"scale":0.803880692,"type":"deadbranch_02"}
{"ctxid":0,"pos":[807.005432,-218.34494,124.899353],"rotationMatrix":[-0.631662011,-0.773897529,0.0456644706,0.773982763,-0.632897735,-0.0197632331,0.0441956706,0.0228598285,0.998761296],"scale":1.12912691,"type":"deadbranch_02"}
{"ctxid":0,"pos":[869.589294,-263.225006,124.555977],"rotationMatrix":[-0.900954604,-0.433887303,-0.00473567378,0.433902442,-0.900955439,-0.00280008162,-0.00305171148,-0.00457756687,0.99998486],"scale":1.09177744,"type":"deadbranch_02"}
{"ctxid":0,"pos":[868.003845,-268.354736,124.516777],"rotationMatrix":[0.236299694,0.971676767,0.0025643548,-0.971669376,0.236308694,-0.00408737082,-0.00457758317,-0.00152586098,0.999988377],"scale":0.936699629,"type":"deadbranch_02"}
{"ctxid":0,"pos":[908.75415,-317.214386,124.513046],"rotationMatrix":[-0.996779203,-0.0793469101,0.0116153425,0.079478249,-0.99677217,0.0113187106,0.010679747,0.0122054247,0.999868453],"scale":0.842329144,"type":"deadbranch_02"}
{"ctxid":0,"pos":[906.153809,-314.528046,124.489227],"rotationMatrix":[0.259747386,-0.965624452,0.0100295851,0.965665698,0.259779692,0.00204211357,-0.00457739644,0.00915479288,0.999947608],"scale":1.08913362,"type":"deadbranch_02"}
{"ctxid":0,"pos":[921.924622,-100.851196,125.452713],"rotationMatrix":[0.903907001,-0.423054308,0.0630646646,0.421181113,0.906041741,0.0411684699,-0.07455571,-0.0106508173,0.997159958],"scale":0.722192764,"type":"deadbranch_02"}
{"ctxid":0,"pos":[922.533691,-98.4380722,125.647583],"rotationMatrix":[-0.58018887,-0.810647726,-0.0789365172,0.807331681,-0.585201979,0.0758558959,-0.107686222,-0.0197171979,0.993989408],"scale":0.675473273,"type":"deadbranch_02"}
{"ctxid":0,"pos":[909.611023,-81.6327667,125.166168],"rotationMatrix":[-0.73108995,0.68201685,-0.0189720765,-0.680643559,-0.730978847,-0.0489267483,-0.047237061,-0.0228566453,0.998622179],"scale":0.62471664,"type":"deadbranch_02"}
{"ctxid":0,"pos":[915.605164,-95.6005707,124.932617],"rotationMatrix":[0.90760088,-0.419015437,0.026204301,0.418236405,0.907824218,0.030553801,-0.0365914144,-0.0167710651,0.999189556],"scale":1.1637634,"type":"deadbranch_02"}
{"ctxid":0,"pos":[914.310242,-97.0786743,124.830772],"rotationMatrix":[-0.395731568,0.918324232,0.00877154246,-0.918212771,-0.395472884,-0.0220497809,-0.0167799406,-0.0167799406,0.999718368],"scale":0.953338504,"type":"deadbranch_02"}
{"ctxid":0,"pos":[892.906616,-32.0991554,126.607346],"rotationMatrix":[0.553190827,-0.830483377,0.0653998256,0.818468153,0.556453943,0.143069372,-0.155208737,-0.0256169774,0.987549484],"scale":1.09351873,"type":"deadbranch_02"}
{"ctxid":0,"pos":[893.653748,-34.1850967,126.625809],"rotationMatrix":[-0.63330853,-0.76732856,-0.100632966,0.766797125,-0.639745116,0.0524236895,-0.10460566,-0.0439646952,0.993541539],"scale":0.844780385,"type":"deadbranch_02"}
{"ctxid":0,"pos":[895.937378,-47.1333771,126.180038],"rotationMatrix":[0.933147728,-0.343022943,0.107566632,0.336291373,0.938682556,0.0760470107,-0.127056792,-0.0347893611,0.991285145],"scale":0.819869399,"type":"deadbranch_02"}
{"ctxid":0,"pos":[896.732727,-47.2982903,126.347061],"rotationMatrix":[0.993129969,-0.0654189736,0.0970214903,0.060607966,0.996820033,0.0517345071,-0.100097388,-0.0454988182,0.993936777],"scale":1.04948473,"type":"deadbranch_02"}
{"ctxid":0,"pos":[897.237427,-56.0054207,125.67215],"rotationMatrix":[-0.983206987,0.170528904,-0.0649866685,-0.167262003,-0.984496713,-0.0528106578,-0.0729849264,-0.0410540216,0.996487737],"scale":1.08891225,"type":"deadbranch_02"}
{"ctxid":0,"pos":[897.547363,-68.6648331,124.823204],"rotationMatrix":[0.967451036,-0.248641536,0.0470733158,0.247046337,0.968288958,0.0372105241,-0.0548326559,-0.0243700687,0.998198092],"scale":0.664223909,"type":"deadbranch_02"}
{"ctxid":0,"pos":[896.841431,-65.6279373,124.897369],"rotationMatrix":[0.90882498,0.410337031,0.0752372369,-0.413154185,0.910288453,0.026047552,-0.0577993169,-0.0547572523,0.996825397],"scale":0.653864264,"type":"deadbranch_02"}
{"ctxid":0,"pos":[896.003601,-66.2910461,124.743347],"rotationMatrix":[-0.924878716,-0.374850422,-0.0639231876,0.375833362,-0.92667985,-0.00365992915,-0.0578644164,-0.0274094604,0.99794811],"scale":0.731014013,"type":"deadbranch_02"}
{"ctxid":0,"pos":[899.26178,-72.1118927,124.790329],"rotationMatrix":[0.899926126,0.432780057,0.0532393195,-0.433133632,0.90131408,-0.00530645717,-0.0502818786,-0.0182843208,0.9985677],"scale":1.09159446,"type":"deadbranch_02"}
{"ctxid":0,"pos":[898.048218,-72.588913,124.654388],"rotationMatrix":[0.321276963,-0.946905494,-0.0122811133,0.946023345,0.320339322,0.049216859,-0.042669598,-0.0274304617,0.998712599],"scale":0.603474557,"type":"deadbranch_02"}
{"ctxid":0,"pos":[901.215576,-70.7577209,125.085892],"rotationMatrix":[-0.666630626,-0.742414594,-0.0665118396,0.742641926,-0.669177651,0.0261508599,-0.0639230311,-0.0319615155,0.997442901],"scale":0.921065509,"type":"deadbranch_02"}
{"ctxid":0,"pos":[884.58551,4.16437721,126.481186],"rotationMatrix":[-0.893286943,0.441437185,-0.0846837461,-0.43565613,-0.896672249,-0.0786280632,-0.110642925,-0.0333444439,0.993300676],"scale":0.611832738,"type":"deadbranch_02"}
{"ctxid":0,"pos":[879.52002,-3.79473782,125.275208],"rotationMatrix":[-0.601686478,-0.794862449,-0.0785266832,0.791438639,-0.606559753,0.0755615011,-0.10769216,-0.0166847035,0.994044244],"scale":0.756040156,"type":"deadbranch_02"}
{"ctxid":0,"pos":[882.873535,-1.71159458,125.934631],"rotationMatrix":[0.0609436035,-0.99810648,-0.00831334665,0.994241238,0.0599678159,0.0888148546,-0.0881481618,-0.0136781633,0.996013463],"scale":0.60611403,"type":"deadbranch_02"}
{"ctxid":0,"pos":[887.276794,-6.13653231,126.649887],"rotationMatrix":[0.551853001,-0.832005143,0.0567939505,0.825525403,0.5546664,0.104177311,-0.118177764,-0.0106056966,0.992935836],"scale":0.781206012,"type":"deadbranch_02"}
{"ctxid":0,"pos":[885.490234,-2.27283239,126.440369],"rotationMatrix":[-0.343108416,0.939219296,-0.0119832382,-0.935831487,-0.342909813,-0.0814378038,-0.0805971324,-0.0167277083,0.99660641],"scale":1.15321112,"type":"deadbranch_02"}
{"ctxid":0,"pos":[884.068848,-1.16867924,126.209961],"rotationMatrix":[0.752503514,0.653298438,0.0833038241,-0.651601493,0.756916106,-0.0499341115,-0.0956758857,-0.0167053118,0.995272338],"scale":0.822619796,"type":"deadbranch_02"}
{"ctxid":0,"pos":[881.934448,-4.50777817,125.666405],"rotationMatrix":[-0.981775522,0.173422754,-0.0777203664,-0.171390176,-0.98467803,-0.0321521126,-0.0821054801,-0.0182456635,0.996456623],"scale":0.994060755,"type":"deadbranch_02"}
{"ctxid":0,"pos":[880.575562,-2.9801178,125.503403],"rotationMatrix":[0.699273467,-0.713598549,0.0423523784,0.709948123,0.70018363,0.0756071508,-0.0836075991,-0.0228020716,0.996237814],"scale":0.779269934,"type":"deadbranch_02"}
{"ctxid":0,"pos":[882.413269,-6.90341711,125.61776],"rotationMatrix":[-0.106321096,-0.993830919,-0.0315570757,0.988152385,-0.109139919,0.107904516,-0.110682987,-0.0197106674,0.993660271],"scale":0.892288566,"type":"deadbranch_02"}
{"ctxid":0,"pos":[879.091125,-2.60773897,125.285782],"rotationMatrix":[0.0119450688,0.999483943,0.0298151579,-0.997476101,0.0139974952,-0.0696074739,-0.0699888915,-0.0289084539,0.997128785],"scale":0.726976812,"type":"deadbranch_02"}
{"ctxid":0,"pos":[882.763916,-4.07554483,125.839912],"rotationMatrix":[-0.481073976,-0.8744663,-0.0622577965,0.871443629,-0.484743357,0.0748962909,-0.0956733525,-0.0182234962,0.995245934],"scale":0.656216025,"type":"deadbranch_02"}
{"ctxid":0,"pos":[883.877075,-4.78693962,126.027451],"rotationMatrix":[0.241346955,0.969819725,0.0346575864,-0.964609921,0.243652701,-0.100800753,-0.10620299,-0.0091031082,0.994302809],"scale":0.787249088,"type":"deadbranch_02"}
{"ctxid":0,"pos":[925.113098,151.382645,124.595383],"rotationMatrix":[-0.396128654,-0.918094993,0.0135397725,0.917828798,-0.395511389,0.0340679698,-0.0259224996,0.0259224996,0.999327779],"scale":0.740705013,"type":"deadbranch_02"}
{"ctxid":0,"pos":[909.445007,124.252731,124.973175],"rotationMatrix":[-0.262362838,-0.964957058,0.00485820137,0.963736475,-0.26177001,0.051850602,-0.048761867,0.0182857011,0.998643041],"scale":0.606223345,"type":"deadbranch_02"}
{"ctxid":0,"pos":[905.258362,108.579727,125.313667],"rotationMatrix":[0.500868917,0.865444243,-0.0116874129,-0.863381565,0.498634636,-0.0770440251,-0.0608495623,0.0486796498,0.996959209],"scale":1.11262071,"type":"deadbranch_02"}
{"ctxid":0,"pos":[986.28479,125.790337,126.541405],"rotationMatrix":[-0.583254814,0.810595989,0.0524176545,-0.809396029,-0.585407615,0.0466442034,0.0684953183,-0.0152211804,0.997535288],"scale":1.0220772,"type":"deadbranch_02"}
{"ctxid":0,"pos":[983.809204,116.256195,126.427322],"rotationMatrix":[-0.453140616,0.889617443,0.056957081,-0.888317466,-0.455973506,0.054589849,0.0745350122,-0.0258590914,0.996883035],"scale":0.841950417,"type":"deadbranch_02"}
{"ctxid":0,"pos":[980.732178,116.222275,126.895897],"rotationMatrix":[0.879201472,0.471093357,-0.0712445825,-0.467939436,0.881924987,0.0569299348,0.0896516889,-0.0167147256,0.99583292],"scale":0.909448385,"type":"deadbranch_02"}
{"ctxid":0,"pos":[973.604858,97.7653275,127.019058],"rotationMatrix":[-0.727964401,-0.6855492,0.00946877245,0.685124099,-0.727896571,-0.0277682208,0.025928773,-0.0137269981,0.999569535],"scale":0.601187706,"type":"deadbranch_02"}
{"ctxid":0,"pos":[967.328857,-12.1762409,127.201668],"rotationMatrix":[0.305298507,0.951311111,-0.0424257293,-0.936172605,0.307997823,0.169464111,0.174280137,-0.0120193213,0.984622777],"scale":1.19494462,"type":"deadbranch_02"}
{"ctxid":0,"pos":[966.49762,-15.1025915,127.392723],"rotationMatrix":[-0.719672561,0.682601869,0.126987517,-0.674652636,-0.730714321,0.104403898,0.16405791,-0.0105358288,0.986394465],"scale":1.1600678,"type":"deadbranch_02"}
{"ctxid":0,"pos":[968.015137,19.161232,127.75795],"rotationMatrix":[0.579086959,0.810070515,-0.0918911323,-0.802011251,0.586283803,0.114232898,0.146410987,0.00754695758,0.989195049],"scale":0.60631156,"type":"deadbranch_02"}
{"ctxid":0,"pos":[969.547729,20.2318611,127.293793],"rotationMatrix":[0.467112184,0.882173836,-0.0597941726,-0.871492207,0.470768988,0.137396067,0.14935647,-0.012069203,0.988709748],"scale":0.909030318,"type":"deadbranch_02"}
{"ctxid":0,"pos":[965.811157,20.9029045,128.222397],"rotationMatrix":[0.792828798,-0.601412714,-0.0986162275,0.597277343,0.798932731,-0.0704716817,0.121170297,-0.00302925706,0.992627084],"scale":1.08205092,"type":"deadbranch_02"}
