{"ctxid":0,"pos":[237.793274,-288.648621,130.608551],"rotationMatrix":[-0.0917687416,0.874180555,0.476850569,-0.911940455,-0.266105175,0.312333435,0.399928391,-0.406196862,0.82162118],"scale":0.92106688,"type":"deadpalm_02"}
{"ctxid":0,"pos":[189.015167,-337.127045,128.366989],"rotationMatrix":[-0.609655261,0.776608109,0.158745468,-0.78816545,-0.615224481,-0.0171401128,0.0843529552,-0.135567278,0.987170756],"scale":0.785890102,"type":"deadpalm_02"}
{"ctxid":0,"pos":[125.250427,-435.559174,126.571518],"rotationMatrix":[0.860179305,-0.509890616,-0.0101490878,0.507209361,0.857393026,-0.0872686952,0.0531992503,0.0699190199,0.996133089],"scale":0.938175201,"type":"deadpalm_02"}
{"ctxid":0,"pos":[134.563217,-431.460266,124.415955],"rotationMatrix":[0.797854304,-0.601549804,-0.0395760797,0.600995839,0.798829436,-0.025990624,0.0472491942,-0.0030483352,0.998878479],"scale":0.762212098,"type":"deadpalm_02"}
{"ctxid":0,"pos":[133.859222,-431.477905,124.487228],"rotationMatrix":[0.685233295,0.727828145,-0.0268601812,-0.726789474,0.685717225,0.0396103784,0.0472480394,-0.00762065314,0.998854101],"scale":0.911838174,"type":"deadpalm_02"}
{"ctxid":0,"pos":[125.704842,-430.19931,125.706146],"rotationMatrix":[-0.723366022,0.690367222,0.0115915639,-0.689721584,-0.723264337,0.0342408158,0.032022506,0.016773697,0.999346375],"scale":0.765150428,"type":"deadpalm_02"}
{"ctxid":0,"pos":[131.182159,-436.91214,124.849792],"rotationMatrix":[-0.241014242,-0.969370425,0.0472514853,0.968609512,-0.243308663,-0.0509515218,0.0608876124,0.0334881879,0.997582674],"scale":0.933094144,"type":"deadpalm_02"}
{"ctxid":0,"pos":[134.624069,-428.622803,124.477257],"rotationMatrix":[-0.733941793,-0.678469062,0.0317610875,0.675751328,-0.734117866,-0.0665633082,0.0684775412,-0.0273910128,0.997276545],"scale":0.932124197,"type":"deadpalm_02"}
{"ctxid":0,"pos":[133.263077,-430.960052,124.562897],"rotationMatrix":[-0.995944977,0.07091254,0.0553581268,-0.0713088661,-0.997440338,-0.00521472748,0.0548466593,-0.00914110895,0.998452961],"scale":0.973591626,"type":"deadpalm_02"}
{"ctxid":0,"pos":[128.781357,-437.492767,125.565933],"rotationMatrix":[0.666059077,-0.74088347,-0.0863539577,0.725632429,0.670408666,-0.15495111,0.172693163,0.0405453593,0.984140813],"scale":0.793096125,"type":"deadpalm_02"}
{"ctxid":0,"pos":[129.82312,-438.53653,125.301468],"rotationMatrix":[-0.902697802,-0.404811829,0.145820424,0.405157298,-0.913796902,-0.0286736563,0.14485772,0.033196561,0.988895476],"scale":0.781931758,"type":"deadpalm_02"}
{"ctxid":0,"pos":[132.96962,-438.957855,124.768845],"rotationMatrix":[-0.522674441,0.852530122,0.00177270174,-0.850017905,-0.521291614,0.0756577551,0.0654246211,0.0380375683,0.997132242],"scale":0.764734149,"type":"deadpalm_02"}
{"ctxid":0,"pos":[131.230515,-438.14624,124.92041],"rotationMatrix":[-0.397923231,0.917375088,-0.00893708877,-0.915779352,-0.396611333,0.0636192486,0.0548181608,0.0334999859,0.997934222],"scale":0.717585802,"type":"deadpalm_02"}
{"ctxid":0,"pos":[125.195107,-425.475983,125.738686],"rotationMatrix":[-0.950077653,0.282212853,0.133070782,-0.272401333,-0.958214283,0.087306492,0.152149364,0.0466993079,0.987253606],"scale":0.889442086,"type":"deadpalm_02"}
{"ctxid":0,"pos":[131.084885,-413.678619,124.982864],"rotationMatrix":[-0.964552402,-0.262228221,0.0295784865,0.261749953,-0.964946747,-0.0190935154,0.0335485265,-0.0106745306,0.999380112],"scale":0.861464858,"type":"deadpalm_02"}
{"ctxid":0,"pos":[129.09967,-414.29837,125.098015],"rotationMatrix":[-0.442716002,0.896382093,0.0223927796,-0.896089673,-0.443187475,0.024656307,0.0320256762,-0.00915019494,0.99944514],"scale":0.724255502,"type":"deadpalm_02"}
{"ctxid":0,"pos":[125.726868,-410.557037,125.674187],"rotationMatrix":[0.670521021,-0.740962148,-0.0371035561,0.738860369,0.671462238,-0.0567780957,0.0669840574,0.0106565561,0.997697115],"scale":0.893343449,"type":"deadpalm_02"}
{"ctxid":0,"pos":[147.672073,-389.050323,124.951302],"rotationMatrix":[-0.99723208,0.0740453973,0.00670440355,-0.073955901,-0.997179985,0.0127368467,0.00762860337,0.0122057656,0.999896407],"scale":0.945573628,"type":"deadpalm_02"}
{"ctxid":0,"pos":[160.483505,-369.741028,125.442513],"rotationMatrix":[0.366063178,0.930352688,0.0210137405,-0.929391742,0.364353061,0.0589731969,0.0472094528,-0.0411179103,0.998038352],"scale":0.93439877,"type":"deadpalm_02"}
{"ctxid":0,"pos":[164.140457,-369.228241,125.305695],"rotationMatrix":[-0.976517439,0.215438411,0,-0.215438411,-0.976517439,0,0,0,1],"scale":0.957242012,"type":"deadpalm_02"}
{"ctxid":0,"pos":[202.343597,-337.583862,125.018616],"rotationMatrix":[-0.991581559,-0.129076496,-0.0102507984,0.129402116,-0.990648746,-0.0432443395,-0.00457311329,-0.0442067683,0.999011934],"scale":0.964847445,"type":"deadpalm_02"}
{"ctxid":0,"pos":[206.381454,-338.085907,124.957291],"rotationMatrix":[0.799474239,-0.600372732,-0.0198362637,0.600576341,0.799544215,0.00608882587,0.0122044031,-0.0167810507,0.999784708],"scale":0.963374317,"type":"deadpalm_02"}
{"ctxid":0,"pos":[216.33345,-327.228516,124.800987],"rotationMatrix":[0.896030188,0.443311334,-0.0245958492,-0.443235219,0.896362543,0.00876201503,0.0259310976,0.00305071706,0.999659061],"scale":0.745091319,"type":"deadpalm_02"}
{"ctxid":0,"pos":[212.695511,-331.030884,124.955765],"rotationMatrix":[0.999391198,-0.0262741279,-0.0229544286,0.0263371598,0.999650121,0.00244787964,0.0228820797,-0.00305094407,0.999733508],"scale":0.91454941,"type":"deadpalm_02"}
{"ctxid":0,"pos":[217.036331,-331.479248,124.821365],"rotationMatrix":[-0.518865347,0.85475558,0.0130884042,-0.854821742,-0.518920541,0.000979102217,0.00762873609,-0.0106802313,0.999913871],"scale":0.907494605,"type":"deadpalm_02"}
{"ctxid":0,"pos":[206.537277,-327.11322,126.07869],"rotationMatrix":[0.75281918,0.657619059,0.0282932464,-0.654388964,0.743102014,0.139908805,0.0709819421,-0.123840816,0.989760101],"scale":0.703944325,"type":"deadpalm_02"}
{"ctxid":0,"pos":[214.881302,-321.524292,126.263794],"rotationMatrix":[0.965420127,0.0989493057,-0.241190732,-0.0415664241,0.971758425,0.232288182,0.257363886,-0.214230239,0.942268133],"scale":0.896236241,"type":"deadpalm_02"}
{"ctxid":0,"pos":[229.910034,-307.708862,126.260048],"rotationMatrix":[-0.682928443,-0.730426431,-0.0092689991,0.726383209,-0.67769599,-0.114435598,0.0773052275,-0.0848841667,0.993387401],"scale":0.85987258,"type":"deadpalm_02"}
{"ctxid":0,"pos":[232.116592,-309.17453,125.527649],"rotationMatrix":[0.125789821,-0.986535192,-0.104523562,0.98574388,0.13616097,-0.0988393947,0.111740582,-0.0906004682,0.989598691],"scale":0.915893495,"type":"deadpalm_02"}
{"ctxid":0,"pos":[305.116425,-284.890198,124.363457],"rotationMatrix":[0.94834429,-0.316866785,-0.0154444715,0.317008108,0.948391497,0.00770731689,0.0122052124,-0.0122052133,0.999851048],"scale":0.779742897,"type":"deadpalm_02"}
{"ctxid":0,"pos":[309.452881,-282.270386,124.62648],"rotationMatrix":[0.981841743,0.139106914,0.128980905,-0.146172687,0.988142371,0.0469914302,-0.120914668,-0.0649916381,0.990533054],"scale":0.905971527,"type":"deadpalm_02"}
{"ctxid":0,"pos":[312.910034,-286.30957,124.868164],"rotationMatrix":[0.536867559,-0.824509084,-0.178767592,0.843619168,0.522403002,0.124103621,-0.00893585384,-0.217438981,0.976033032],"scale":0.937330127,"type":"deadpalm_02"}
{"ctxid":0,"pos":[306.528107,-294.009003,124.450912],"rotationMatrix":[0.568087459,-0.822968245,0,0.822968245,0.568087459,0,0,0,1],"scale":0.937053919,"type":"deadpalm_02"}
{"ctxid":0,"pos":[481.473175,-497.727875,127.828308],"rotationMatrix":[0.693313599,0.720635474,0.000844165683,-0.712180555,0.684999406,0.153540239,0.110068299,-0.107052729,0.988142014],"scale":0.860880792,"type":"deadpalm_02"}
{"ctxid":0,"pos":[481.510559,-493.191406,129.185135],"rotationMatrix":[0.551131487,0.805340111,0.21836035,-0.826504171,0.562837362,0.0102444813,-0.114651039,-0.186121821,0.975814462],"scale":0.928206801,"type":"deadpalm_02"}
{"ctxid":0,"pos":[474.608734,-499.139984,128.62352],"rotationMatrix":[0.333651721,-0.864037097,0.376983255,0.920250595,0.385275424,0.0685682446,-0.20448789,0.324041188,0.923678517],"scale":0.759026527,"type":"deadpalm_02"}
{"ctxid":0,"pos":[472.665771,-495.312836,129.434708],"rotationMatrix":[-0.9918437,-0.126320183,-0.0169833228,0.12712881,-0.990022302,-0.0607729331,-0.00913702603,-0.0624363497,0.998007119],"scale":0.805810452,"type":"deadpalm_02"}
{"ctxid":0,"pos":[609.911316,-859.503052,125.084518],"rotationMatrix":[0.885724068,0.411998272,-0.213893116,-0.4510566,0.872737646,-0.186753497,0.109730452,0.261889964,0.958839297],"scale":0.72242403,"type":"deadpalm_02"}
{"ctxid":0,"pos":[607.064941,-858.086487,125.025002],"rotationMatrix":[0.278929532,0.899720252,-0.335710496,-0.931870282,0.338039935,0.131706432,0.231982499,0.276101887,0.932712078],"scale":0.82038486,"type":"deadpalm_02"}
{"ctxid":0,"pos":[608.464966,-855.764282,124.35009],"rotationMatrix":[0.966085672,-0.258178979,-0.00470193988,0.257933348,0.965706944,-0.0296725295,0.0122015197,0.0274534188,0.999548614],"scale":0.867483139,"type":"deadpalm_02"}
{"ctxid":0,"pos":[611.808167,-858.859741,124.401443],"rotationMatrix":[-0.947900176,0.312894434,0.0598493777,-0.310780555,-0.949548721,0.0420983694,0.0700022578,0.0213050358,0.997319281],"scale":0.950146377,"type":"deadpalm_02"}
{"ctxid":0,"pos":[607.867004,-862.441833,127.527786],"rotationMatrix":[-0.953799725,0.143621087,0.263891339,-0.0162071064,-0.901659012,0.432143509,0.300004959,0.407901525,0.862330198],"scale":0.703740418,"type":"deadpalm_02"}
{"ctxid":0,"pos":[602.797729,-861.381348,129.166504],"rotationMatrix":[0.523595214,-0.844725907,-0.110842265,0.847797573,0.529460073,-0.0301861204,0.0841855481,-0.0781665146,0.993379474],"scale":0.84098351,"type":"deadpalm_02"}
{"ctxid":0,"pos":[604.911194,-860.926147,129.46225],"rotationMatrix":[-0.760043263,0.643786669,-0.0887275338,-0.36444211,-0.309192061,0.878397346,0.538066745,0.699956179,0.469622612],"scale":0.995384216,"type":"deadpalm_02"}
{"ctxid":0,"pos":[606.936218,-865.591553,129.578156],"rotationMatrix":[-0.741986513,0.664779603,-0.0867388621,-0.670124471,-0.739236951,0.066794157,-0.0197171941,0.107686222,0.993989408],"scale":0.735830784,"type":"deadpalm_02"}
{"ctxid":0,"pos":[607.441956,-862.128906,128.6138],"rotationMatrix":[-0.557508349,-0.784549296,-0.271416247,0.534578621,-0.0891371965,-0.840404749,0.635145724,-0.613626003,0.469098091],"scale":0.738832116,"type":"deadpalm_02"}
{"ctxid":0,"pos":[616.85437,-860.39801,124.256104],"rotationMatrix":[-0.495685816,-0.867374003,0.0442438386,0.868275583,-0.49607563,0.00245725736,0.0198169388,0.0396338776,0.999017715],"scale":0.736524105,"type":"deadpalm_02"}
{"ctxid":0,"pos":[616.700867,-864.386292,124.758179],"rotationMatrix":[-0.064729929,0.990989745,-0.11725723,-0.952596962,-0.0263594389,0.30309096,0.297269195,0.131317943,0.945720136],"scale":0.940862238,"type":"deadpalm_02"}
{"ctxid":0,"pos":[613.389832,-864.765381,127.232422],"rotationMatrix":[-0.943246722,0.302287787,0.13750422,-0.209994406,-0.863685012,0.458203346,0.257269621,0.40332374,0.878147066],"scale":0.863109052,"type":"deadpalm_02"}
{"ctxid":0,"pos":[612.108948,-864.662537,127.505432],"rotationMatrix":[-0.236529112,0.950998425,-0.199137032,-0.937337637,-0.169373155,0.304484129,0.255835474,0.258678079,0.931468606],"scale":0.817945719,"type":"deadpalm_02"}
{"ctxid":0,"pos":[614.363464,-860.635925,124.422333],"rotationMatrix":[0.701570749,-0.711987257,0.0295395982,0.712324739,0.699545622,-0.0568268448,0.0197956953,0.0609098375,0.997946978],"scale":0.877117276,"type":"deadpalm_02"}
{"ctxid":0,"pos":[613.959351,-860.493591,124.436752],"rotationMatrix":[0.783350945,-0.607780695,-0.130245835,0.585553646,0.791866541,-0.173419461,0.208538294,0.0595823713,0.9761976],"scale":0.770528316,"type":"deadpalm_02"}
{"ctxid":0,"pos":[616.126526,-869.614929,127.282867],"rotationMatrix":[-0.521933913,0.852437019,0.0305931866,-0.775524497,-0.489164829,0.399098188,0.355171204,0.184577137,0.916397691],"scale":0.950620294,"type":"deadpalm_02"}
{"ctxid":0,"pos":[618.306091,-869.616455,125.91925],"rotationMatrix":[-0.890959144,0.438198447,0.119051859,-0.396243393,-0.878322482,0.267470211,0.221770987,0.191131592,0.956183195],"scale":0.897079766,"type":"deadpalm_02"}
{"ctxid":0,"pos":[618.444824,-865.780334,124.454391],"rotationMatrix":[-0.65111506,-0.758498847,0.0269889757,0.757942855,-0.651672363,-0.0290753841,0.0396416187,0.00152467843,0.999212801],"scale":0.933649421,"type":"deadpalm_02"}
{"ctxid":0,"pos":[618.993896,-884.537109,125.817917],"rotationMatrix":[-0.950869203,0.28404066,0.123159915,-0.297016293,-0.949184656,-0.104064465,0.0873429775,-0.135532215,0.986915529],"scale":0.708078504,"type":"deadpalm_02"}
{"ctxid":0,"pos":[616.484314,-882.189636,126.9104],"rotationMatrix":[-0.275220633,0.951037765,0.140642107,-0.95779109,-0.283873439,0.0452953354,0.083002165,-0.122239552,0.989023805],"scale":0.83111012,"type":"deadpalm_02"}
{"ctxid":0,"pos":[623.267944,-884.688782,124.886719],"rotationMatrix":[-0.86085093,-0.506286442,0.0510801375,0.499814063,-0.860122323,-0.101857468,0.0955042392,-0.062153548,0.993486702],"scale":0.918047845,"type":"deadpalm_02"}
{"ctxid":0,"pos":[334.786285,-552.363708,129.55275],"rotationMatrix":[0.0828243047,0.99656415,0,-0.99656415,0.0828243047,0,0,0,1],"scale":0.827034593,"type":"deadpalm_02"}
{"ctxid":0,"pos":[331.870026,-553.329346,130.139526],"rotationMatrix":[0.582715929,0.812676013,0,-0.812676013,0.582715929,0,0,0,1],"scale":0.743037939,"type":"deadpalm_02"}
{"ctxid":0,"pos":[328.592468,-547.531677,129.756683],"rotationMatrix":[-0.715499163,0.698613644,0,-0.698613644,-0.715499163,0,0,0,1],"scale":0.950841308,"type":"deadpalm_02"}
{"ctxid":0,"pos":[330.32785,-548.409729,129.654694],"rotationMatrix":[0.973136306,-0.230229646,0,0.230229646,0.973136306,0,0,0,1],"scale":0.887596607,"type":"deadpalm_02"}
{"ctxid":0,"pos":[373.310516,-640.424377,125.676254],"rotationMatrix":[0.976502955,-0.215503931,0,0.215503931,0.976502955,0,0,0,1],"scale":0.95625025,"type":"deadpalm_02"}
{"ctxid":0,"pos":[374.348694,-637.21405,125.278915],"rotationMatrix":[-0.515756905,-0.856734991,0,0.856734991,-0.515756905,0,0,0,1],"scale":0.820359826,"type":"deadpalm_02"}
{"ctxid":0,"pos":[376.249878,-636.164978,125.08744],"rotationMatrix":[-0.111526065,-0.99376148,0,0.99376148,-0.111526065,0,0,0,1],"scale":0.861572444,"type":"deadpalm_02"}
{"ctxid":0,"pos":[375.203217,-635.580078,125.147446],"rotationMatrix":[-0.78510654,0.619360626,0,-0.619360626,-0.78510654,0,0,0,1],"scale":0.886112928,"type":"deadpalm_02"}
{"ctxid":0,"pos":[376.576538,-638.484436,125.12384],"rotationMatrix":[-0.106871977,0.994272768,0,-0.994272768,-0.106871977,0,0,0,1],"scale":0.804462075,"type":"deadpalm_02"}
{"ctxid":0,"pos":[374.197632,-636.689758,125.267128],"rotationMatrix":[-0.0073204264,-0.999973178,0,0.999973178,-0.0073204264,0,0,0,1],"scale":0.826670229,"type":"deadpalm_02"}
{"ctxid":0,"pos":[376.01355,-636.900574,125.127197],"rotationMatrix":[0.18921496,-0.98193562,0,0.98193562,0.18921496,0,0,0,1],"scale":0.839485884,"type":"deadpalm_02"}
{"ctxid":0,"pos":[377.407196,-663.737976,126.579117],"rotationMatrix":[-0.988984406,0.148019239,0,-0.148019239,-0.988984406,0,0,0,1],"scale":0.719464004,"type":"deadpalm_02"}
{"ctxid":0,"pos":[381.328552,-661.343384,125.407074],"rotationMatrix":[-0.711861789,0.702319443,0,-0.702319443,-0.711861789,0,0,0,1],"scale":0.976411045,"type":"deadpalm_02"}
{"ctxid":0,"pos":[379.169281,-664.202209,126.129623],"rotationMatrix":[0.535930991,-0.844261706,0,0.844261706,0.535930991,0,0,0,1],"scale":0.936564922,"type":"deadpalm_02"}
{"ctxid":0,"pos":[379.472473,-657.026794,125.531204],"rotationMatrix":[-0.925021291,0.379915357,0,-0.379915357,-0.925021291,0,0,0,1],"scale":0.869407296,"type":"deadpalm_02"}
{"ctxid":0,"pos":[381.059601,-662.311951,125.493698],"rotationMatrix":[-0.569476724,0.822007358,0,-0.822007358,-0.569476724,0,0,0,1],"scale":0.849396467,"type":"deadpalm_02"}
{"ctxid":0,"pos":[376.112671,-661.380127,126.689453],"rotationMatrix":[-0.787786067,-0.615949094,0,0.615949094,-0.787786067,0,0,0,1],"scale":0.733148456,"type":"deadpalm_02"}
{"ctxid":0,"pos":[385.031128,-665.21759,125.018158],"rotationMatrix":[-0.797158003,-0.603770733,0,0.603770733,-0.797158003,0,0,0,1],"scale":0.883267522,"type":"deadpalm_02"}
{"ctxid":0,"pos":[387.463898,-672.455627,125.09729],"rotationMatrix":[-0.892008066,-0.452019393,0,0.452019393,-0.892008066,0,0,0,1],"scale":0.879845619,"type":"deadpalm_02"}
{"ctxid":0,"pos":[381.426971,-671.137268,125.976883],"rotationMatrix":[0.956431985,-0.291955113,0,0.291955113,0.956431985,0,0,0,1],"scale":0.712756276,"type":"deadpalm_02"}
{"ctxid":0,"pos":[385.544312,-676.439026,125.574387],"rotationMatrix":[0.89207375,0.451889992,0,-0.451889992,0.89207375,0,0,0,1],"scale":0.906476796,"type":"deadpalm_02"}
{"ctxid":0,"pos":[384.540283,-678.817078,125.851532],"rotationMatrix":[-0.9350757,-0.354448229,0,0.354448229,-0.9350757,0,0,0,1],"scale":0.976138949,"type":"deadpalm_02"}
{"ctxid":0,"pos":[383.766724,-672.461853,125.615891],"rotationMatrix":[0.194395095,0.980923414,0,-0.980923414,0.194395095,0,0,0,1],"scale":0.932361245,"type":"deadpalm_02"}
{"ctxid":0,"pos":[387.919952,-683.48053,125.564369],"rotationMatrix":[0.0319428295,0.999489665,0,-0.999489665,0.0319428295,0,0,0,1],"scale":0.943503857,"type":"deadpalm_02"}
{"ctxid":0,"pos":[384.285675,-684.637817,126.204819],"rotationMatrix":[-0.790223181,0.612818956,0,-0.612818956,-0.790223181,0,0,0,1],"scale":0.795643747,"type":"deadpalm_02"}
{"ctxid":0,"pos":[387.331238,-682.017883,125.587097],"rotationMatrix":[-0.0605054535,-0.998167813,0,0.998167813,-0.0605054535,0,0,0,1],"scale":0.922839224,"type":"deadpalm_02"}
{"ctxid":0,"pos":[389.348938,-682.250854,125.277939],"rotationMatrix":[0.350273103,0.936647654,0,-0.936647654,0.350273103,0,0,0,1],"scale":0.723876953,"type":"deadpalm_02"}
{"ctxid":0,"pos":[387.134949,-685.019836,125.765656],"rotationMatrix":[0.337421119,0.941353858,0,-0.941353858,0.337421119,0,0,0,1],"scale":0.867911458,"type":"deadpalm_02"}
{"ctxid":0,"pos":[383.665466,-686.472473,126.44619],"rotationMatrix":[-0.261056125,0.965323567,0,-0.965323567,-0.261056125,0,0,0,1],"scale":0.778811455,"type":"deadpalm_02"}
{"ctxid":0,"pos":[385.083649,-682.742126,125.96524],"rotationMatrix":[-0.344666719,-0.938725054,0,0.938725054,-0.344666719,0,0,0,1],"scale":0.713665605,"type":"deadpalm_02"}
{"ctxid":0,"pos":[388.635437,-683.90979,125.473465],"rotationMatrix":[0.884554803,-0.466436237,0,0.466436237,0.884554803,0,0,0,1],"scale":0.700958192,"type":"deadpalm_02"}
{"ctxid":0,"pos":[397.843628,-749.675903,125.050278],"rotationMatrix":[-0.962915123,-0.269804448,0,0.269804448,-0.962915123,0,0,0,1],"scale":0.848469615,"type":"deadpalm_02"}
{"ctxid":0,"pos":[408.958588,-751.482178,124.772781],"rotationMatrix":[0.105150677,0.994456291,0,-0.994456291,0.105150677,0,0,0,1],"scale":0.829999328,"type":"deadpalm_02"}
{"ctxid":0,"pos":[401.810181,-750.949768,124.993706],"rotationMatrix":[-0.0787299126,0.996895909,0,-0.996895909,-0.0787299126,0,0,0,1],"scale":0.832692742,"type":"deadpalm_02"}
{"ctxid":0,"pos":[409.926178,-765.451355,124.560776],"rotationMatrix":[0.733692348,0.679481924,0,-0.679481924,0.733692348,0,0,0,1],"scale":0.975813508,"type":"deadpalm_02"}
{"ctxid":0,"pos":[408.487885,-762.828613,124.565681],"rotationMatrix":[0.844837785,0.535022616,0,-0.535022616,0.844837785,0,0,0,1],"scale":0.894381106,"type":"deadpalm_02"}
{"ctxid":0,"pos":[409.357697,-759.985168,124.625549],"rotationMatrix":[0.0485526659,0.998820603,0,-0.998820603,0.0485526659,0,0,0,1],"scale":0.716319084,"type":"deadpalm_02"}
{"ctxid":0,"pos":[413.420074,-771.135498,124.558395],"rotationMatrix":[-0.772491634,0.635024726,0,-0.635024726,-0.772491634,0,0,0,1],"scale":0.912530065,"type":"deadpalm_02"}
{"ctxid":0,"pos":[414.303619,-769.429016,124.547791],"rotationMatrix":[0.808167219,0.588953197,0,-0.588953197,0.808167219,0,0,0,1],"scale":0.818844736,"type":"deadpalm_02"}
{"ctxid":0,"pos":[420.748871,-774.735291,124.536049],"rotationMatrix":[-0.0796140432,0.996825695,0,-0.996825695,-0.0796140432,0,0,0,1],"scale":0.755426943,"type":"deadpalm_02"}
{"ctxid":0,"pos":[414.716644,-774.67334,124.65979],"rotationMatrix":[0.996359348,-0.0852526128,0,0.0852526128,0.996359348,0,0,0,1],"scale":0.883050561,"type":"deadpalm_02"}
{"ctxid":0,"pos":[427.957214,-800.454895,125.007172],"rotationMatrix":[-0.625428021,-0.780281901,0,0.780281901,-0.625428021,0,0,0,1],"scale":0.904206634,"type":"deadpalm_02"}
{"ctxid":0,"pos":[432.678406,-795.557861,124.523193],"rotationMatrix":[-0.252488494,0.967599869,0,-0.967599869,-0.252488494,0,0,0,1],"scale":0.781763792,"type":"deadpalm_02"}
{"ctxid":0,"pos":[426.427521,-797.966248,125.141556],"rotationMatrix":[0.979111791,0.203322738,0,-0.203322738,0.979111791,0,0,0,1],"scale":0.770315051,"type":"deadpalm_02"}
{"ctxid":0,"pos":[447.198547,-820.495361,124.977539],"rotationMatrix":[0.411870152,0.911242664,0,-0.911242664,0.411870152,0,0,0,1],"scale":0.988340676,"type":"deadpalm_02"}
{"ctxid":0,"pos":[446.258362,-814.544983,124.523407],"rotationMatrix":[0.0264496077,-0.999650121,0,0.999650121,0.0264496077,0,0,0,1],"scale":0.761365056,"type":"deadpalm_02"}
{"ctxid":0,"pos":[445.31134,-819.047729,124.871078],"rotationMatrix":[-0.419103116,0.9079386,0,-0.9079386,-0.419103116,0,0,0,1],"scale":0.925577462,"type":"deadpalm_02"}
{"ctxid":0,"pos":[426.128204,-789.331116,124.542465],"rotationMatrix":[-0.951926589,-0.30632633,0,0.30632633,-0.951926589,0,0,0,1],"scale":0.740221977,"type":"deadpalm_02"}
{"ctxid":0,"pos":[424.565491,-789.605103,124.644012],"rotationMatrix":[-0.48698622,-0.873409569,0,0.873409569,-0.48698622,0,0,0,1],"scale":0.909606159,"type":"deadpalm_02"}
{"ctxid":0,"pos":[387.984924,-743.226196,125.038834],"rotationMatrix":[0.410436183,0.911889434,0,-0.911889434,0.410436183,0,0,0,1],"scale":0.920930684,"type":"deadpalm_02"}
{"ctxid":0,"pos":[382.986359,-746.35614,124.854309],"rotationMatrix":[-0.391922474,-0.919998229,0,0.919998229,-0.391922474,0,0,0,1],"scale":0.943804383,"type":"deadpalm_02"}
{"ctxid":0,"pos":[386.582672,-743.148132,124.9375],"rotationMatrix":[-0.355697393,0.934601128,0,-0.934601128,-0.355697393,0,0,0,1],"scale":0.980236232,"type":"deadpalm_02"}
{"ctxid":0,"pos":[389.948029,-742.277588,125.059311],"rotationMatrix":[0.359964699,0.932965994,0,-0.932965994,0.359964699,0,0,0,1],"scale":0.980110288,"type":"deadpalm_02"}
{"ctxid":0,"pos":[385.112762,-744.710388,124.792786],"rotationMatrix":[-0.619149446,0.785273075,0,-0.785273075,-0.619149446,0,0,0,1],"scale":0.834500611,"type":"deadpalm_02"}
{"ctxid":0,"pos":[381.888,-742.544922,124.853012],"rotationMatrix":[0.999940634,0.0108929547,0,-0.0108929547,0.999940634,0,0,0,1],"scale":0.800482512,"type":"deadpalm_02"}
{"ctxid":0,"pos":[377.556274,-746.052551,125.345551],"rotationMatrix":[-0.672812581,0.739812791,0,-0.739812791,-0.672812581,0,0,0,1],"scale":0.973354936,"type":"deadpalm_02"}
{"ctxid":0,"pos":[376.408966,-741.107544,125.313423],"rotationMatrix":[0.827670336,-0.561214626,0,0.561214626,0.827670336,0,0,0,1],"scale":0.731179476,"type":"deadpalm_02"}
{"ctxid":0,"pos":[378.928955,-747.537231,125.259521],"rotationMatrix":[0.93515265,-0.354244858,0,0.354244858,0.93515265,0,0,0,1],"scale":0.801807761,"type":"deadpalm_02"}
{"ctxid":0,"pos":[451.082092,-815.303345,124.512146],"rotationMatrix":[-0.989185095,-0.146673024,0,0.146673024,-0.989185095,0,0,0,1],"scale":0.832914412,"type":"deadpalm_02"}
{"ctxid":0,"pos":[453.602631,-812.572449,124.459045],"rotationMatrix":[0.637199104,0.770699322,0,-0.770699322,0.637199104,0,0,0,1],"scale":0.785903931,"type":"deadpalm_02"}
{"ctxid":0,"pos":[450.094543,-815.714539,124.518845],"rotationMatrix":[-0.798220277,0.602365553,0,-0.602365553,-0.798220277,0,0,0,1],"scale":0.958574057,"type":"deadpalm_02"}
{"ctxid":0,"pos":[452.255951,-816.837891,124.519104],"rotationMatrix":[0.897454977,0.441106111,0,-0.441106111,0.897454977,0,0,0,1],"scale":0.999442995,"type":"deadpalm_02"}
{"ctxid":0,"pos":[450.469543,-812.955627,124.494484],"rotationMatrix":[-0.990021467,0.14091672,0,-0.14091672,-0.990021467,0,0,0,1],"scale":0.954888165,"type":"deadpalm_02"}
{"ctxid":0,"pos":[451.386719,-813.922424,124.499496],"rotationMatrix":[0.334190398,0.942505598,0,-0.942505598,0.334190398,0,0,0,1],"scale":0.787326336,"type":"deadpalm_02"}
{"ctxid":0,"pos":[450.61795,-814.395996,124.507355],"rotationMatrix":[0.658946276,-0.752189994,0,0.752189994,0.658946276,0,0,0,1],"scale":0.712883174,"type":"deadpalm_02"}
{"ctxid":0,"pos":[448.982635,-811.398315,124.491058],"rotationMatrix":[0.480029434,0.87725246,0,-0.87725246,0.480029434,0,0,0,1],"scale":0.789770365,"type":"deadpalm_02"}
{"ctxid":0,"pos":[480.235443,-821.712097,124.404037],"rotationMatrix":[0.487311542,-0.873228192,0,0.873228192,0.487311542,0,0,0,1],"scale":0.931658387,"type":"deadpalm_02"}
{"ctxid":0,"pos":[597.573547,-880.917175,124.839737],"rotationMatrix":[0.115242898,0.984580874,0.131602794,-0.985655427,0.12978828,-0.107880048,-0.123297133,-0.117282636,0.985414922],"scale":0.967113078,"type":"deadpalm_02"}
{"ctxid":0,"pos":[596.715942,-881.095947,124.603226],"rotationMatrix":[-0.992954135,-0.0512172021,-0.106858104,0.0587284304,-0.995929837,-0.0683701113,-0.102921456,-0.0741639957,0.991920829],"scale":0.714989901,"type":"deadpalm_02"}
{"ctxid":0,"pos":[596.582092,-875.196167,125.671059],"rotationMatrix":[0.884745657,0.414331466,0.213435099,-0.42387411,0.905720353,-0.00116031244,-0.193793252,-0.0894430429,0.976956546],"scale":0.861224413,"type":"deadpalm_02"}
{"ctxid":0,"pos":[597.99353,-876.136963,126.047302],"rotationMatrix":[-0.712169647,0.699429452,-0.0601001233,-0.676052749,-0.706385612,-0.209693685,-0.189119861,-0.108706698,0.975918293],"scale":0.974098086,"type":"deadpalm_02"}
{"ctxid":0,"pos":[620.000549,-870.914124,125.343689],"rotationMatrix":[-0.970697999,-0.143445149,0.192791849,0.1583132,-0.985313535,0.0639855042,0.18078202,0.0926321074,0.979151249],"scale":0.820091248,"type":"deadpalm_02"}
{"ctxid":0,"pos":[625.909302,-871.334778,124.411011],"rotationMatrix":[-0.983021975,0.18348746,0,-0.18348746,-0.983021975,0,0,0,1],"scale":0.935576677,"type":"deadpalm_02"}
{"ctxid":0,"pos":[626.201904,-881.835571,124.645737],"rotationMatrix":[-0.996315837,-0.0761633664,0.0394104831,0.0760433227,-0.997093797,-0.00453830045,0.039641615,-0.0015246775,0.999212801],"scale":0.740631223,"type":"deadpalm_02"}
{"ctxid":0,"pos":[440.05304,-807.789734,124.519745],"rotationMatrix":[0.667319477,0.744759738,-0.00419115881,-0.744757473,0.667330861,0.00239096326,0.00457758317,0.00152586098,0.999988377],"scale":0.74552536,"type":"deadpalm_02"}
{"ctxid":0,"pos":[441.969452,-805.479553,124.493561],"rotationMatrix":[0.321835518,-0.946794391,0.00141614187,0.946784377,0.321824193,-0.00531616434,0.00457756687,0.00305171125,0.99998486],"scale":0.831227899,"type":"deadpalm_02"}
{"ctxid":0,"pos":[443.591339,-811.510315,124.52063],"rotationMatrix":[0.774369717,-0.632733345,-0.000216119748,0.632731557,0.774368227,-0.00214706385,0.00152587518,0.0015258753,0.999997675],"scale":0.766740799,"type":"deadpalm_02"}
{"ctxid":0,"pos":[423.598663,-775.962036,124.5186],"rotationMatrix":[0.201359272,0.979486108,-0.00782180764,-0.979474545,0.201418698,0.00773799699,0.00915471837,0.00610314589,0.999939442],"scale":0.764086485,"type":"deadpalm_02"}
{"ctxid":0,"pos":[425.690979,-777.602417,124.491516],"rotationMatrix":[0.56786561,0.822987139,-0.0148559101,-0.82305187,0.567959547,0.00272468152,0.0106799342,0.0106799342,0.999885917],"scale":0.939256072,"type":"deadpalm_02"}
{"ctxid":0,"pos":[421.634888,-780.983032,124.553574],"rotationMatrix":[0.248822093,-0.968548834,0.000718544121,0.968544304,0.248818457,-0.00333542912,0.00305173965,0.00152586983,0.999994159],"scale":0.765240669,"type":"deadpalm_02"}
{"ctxid":0,"pos":[416.200134,-779.117981,125.04837],"rotationMatrix":[-0.917116165,-0.366644919,0.156427085,0.381462991,-0.921132684,0.0774626136,0.115688831,0.130713359,0.984647214],"scale":0.81381166,"type":"deadpalm_02"}
{"ctxid":0,"pos":[257.983093,-541.94458,131.334137],"rotationMatrix":[0.11866039,-0.857616961,-0.500412345,0.901974738,-0.117619634,0.415459812,-0.415163875,-0.500657916,0.759592354],"scale":0.763769984,"type":"deadpalm_02"}
{"ctxid":0,"pos":[258.054352,-541.272522,131.36853],"rotationMatrix":[0.960525393,0.108376183,0.256214023,-0.262834549,0.655314684,0.70815295,-0.0911538824,-0.747540772,0.657931328],"scale":0.932701826,"type":"deadpalm_02"}
{"ctxid":0,"pos":[257.716949,-541.644043,131.386734],"rotationMatrix":[0.80443418,-0.591976404,0.049492687,0.424881816,0.631589651,0.648513556,-0.415163845,-0.500657916,0.759592354],"scale":0.949926615,"type":"deadpalm_02"}
{"ctxid":0,"pos":[258.987122,-540.639526,132.185013],"rotationMatrix":[0.80843854,-0.393851727,-0.437387586,0.588137329,0.511730015,0.626280129,-0.0228371918,-0.763552964,0.645341218],"scale":0.824575782,"type":"deadpalm_02"}
{"ctxid":0,"pos":[256.358429,-537.13623,134.121918],"rotationMatrix":[0.253400564,0.840554535,-0.478807092,-0.963990748,0.260699272,-0.0525135547,0.0806841403,0.474872589,0.876348138],"scale":0.925791025,"type":"deadpalm_02"}
{"ctxid":0,"pos":[258.478851,-540.765015,132.01857],"rotationMatrix":[0.964605331,-0.186453164,-0.186471909,0.262707084,0.618241072,0.74078536,-0.0228371918,-0.763553023,0.645341158],"scale":0.873699069,"type":"deadpalm_02"}
{"ctxid":0,"pos":[256.768768,-537.194275,134.115585],"rotationMatrix":[-0.91495049,-0.313508689,0.254121244,0.395417988,-0.822318792,0.40918982,0.0806841403,0.474872589,0.876348138],"scale":0.729225814,"type":"deadpalm_02"}
{"ctxid":0,"pos":[257.630585,-535.710083,134.663895],"rotationMatrix":[-0.783389449,0.612099528,0.107864723,-0.612719178,-0.731444359,-0.299272358,-0.104287431,-0.300537646,0.948051274],"scale":0.908604383,"type":"deadpalm_02"}
{"ctxid":0,"pos":[260.952179,-533.566101,134.627136],"rotationMatrix":[-0.462192297,0.872280657,-0.159699976,-0.540284097,-0.134188533,0.830714166,0.703186095,0.470233381,0.533300757],"scale":0.95614326,"type":"deadpalm_02"}
{"ctxid":0,"pos":[259.343536,-536.032227,134.87915],"rotationMatrix":[0.714207888,0.697595179,0.0571667589,-0.685852945,0.681201756,0.256066233,0.139688492,-0.222092494,0.96496737],"scale":0.895539165,"type":"deadpalm_02"}
{"ctxid":0,"pos":[261.122467,-534.380066,135.232178],"rotationMatrix":[0.630119443,-0.320757091,-0.707152247,-0.204577163,0.809942722,-0.549673498,0.749064445,0.491027176,0.44474107],"scale":0.793239951,"type":"deadpalm_02"}
{"ctxid":0,"pos":[266.76413,-524.869263,129.985733],"rotationMatrix":[-0.976810336,-0.159012586,0.143373787,0.211485267,-0.612146139,0.761938691,-0.0333920978,0.774591208,0.631579995],"scale":0.927677393,"type":"deadpalm_02"}
{"ctxid":0,"pos":[267.789032,-526.693298,132.16011],"rotationMatrix":[-0.265829921,0.963999987,-0.00619386137,-0.868247986,-0.236623764,0.436067045,0.418903053,0.121297523,0.899892867],"scale":0.735970438,"type":"deadpalm_02"}
{"ctxid":0,"pos":[175.452133,-500.748444,125.543655],"rotationMatrix":[-0.917363763,-0.397493124,0.0210416913,0.398046732,-0.915872097,0.0523152426,-0.00152345002,0.0563676879,0.998408914],"scale":0.852525353,"type":"deadpalm_02"}
{"ctxid":0,"pos":[169.635529,-504.348969,125.920441],"rotationMatrix":[-0.87938118,0.475977659,-0.0115586994,-0.476030111,-0.878493309,0.0405510031,0.00914712902,0.0411620848,0.999110639],"scale":0.911419511,"type":"deadpalm_02"}
{"ctxid":0,"pos":[204.47168,-510.877838,125.274834],"rotationMatrix":[-0.940108061,-0.339503258,0.0305633247,0.340299457,-0.939950943,0.026237458,0.0198203251,0.0350667313,0.999188423],"scale":0.703599453,"type":"deadpalm_02"}
{"ctxid":0,"pos":[205.732697,-512.931885,125.385857],"rotationMatrix":[-0.358751893,0.932936192,-0.0304432958,-0.933253527,-0.357853055,0.0312854387,0.0182930902,0.0396350287,0.999046743],"scale":0.754174113,"type":"deadpalm_02"}
{"ctxid":0,"pos":[207.254013,-514.991333,125.499603],"rotationMatrix":[-0.545877218,-0.836615741,0.04573939,0.837665498,-0.546125054,0.00799486786,0.0182907954,0.0426785275,0.998921394],"scale":0.953573704,"type":"deadpalm_02"}
{"ctxid":0,"pos":[212.705353,-508.688934,124.807701],"rotationMatrix":[-0.924445271,-0.38004443,0.0310955308,0.380798906,-0.924359679,0.0234764516,0.0198213607,0.0335438438,0.999240696],"scale":0.799880981,"type":"deadpalm_02"}
{"ctxid":0,"pos":[214.106201,-512.523865,125.040405],"rotationMatrix":[-0.993813992,-0.108427703,0.0240153559,0.109273016,-0.993313789,0.037240006,0.0198169388,0.0396338776,0.999017715],"scale":0.853127122,"type":"deadpalm_02"}
{"ctxid":0,"pos":[205.620209,-511.681244,125.292877],"rotationMatrix":[-0.92517972,0.379509002,0.00387514103,-0.379011005,-0.924402595,0.0427813865,0.0198181123,0.0381117575,0.999076962],"scale":0.912289917,"type":"deadpalm_02"}
{"ctxid":0,"pos":[208.501495,-509.126465,124.999664],"rotationMatrix":[0.265126109,0.963438094,-0.0386666693,-0.964040101,0.265626132,0.00832989905,0.0182962157,0.0350677483,0.999217451],"scale":0.85035181,"type":"deadpalm_02"}
{"ctxid":0,"pos":[203.234131,-502.918793,124.817032],"rotationMatrix":[0.26102978,0.964882493,-0.0294102933,-0.965184808,0.261398733,0.00941964518,0.0167766605,0.025927566,0.999523044],"scale":0.932810724,"type":"deadpalm_02"}
{"ctxid":0,"pos":[182.61702,-512.960754,126.235931],"rotationMatrix":[0.981294751,0.192460105,-0.00443404494,-0.192505136,0.981186211,-0.0146779716,0.00152569928,0.0152569935,0.99988246],"scale":0.762841225,"type":"deadpalm_02"}
{"ctxid":0,"pos":[179.813797,-504.088745,125.803726],"rotationMatrix":[0.798075557,0.601442456,-0.0366386771,-0.602279544,0.798077762,-0.0181984063,0.0182952173,0.0365904346,0.999162853],"scale":0.757787704,"type":"deadpalm_02"}
{"ctxid":0,"pos":[178.819153,-504.882568,125.896088],"rotationMatrix":[0.704456925,-0.709533811,0.0173845757,0.709641933,0.70372057,-0.0344336331,0.0121979453,0.0365938321,0.999255776],"scale":0.936128914,"type":"deadpalm_02"}
{"ctxid":0,"pos":[177.329498,-500.352112,125.497452],"rotationMatrix":[-0.523795962,-0.850455046,0.048616197,0.851821661,-0.523337126,0.0227501206,0.00609471649,0.0533287637,0.998558402],"scale":0.930682003,"type":"deadpalm_02"}
{"ctxid":0,"pos":[180.258499,-503.724152,125.75737],"rotationMatrix":[0.912047446,-0.41008389,0.000820587389,0.409676611,0.91104871,-0.0464255996,0.0182907954,0.0426785238,0.998921394],"scale":0.970622897,"type":"deadpalm_02"}
{"ctxid":0,"pos":[180.548462,-502.246033,125.618141],"rotationMatrix":[-0.495635629,-0.867233276,0.0474508554,0.86833787,-0.495936155,0.00604567491,0.0182895865,0.0441998318,0.998855293],"scale":0.996310294,"type":"deadpalm_02"}
{"ctxid":0,"pos":[188.641647,-519.714172,126.268661],"rotationMatrix":[0.504737377,0.863271892,-0.00131724845,-0.863272846,0.504736781,-0.000770167157,0,0.00152587704,0.999998808],"scale":0.723103702,"type":"deadpalm_02"}
{"ctxid":0,"pos":[481.648529,-460.848572,125.301208],"rotationMatrix":[0.0129990578,-0.999812186,-0.0143633522,0.99756664,0.0119832158,0.0686803162,-0.0684953034,-0.0152211785,0.997535288],"scale":0.893294692,"type":"deadpalm_02"}
{"ctxid":0,"pos":[480.088074,-458.753693,125.105492],"rotationMatrix":[-0.86021471,0.508124173,-0.0429001525,-0.506636322,-0.861174703,-0.0412029326,-0.0578807294,-0.0137085943,0.998229384],"scale":0.773817897,"type":"deadpalm_02"}
{"ctxid":0,"pos":[480.82608,-463.668976,125.153885],"rotationMatrix":[0.992399454,-0.0874472708,0.0865809023,0.0873812139,0.996164501,0.004559936,-0.0866475701,0.00304026599,0.996234357],"scale":0.840207815,"type":"deadpalm_02"}
{"ctxid":0,"pos":[478.181915,-438.078583,125.779465],"rotationMatrix":[0.0490447283,-0.998757422,-0.00883118063,0.98595506,0.0469989777,0.16026035,-0.159646183,-0.0165670514,0.987035275],"scale":0.887817979,"type":"deadpalm_02"}
{"ctxid":0,"pos":[480.964203,-436.407593,126.437683],"rotationMatrix":[0.599268556,-0.800015211,0.0292022116,0.790424109,0.597079217,0.136843443,-0.126912877,-0.0589238331,0.990162134],"scale":0.762303829,"type":"deadpalm_02"}
{"ctxid":0,"pos":[473.946167,-436.286499,125.547043],"rotationMatrix":[-0.854567647,-0.518155754,-0.0350537226,0.518531263,-0.855056524,-0.00192816276,-0.0289738253,-0.0198241957,0.999383569],"scale":0.753128707,"type":"deadpalm_02"}
{"ctxid":0,"pos":[477.938416,-434.655457,126.174225],"rotationMatrix":[-0.186112046,0.974681675,0.123927392,-0.982300341,-0.181864381,-0.0448494554,-0.0211759731,-0.130080938,0.991277218],"scale":0.87593174,"type":"deadpalm_02"}
{"ctxid":0,"pos":[474.368286,-426.74826,126.894348],"rotationMatrix":[0.646550775,-0.76284045,0.00682019442,0.742084682,0.630981565,0.226213545,-0.17686829,-0.141197354,0.97405386],"scale":0.926108241,"type":"deadpalm_02"}
{"ctxid":0,"pos":[471.431366,-427.980682,125.560883],"rotationMatrix":[-0.577241302,-0.790301561,-0.205464959,0.81652534,-0.561371088,-0.134717464,-0.00887464732,-0.245531827,0.969347894],"scale":0.838515878,"type":"deadpalm_02"}
{"ctxid":0,"pos":[470.04007,-427.33139,125.580727],"rotationMatrix":[0.31611383,0.94641614,0.066093877,-0.922455192,0.322894633,-0.211696476,-0.221694335,0.00595152378,0.975098014],"scale":0.760932624,"type":"deadpalm_02"}
{"ctxid":0,"pos":[471.63681,-430.825653,125.55323],"rotationMatrix":[-0.806128025,-0.591690898,-0.0077075283,0.591644645,-0.80616343,0.00754955504,-0.0106805312,0.0015257902,0.999941826],"scale":0.770725429,"type":"deadpalm_02"}
{"ctxid":0,"pos":[474.702789,-428.927399,126.493721],"rotationMatrix":[-0.891704082,0.443282932,-0.0914524943,-0.424971431,-0.889503241,-0.167877629,-0.15576461,-0.110832497,0.981556714],"scale":0.789330423,"type":"deadpalm_02"}
{"ctxid":0,"pos":[470.445648,-426.91449,125.759033],"rotationMatrix":[-0.778420448,-0.604398191,-0.169600621,0.587297499,-0.796593428,0.143249631,-0.221682563,0.0119024217,0.975046217],"scale":0.910018981,"type":"deadpalm_02"}
{"ctxid":0,"pos":[469.126648,-427.344299,125.535049],"rotationMatrix":[0.0656596422,0.997834563,0.00384665607,-0.997767329,0.0657013655,-0.0119792717,-0.0122060627,-0.00305151567,0.999920845],"scale":0.775604606,"type":"deadpalm_02"}
{"ctxid":0,"pos":[468.64978,-419.270355,126.703773],"rotationMatrix":[0.474749386,-0.87883687,-0.0475244932,0.867082715,0.457773983,0.196495056,-0.150931656,-0.13449356,0.979352415],"scale":0.73322618,"type":"deadpalm_02"}
{"ctxid":0,"pos":[463.397369,-416.662048,125.856522],"rotationMatrix":[0.584513664,-0.811351836,0.00720130466,0.809096277,0.58350873,0.0698616803,-0.060884431,-0.0350085497,0.997530699],"scale":0.891634643,"type":"deadpalm_02"}
{"ctxid":0,"pos":[466.779846,-414.880341,127.307961],"rotationMatrix":[-0.896419644,0.434992313,-0.0849299729,-0.418125391,-0.893568158,-0.163422152,-0.146978125,-0.110983476,0.982893705],"scale":0.735412478,"type":"deadpalm_02"}
{"ctxid":0,"pos":[452.781281,-391.950409,126.776962],"rotationMatrix":[0.997281969,0.0202751271,0.0708349645,-0.0231170021,0.998950839,0.039532911,-0.0699591041,-0.0410629548,0.99670434],"scale":0.835784137,"type":"deadpalm_02"}
{"ctxid":0,"pos":[448.633026,-392.078979,126.051224],"rotationMatrix":[-0.99499023,0.0218574665,-0.0975513011,-0.016692277,-0.99843061,-0.0534540415,-0.0985665917,-0.051557906,0.993793964],"scale":0.757663369,"type":"deadpalm_02"}
{"ctxid":0,"pos":[452.186737,-392.41864,126.619164],"rotationMatrix":[-0.88313663,0.468567342,-0.0226640161,-0.463897198,-0.879479408,-0.106370017,-0.0697740689,-0.0834255219,0.994068265],"scale":0.918863773,"type":"deadpalm_02"}
{"ctxid":0,"pos":[442.797516,-374.486877,126.511688],"rotationMatrix":[0.963142395,-0.265585542,0.0426731855,0.26395911,0.963697314,0.0401629023,-0.0517907217,-0.0274186172,0.998281479],"scale":0.838466823,"type":"deadpalm_02"}
{"ctxid":0,"pos":[440.224487,-371.235779,126.497604],"rotationMatrix":[-0.851212144,0.523524046,-0.0368795767,-0.520339131,-0.851020455,-0.070789814,-0.0684454516,-0.0410672687,0.996809244],"scale":0.816913486,"type":"deadpalm_02"}
{"ctxid":0,"pos":[439.3797,-377.589386,125.927086],"rotationMatrix":[-0.820316315,-0.56904608,-0.0571609996,0.571098387,-0.820373058,-0.0288876928,-0.0304549225,-0.0563416071,0.997946978],"scale":0.909154058,"type":"deadpalm_02"}
