{"ctxid":0,"pos":[235.609833,-289.843567,130.995193],"rotationMatrix":[0.631401896,-0.54033339,-0.55621165,0.714749217,0.683721483,0.147167876,0.300774097,-0.490473986,0.817905962],"scale":0.994825184,"type":"deadpalm_03"}
{"ctxid":0,"pos":[184.966278,-334.811371,129.827545],"rotationMatrix":[-0.943885088,-0.322393477,0.071716927,0.304264188,-0.93326807,-0.190876961,0.128468618,-0.158345044,0.978990614],"scale":0.905287743,"type":"deadpalm_03"}
{"ctxid":0,"pos":[187.901215,-333.41571,129.581589],"rotationMatrix":[-0.879241109,-0.476149321,0.0147156641,0.468561769,-0.869976997,-0.15358898,0.0859335884,-0.128146589,0.988025248],"scale":0.780672133,"type":"deadpalm_03"}
{"ctxid":0,"pos":[189.021988,-336.544647,128.537003],"rotationMatrix":[0.621051431,0.782357097,0.0470369868,-0.777647972,0.60760361,0.161497548,0.0977689177,-0.136876479,0.98575151],"scale":0.993805885,"type":"deadpalm_03"}
{"ctxid":0,"pos":[186.939972,-336.892487,128.790085],"rotationMatrix":[0.950033307,-0.28803739,-0.120296001,0.300530106,0.948185027,0.103086501,0.0843701065,-0.134088188,0.987371266],"scale":0.782519221,"type":"deadpalm_03"}
{"ctxid":0,"pos":[133.059036,-428.342773,124.715668],"rotationMatrix":[-0.953116417,-0.297219455,0.0568284169,0.294754326,-0.954371214,-0.0479080193,0.0684746131,-0.0289115049,0.997233868],"scale":0.897716522,"type":"deadpalm_03"}
{"ctxid":0,"pos":[125.885445,-430.728973,125.721733],"rotationMatrix":[0.724686384,-0.689078271,-0.000869335607,0.688646734,0.724276006,-0.0344951861,0.0243995246,0.0243995264,0.99940449],"scale":0.714433789,"type":"deadpalm_03"}
{"ctxid":0,"pos":[128.500061,-430.970795,125.361092],"rotationMatrix":[0.875090778,0.475298524,-0.0911448523,-0.473788559,0.879777431,0.0389367603,0.0986937657,0.00911019463,0.99507618],"scale":0.917312205,"type":"deadpalm_03"}
{"ctxid":0,"pos":[131.893829,-427.738556,124.907211],"rotationMatrix":[-0.986781716,-0.149377331,0.0628322437,0.147568449,-0.98851645,-0.0325328968,0.0669704005,-0.0228308178,0.997493744],"scale":0.871326327,"type":"deadpalm_03"}
{"ctxid":0,"pos":[128.680145,-428.30014,125.283859],"rotationMatrix":[-0.958352566,0.278644085,0.062590234,-0.27687341,-0.960248351,0.035551317,0.0700083449,0.0167411268,0.997405946],"scale":0.726793528,"type":"deadpalm_03"}
{"ctxid":0,"pos":[124.413826,-432.306305,125.901268],"rotationMatrix":[-0.242204189,0.966639161,-0.0833410323,-0.9701823,-0.242105961,0.0114360638,-0.00912281871,0.083625868,0.996455491],"scale":0.802213192,"type":"deadpalm_03"}
{"ctxid":0,"pos":[135.039474,-431.042969,124.376099],"rotationMatrix":[-0.65237999,-0.757862747,0.00664626341,0.757767498,-0.652406693,-0.0123973414,0.0137315514,-0.0030514556,0.999901056],"scale":0.704492629,"type":"deadpalm_03"}
{"ctxid":0,"pos":[135.132401,-429.283539,124.393188],"rotationMatrix":[-0.797004223,-0.603880882,0.0105757043,0.603595734,-0.797002792,-0.021407105,0.0213562101,-0.0106781051,0.999714911],"scale":0.728523016,"type":"deadpalm_03"}
{"ctxid":0,"pos":[130.487671,-433.145508,124.918251],"rotationMatrix":[-0.941086888,0.314802796,0.123509876,-0.313961655,-0.949059248,0.0267292559,0.125632644,-0.0136228167,0.991983294],"scale":0.985193789,"type":"deadpalm_03"}
{"ctxid":0,"pos":[130.348373,-434.449066,124.923828],"rotationMatrix":[-0.956565142,0.263228863,0.125271216,-0.261608392,-0.964722276,0.0295143835,0.128621027,-0.00453956705,0.991683424],"scale":0.77048099,"type":"deadpalm_03"}
{"ctxid":0,"pos":[130.662949,-427.387787,125.074249],"rotationMatrix":[0.0238873363,0.99963963,0.0122335628,-0.997763038,0.0230746865,0.0627379715,0.0624330863,-0.0137048252,0.997955024],"scale":0.763838947,"type":"deadpalm_03"}
{"ctxid":0,"pos":[128.202988,-431.922241,125.45842],"rotationMatrix":[0.789622664,-0.609133363,-0.0738412887,0.604594946,0.792922616,-0.0757542104,0.104694843,0.0151731633,0.99438864],"scale":0.843055904,"type":"deadpalm_03"}
{"ctxid":0,"pos":[135.417404,-443.613159,124.64904],"rotationMatrix":[-0.29649663,-0.954542041,0.030642204,0.954827905,-0.296946168,-0.0112376064,0.0198258571,0.0259261206,0.999467254],"scale":0.721484303,"type":"deadpalm_03"}
{"ctxid":0,"pos":[137.33551,-437.8638,124.529358],"rotationMatrix":[-0.967160225,0.254043102,-0.00791606028,-0.254125178,-0.967095137,0.0121177416,-0.00457715709,0.0137314722,0.999895215],"scale":0.855873346,"type":"deadpalm_03"}
{"ctxid":0,"pos":[132.754333,-442.054901,124.907204],"rotationMatrix":[0.999326706,0.00251053437,-0.0366018824,-0.0030294077,0.999895513,-0.0141275786,0.0365625955,0.0142289512,0.999230027],"scale":0.782323122,"type":"deadpalm_03"}
{"ctxid":0,"pos":[131.440521,-443.439728,125.392357],"rotationMatrix":[-0.234381795,-0.972144604,0,0.972144604,-0.234381795,0,0,0,1],"scale":0.846743822,"type":"deadpalm_03"}
{"ctxid":0,"pos":[130.516541,-427.992096,125.075958],"rotationMatrix":[-0.661270261,0.748367429,0.0516470224,-0.747544885,-0.663142562,0.0376603045,0.0624330938,-0.0137048252,0.997955024],"scale":0.778452277,"type":"deadpalm_03"}
{"ctxid":0,"pos":[125.543419,-411.200073,125.730865],"rotationMatrix":[-0.750890493,-0.654621482,0.0873721018,0.657031178,-0.753861666,-0.00155103952,0.066881828,0.0562415384,0.996174514],"scale":0.839483857,"type":"deadpalm_03"}
{"ctxid":0,"pos":[128.536469,-396.483398,125.901184],"rotationMatrix":[0.936122835,-0.346356213,-0.0609210506,0.349442303,0.935602486,0.0503793508,0.0395486876,-0.0684496537,0.996870399],"scale":0.768563688,"type":"deadpalm_03"}
{"ctxid":0,"pos":[126.4879,-397.8909,125.822281],"rotationMatrix":[-0.891748071,0.450332761,0.0445561111,-0.452367842,-0.889742374,-0.0610022619,0.0121721514,-0.074554421,0.997142673],"scale":0.801375747,"type":"deadpalm_03"}
{"ctxid":0,"pos":[144.522293,-390.294128,125.127136],"rotationMatrix":[0.997169256,-0.0538916811,-0.0524322577,0.0530099198,0.99843055,-0.0180658754,0.0533235706,0.0152353058,0.998461068],"scale":0.84355396,"type":"deadpalm_03"}
{"ctxid":0,"pos":[140.277649,-390.082703,125.709],"rotationMatrix":[0.149225295,0.988560855,0.0218858272,-0.986635387,0.147396863,0.0694590062,0.0654385611,-0.0319583677,0.997344732],"scale":0.853097379,"type":"deadpalm_03"}
{"ctxid":0,"pos":[160.152039,-366.44873,125.916443],"rotationMatrix":[0.533370674,-0.845834792,-0.00889478438,0.845869124,0.533390284,0.000197362155,0.00457745511,-0.00762909185,0.999960423],"scale":0.751861453,"type":"deadpalm_03"}
{"ctxid":0,"pos":[202.432556,-334.308716,125.403992],"rotationMatrix":[-0.446410418,0.890388012,0.0890325829,-0.89414525,-0.447742939,-0.00551266968,0.0349553004,-0.0820689797,0.996013463],"scale":0.910895467,"type":"deadpalm_03"}
{"ctxid":0,"pos":[205.909836,-329.535614,125.645538],"rotationMatrix":[0.765052378,-0.633506835,-0.115602203,0.639313519,0.768728733,0.0182819664,0.0772849843,-0.0878927261,0.993127346],"scale":0.93223691,"type":"deadpalm_03"}
{"ctxid":0,"pos":[215.447357,-327.853455,124.849091],"rotationMatrix":[-0.417619228,-0.90852946,0.012968394,0.908294141,-0.417809486,-0.0209000967,0.0244066715,0.00305083301,0.999697447],"scale":0.812253833,"type":"deadpalm_03"}
{"ctxid":0,"pos":[215.009109,-323.797272,125.354012],"rotationMatrix":[-0.991361022,-0.13116096,0,0.13116096,-0.991361022,0,0,0,1],"scale":0.909260273,"type":"deadpalm_03"}
{"ctxid":0,"pos":[230.34819,-311.389343,125.19545],"rotationMatrix":[-0.931342721,0.348241389,0.106435463,-0.359368324,-0.926171422,-0.114283897,0.0587790944,-0.144687027,0.987730086],"scale":0.912089646,"type":"deadpalm_03"}
{"ctxid":0,"pos":[228.093048,-309.213409,126.219208],"rotationMatrix":[0.527323067,-0.831932306,-0.172681808,0.844865918,0.534971476,0.00264777988,0.0901770592,-0.147289217,0.984974086],"scale":0.714126945,"type":"deadpalm_03"}
{"ctxid":0,"pos":[304.671783,-287.884125,124.384148],"rotationMatrix":[-0.97213459,-0.234220713,0.00972252432,0.234104455,-0.972140074,-0.0117579298,0.0122056091,-0.00915420707,0.999883592],"scale":0.830963314,"type":"deadpalm_03"}
{"ctxid":0,"pos":[480.683929,-496.407196,128.106827],"rotationMatrix":[-0.167745113,0.984767377,0.0457655601,-0.978543818,-0.171959639,0.113497391,0.119638368,-0.0257449634,0.992483675],"scale":0.811853409,"type":"deadpalm_03"}
{"ctxid":0,"pos":[482.029633,-493.178253,129.291122],"rotationMatrix":[-0.62960887,0.762839377,0.147201911,-0.774975479,-0.603293777,-0.188280076,-0.0548214465,-0.232620716,0.971021235],"scale":0.741373897,"type":"deadpalm_03"}
{"ctxid":0,"pos":[473.154999,-496.782501,129.349579],"rotationMatrix":[-0.382368445,0.920910597,0.0756177753,-0.923764348,-0.382871032,-0.00830857828,0.0213004015,-0.0730299503,0.997102261],"scale":0.855518579,"type":"deadpalm_03"}
{"ctxid":0,"pos":[473.476624,-497.377197,129.120529],"rotationMatrix":[-0.304870129,0.920737326,0.243509382,-0.952375591,-0.296315789,-0.0719555914,0.00590347499,-0.253849506,0.96722573],"scale":0.985107064,"type":"deadpalm_03"}
{"ctxid":0,"pos":[472.199768,-497.216217,129.069397],"rotationMatrix":[0.762122989,-0.640344262,-0.0955392271,0.641576886,0.727160573,0.244165033,-0.0868773311,-0.247379541,0.965015888],"scale":0.762552738,"type":"deadpalm_03"}
{"ctxid":0,"pos":[472.992249,-498.097534,128.698181],"rotationMatrix":[-0.855323434,-0.355902761,-0.376503408,0.476631969,-0.825398088,-0.302555144,-0.203085065,-0.438236117,0.875617266],"scale":0.94569838,"type":"deadpalm_03"}
{"ctxid":0,"pos":[483.619415,-491.808899,129.730515],"rotationMatrix":[0.833086014,-0.547395825,-0.0795326605,0.552936077,0.82805717,0.0926440507,0.0151446164,-0.121156946,0.992517829],"scale":0.972979486,"type":"deadpalm_03"}
{"ctxid":0,"pos":[608.304138,-855.140747,124.326538],"rotationMatrix":[-0.9981457,0.0584375039,0.0170282349,-0.0580507666,-0.998062491,0.0223838594,0.0183033012,0.0213538539,0.999604404],"scale":0.944438577,"type":"deadpalm_03"}
{"ctxid":0,"pos":[613.186218,-858.211731,124.289276],"rotationMatrix":[-0.999063373,-0.0281803645,0.032830447,0.0291050151,-0.99918294,0.0280353893,0.0320135802,0.0289646666,0.999067664],"scale":0.99737078,"type":"deadpalm_03"}
{"ctxid":0,"pos":[608.707458,-860.385986,125.905838],"rotationMatrix":[0.940576851,0.259421229,-0.219124973,-0.312909603,0.912790239,-0.262491077,0.131919354,0.315459341,0.939724803],"scale":0.844363213,"type":"deadpalm_03"}
{"ctxid":0,"pos":[613.271912,-857.559021,124.235062],"rotationMatrix":[-0.116564035,-0.992337883,0.0409649275,0.992392719,-0.118017435,-0.0350491181,0.0396151505,0.0365678295,0.998545647],"scale":0.960657954,"type":"deadpalm_03"}
{"ctxid":0,"pos":[609.976196,-856.493225,124.339417],"rotationMatrix":[0.954980671,0.296072811,-0.0187839456,-0.296475917,0.954725683,-0.024512412,0.0106760571,0.0289778691,0.999523044],"scale":0.839987397,"type":"deadpalm_03"}
{"ctxid":0,"pos":[604.938293,-861.330872,129.592484],"rotationMatrix":[0.835421681,0.460377932,0.300204426,-0.226257011,0.785863757,-0.575522244,-0.500877559,0.412880391,0.760691404],"scale":0.723790765,"type":"deadpalm_03"}
{"ctxid":0,"pos":[605.255981,-865.777771,129.56813],"rotationMatrix":[0.433027864,-0.89841783,0.0730209351,0.90116334,0.433278501,-0.0131972618,-0.0197817348,0.0715185851,0.997243106],"scale":0.800454855,"type":"deadpalm_03"}
{"ctxid":0,"pos":[603.465088,-860.975708,129.139572],"rotationMatrix":[0.635278463,0.752238154,-0.174811393,-0.532763124,0.263004422,-0.804358184,-0.55909276,0.604124486,0.567845821],"scale":0.757659316,"type":"deadpalm_03"}
{"ctxid":0,"pos":[604.30426,-860.914246,129.458801],"rotationMatrix":[0.949196577,-0.293299764,0.114022627,0.304452151,0.947574556,-0.0970119759,-0.0795913488,0.12679787,0.988730252],"scale":0.713763237,"type":"deadpalm_03"}
{"ctxid":0,"pos":[607.023621,-860.807434,126.6707],"rotationMatrix":[0.96482265,0.110317633,-0.238636285,-0.162240967,0.964087486,-0.210269377,0.206869841,0.241589233,0.94807148],"scale":0.989127338,"type":"deadpalm_03"}
{"ctxid":0,"pos":[605.418152,-859.815063,126.442863],"rotationMatrix":[0.857632875,-0.510967851,0.0581174083,0.510970116,0.833916068,-0.208551139,0.0580978952,0.208556563,0.976283133],"scale":0.799652219,"type":"deadpalm_03"}
{"ctxid":0,"pos":[603.881531,-862.444946,129.320511],"rotationMatrix":[-0.00225841999,0.999714017,0.0238049924,-0.574478745,0.0181878209,-0.818317294,-0.818516254,-0.0155236423,0.574273467],"scale":0.78662312,"type":"deadpalm_03"}
{"ctxid":0,"pos":[612.69519,-859.918335,124.577286],"rotationMatrix":[0.858485162,-0.505140007,-0.0885254741,0.491616935,0.859749854,-0.138358057,0.145999953,0.0752577037,0.98641789],"scale":0.969904065,"type":"deadpalm_03"}
{"ctxid":0,"pos":[617.436279,-864.061523,124.450684],"rotationMatrix":[-0.995026946,0.0976051465,0.0198494419,-0.0938956961,-0.985686302,0.140019491,0.033231955,0.137459442,0.989949763],"scale":0.957593739,"type":"deadpalm_03"}
{"ctxid":0,"pos":[615.857849,-864.8078,125.389786],"rotationMatrix":[-0.932179093,0.0166670233,0.361612976,0.0626058951,-0.976463914,0.206393763,0.356542051,0.215035096,0.909196138],"scale":0.968121886,"type":"deadpalm_03"}
{"ctxid":0,"pos":[618.743896,-871.49231,126.141434],"rotationMatrix":[0.274999201,-0.961324394,0.0151853859,0.908313334,0.254592121,-0.331887603,0.315185636,0.105061881,0.943196714],"scale":0.834728956,"type":"deadpalm_03"}
{"ctxid":0,"pos":[617.567749,-871.509399,126.848099],"rotationMatrix":[-0.862451673,-0.428078443,0.27004832,0.444310516,-0.895872235,-0.00113769248,0.242415786,0.119004101,0.9628461],"scale":0.9819206,"type":"deadpalm_03"}
{"ctxid":0,"pos":[618.241455,-868.658081,125.576752],"rotationMatrix":[-0.427347898,-0.863845825,0.266727567,0.886190295,-0.458654404,-0.0655918419,0.178997099,0.208340883,0.961537361],"scale":0.74619168,"type":"deadpalm_03"}
{"ctxid":0,"pos":[620.334656,-871.822144,125.395279],"rotationMatrix":[-0.503359199,0.864048481,0.00700781494,-0.841805696,-0.492198706,0.221592203,0.194915682,0.10564132,0.975114226],"scale":0.750356555,"type":"deadpalm_03"}
{"ctxid":0,"pos":[619.052979,-881.166626,126.58033],"rotationMatrix":[-0.0478086472,-0.995633423,-0.0801756829,0.990016997,-0.0365777016,-0.136118218,0.132591218,-0.0858829468,0.98744303],"scale":0.773448706,"type":"deadpalm_03"}
{"ctxid":0,"pos":[619.127686,-885.659973,125.489929],"rotationMatrix":[-0.444326282,0.881509125,0.159734905,-0.890827835,-0.453628898,0.0254156925,0.0948645845,-0.131003454,0.986832738],"scale":0.979440391,"type":"deadpalm_03"}
{"ctxid":0,"pos":[620.676025,-882.345459,125.912735],"rotationMatrix":[-0.506683707,-0.862065852,-0.0106574446,0.851420581,-0.49840796,-0.163315967,0.135477379,-0.091823563,0.986516237],"scale":0.903743088,"type":"deadpalm_03"}
{"ctxid":0,"pos":[332.631531,-551.288269,129.887894],"rotationMatrix":[-0.98685348,0.161617309,0,-0.161617309,-0.98685348,0,0,0,1],"scale":0.809106529,"type":"deadpalm_03"}
{"ctxid":0,"pos":[333.097961,-553.728638,129.944351],"rotationMatrix":[-0.363965124,-0.931412578,0,0.931412578,-0.363965124,0,0,0,1],"scale":0.779157281,"type":"deadpalm_03"}
{"ctxid":0,"pos":[330.98468,-554.025574,130.605835],"rotationMatrix":[0.627636611,-0.778506339,0,0.778506339,0.627636611,0,0,0,1],"scale":0.808293819,"type":"deadpalm_03"}
{"ctxid":0,"pos":[326.527802,-548.861816,130.358932],"rotationMatrix":[-0.00232919655,-0.999997199,0,0.999997199,-0.00232919655,0,0,0,1],"scale":0.982918143,"type":"deadpalm_03"}
{"ctxid":0,"pos":[327.9617,-548.541809,130.085938],"rotationMatrix":[-0.546777487,-0.837277889,0,0.837277889,-0.546777487,0,0,0,1],"scale":0.701492608,"type":"deadpalm_03"}
{"ctxid":0,"pos":[374.029266,-632.87323,125.129929],"rotationMatrix":[0.747017384,-0.664804578,0,0.664804578,0.747017384,0,0,0,1],"scale":0.834427118,"type":"deadpalm_03"}
{"ctxid":0,"pos":[372.13028,-637.0401,125.583145],"rotationMatrix":[-0.962726116,0.270478129,0,-0.270478129,-0.962726116,0,0,0,1],"scale":0.858976662,"type":"deadpalm_03"}
{"ctxid":0,"pos":[377.049316,-634.622009,124.996719],"rotationMatrix":[-0.844268262,-0.535920739,0,0.535920739,-0.844268262,0,0,0,1],"scale":0.946710408,"type":"deadpalm_03"}
{"ctxid":0,"pos":[374.413879,-632.29071,125.099281],"rotationMatrix":[-0.81536144,-0.578952372,0,0.578952372,-0.81536144,0,0,0,1],"scale":0.729592085,"type":"deadpalm_03"}
{"ctxid":0,"pos":[376.521912,-634.342529,125.029846],"rotationMatrix":[-0.981739044,-0.190232784,0,0.190232784,-0.981739044,0,0,0,1],"scale":0.746778548,"type":"deadpalm_03"}
{"ctxid":0,"pos":[371.66571,-636.569336,125.760117],"rotationMatrix":[-0.745477974,-0.666530371,0,0.666530371,-0.745477974,0,0,0,1],"scale":0.881487548,"type":"deadpalm_03"}
{"ctxid":0,"pos":[374.768188,-634.904602,125.151909],"rotationMatrix":[0.98688519,-0.161423758,0,0.161423758,0.98688519,0,0,0,1],"scale":0.859707057,"type":"deadpalm_03"}
{"ctxid":0,"pos":[374.78479,-635.998108,125.187027],"rotationMatrix":[-0.997456193,0.0712808669,0,-0.0712808669,-0.997456193,0,0,0,1],"scale":0.719797194,"type":"deadpalm_03"}
{"ctxid":0,"pos":[374.612885,-641.4245,125.467049],"rotationMatrix":[0.549763858,-0.835320055,0,0.835320055,0.549763858,0,0,0,1],"scale":0.922598422,"type":"deadpalm_03"}
{"ctxid":0,"pos":[378.407806,-662.350342,126.164482],"rotationMatrix":[-0.931666613,0.36331439,0,-0.36331439,-0.931666613,0,0,0,1],"scale":0.703010023,"type":"deadpalm_03"}
{"ctxid":0,"pos":[376.56012,-660.962341,126.549957],"rotationMatrix":[0.847029805,-0.531545341,0,0.531545341,0.847029805,0,0,0,1],"scale":0.859048605,"type":"deadpalm_03"}
{"ctxid":0,"pos":[375.468658,-660.917297,126.819046],"rotationMatrix":[0.317627281,-0.948215604,0,0.948215604,0.317627281,0,0,0,1],"scale":0.943588972,"type":"deadpalm_03"}
{"ctxid":0,"pos":[381.338165,-668.939453,125.831207],"rotationMatrix":[-0.964309812,-0.264776498,0,0.264776498,-0.964309812,0,0,0,1],"scale":0.906971276,"type":"deadpalm_03"}
{"ctxid":0,"pos":[380.64624,-665.849304,125.787971],"rotationMatrix":[-0.966991365,-0.25480935,0,0.25480935,-0.966991365,0,0,0,1],"scale":0.961857319,"type":"deadpalm_03"}
{"ctxid":0,"pos":[381.999268,-676.286621,126.157318],"rotationMatrix":[-0.770271063,-0.63771677,0,0.63771677,-0.770271063,0,0,0,1],"scale":0.755919814,"type":"deadpalm_03"}
{"ctxid":0,"pos":[382.690918,-675.955994,125.979095],"rotationMatrix":[-0.999947846,0.0102166226,0,-0.0102166226,-0.999947846,0,0,0,1],"scale":0.97750926,"type":"deadpalm_03"}
{"ctxid":0,"pos":[381.1409,-676.502502,126.401077],"rotationMatrix":[-0.998408377,-0.0563960262,0,0.0563960262,-0.998408377,0,0,0,1],"scale":0.99990052,"type":"deadpalm_03"}
{"ctxid":0,"pos":[381.648438,-679.573059,126.484192],"rotationMatrix":[-0.793084085,-0.609112263,0,0.609112263,-0.793084085,0,0,0,1],"scale":0.715994775,"type":"deadpalm_03"}
{"ctxid":0,"pos":[384.278687,-681.141907,126.006729],"rotationMatrix":[0.938384533,0.345593095,0,-0.345593095,0.938384533,0,0,0,1],"scale":0.868397355,"type":"deadpalm_03"}
{"ctxid":0,"pos":[383.766144,-679.489685,126.002327],"rotationMatrix":[-0.720391035,0.69356817,0,-0.69356817,-0.720391035,0,0,0,1],"scale":0.976851583,"type":"deadpalm_03"}
{"ctxid":0,"pos":[388.431519,-676.675842,125.149765],"rotationMatrix":[0.259352028,0.965782881,0,-0.965782881,0.259352028,0,0,0,1],"scale":0.996222556,"type":"deadpalm_03"}
{"ctxid":0,"pos":[385.43158,-681.108826,125.839294],"rotationMatrix":[0.781079531,-0.624431551,0,0.624431551,0.781079531,0,0,0,1],"scale":0.783411145,"type":"deadpalm_03"}
{"ctxid":0,"pos":[404.208008,-751.506165,124.956467],"rotationMatrix":[0.94620508,-0.32356745,0,0.32356745,0.94620508,0,0,0,1],"scale":0.918884754,"type":"deadpalm_03"}
{"ctxid":0,"pos":[403.543335,-746.771606,124.914017],"rotationMatrix":[-0.994856596,-0.101292551,0,0.101292551,-0.994856596,0,0,0,1],"scale":0.780305982,"type":"deadpalm_03"}
{"ctxid":0,"pos":[404.375793,-747.722595,124.9077],"rotationMatrix":[0.984385431,0.176026419,0,-0.176026419,0.984385431,0,0,0,1],"scale":0.855954051,"type":"deadpalm_03"}
{"ctxid":0,"pos":[408.995697,-752.008484,124.774445],"rotationMatrix":[-0.987814605,-0.155635402,0,0.155635402,-0.987814605,0,0,0,1],"scale":0.797351062,"type":"deadpalm_03"}
{"ctxid":0,"pos":[407.313782,-747.714844,124.814651],"rotationMatrix":[-0.692741394,0.721186101,0,-0.721186101,-0.692741394,0,0,0,1],"scale":0.767377257,"type":"deadpalm_03"}
{"ctxid":0,"pos":[411.1203,-754.415222,124.694366],"rotationMatrix":[-0.59445554,0.804128349,0,-0.804128349,-0.59445554,0,0,0,1],"scale":0.818061113,"type":"deadpalm_03"}
{"ctxid":0,"pos":[407.968933,-751.518555,124.813812],"rotationMatrix":[-0.525113225,-0.851032257,0,0.851032257,-0.525113225,0,0,0,1],"scale":0.996874392,"type":"deadpalm_03"}
{"ctxid":0,"pos":[410.041382,-751.941833,124.732803],"rotationMatrix":[-0.988894939,-0.148616523,0,0.148616523,-0.988894939,0,0,0,1],"scale":0.860594034,"type":"deadpalm_03"}
{"ctxid":0,"pos":[407.751129,-756.098206,124.875412],"rotationMatrix":[0.352323174,0.935878515,0,-0.935878515,0.352323174,0,0,0,1],"scale":0.970732808,"type":"deadpalm_03"}
{"ctxid":0,"pos":[407.509033,-752.897827,124.850327],"rotationMatrix":[-0.96394062,0.266117483,0,-0.266117483,-0.96394062,0,0,0,1],"scale":0.810367823,"type":"deadpalm_03"}
{"ctxid":0,"pos":[418.86853,-766.888672,124.441528],"rotationMatrix":[-0.94907248,-0.315057933,0,0.315057933,-0.94907248,0,0,0,1],"scale":0.78338623,"type":"deadpalm_03"}
{"ctxid":0,"pos":[418.558533,-769.114014,124.491669],"rotationMatrix":[-0.499655724,0.866223991,0,-0.866223991,-0.499655724,0,0,0,1],"scale":0.941628277,"type":"deadpalm_03"}
{"ctxid":0,"pos":[417.394135,-774.101379,124.549606],"rotationMatrix":[-0.241740197,-0.970340967,0,0.970340967,-0.241740197,0,0,0,1],"scale":0.878844678,"type":"deadpalm_03"}
{"ctxid":0,"pos":[417.957611,-775.393005,124.552849],"rotationMatrix":[0.768836617,-0.639445245,0,0.639445245,0.768836617,0,0,0,1],"scale":0.858488798,"type":"deadpalm_03"}
{"ctxid":0,"pos":[430.672455,-797.400024,124.542404],"rotationMatrix":[0.998406887,-0.0564233772,0,0.0564233772,0.998406887,0,0,0,1],"scale":0.835929275,"type":"deadpalm_03"}
{"ctxid":0,"pos":[449.585266,-819.294983,124.593971],"rotationMatrix":[0.955128312,-0.296192318,0,0.296192318,0.955128312,0,0,0,1],"scale":0.728170753,"type":"deadpalm_03"}
{"ctxid":0,"pos":[444.936676,-820.18396,125.021965],"rotationMatrix":[0.913759947,0.406254649,0,-0.406254649,0.913759947,0,0,0,1],"scale":0.931255639,"type":"deadpalm_03"}
{"ctxid":0,"pos":[421.778656,-787.999207,125.063431],"rotationMatrix":[-0.967830896,0.251601636,0,-0.251601636,-0.967830896,0,0,0,1],"scale":0.733742118,"type":"deadpalm_03"}
{"ctxid":0,"pos":[425.263245,-790.488342,124.595337],"rotationMatrix":[0.864297628,0.502980769,0,-0.502980769,0.864297628,0,0,0,1],"scale":0.963841438,"type":"deadpalm_03"}
{"ctxid":0,"pos":[387.041412,-744.679138,124.9524],"rotationMatrix":[0.896482229,-0.443079621,0,0.443079621,0.896482229,0,0,0,1],"scale":0.722914577,"type":"deadpalm_03"}
{"ctxid":0,"pos":[384.300323,-742.333801,124.831619],"rotationMatrix":[0.259691417,0.965691686,0,-0.965691686,0.259691417,0,0,0,1],"scale":0.997597158,"type":"deadpalm_03"}
{"ctxid":0,"pos":[386.238281,-748.244995,125.027832],"rotationMatrix":[-0.914230943,-0.405193478,0,0.405193478,-0.914230943,0,0,0,1],"scale":0.759053051,"type":"deadpalm_03"}
{"ctxid":0,"pos":[387.154144,-747.28833,125.06797],"rotationMatrix":[0.665756881,-0.746168673,0,0.746168673,0.665756881,0,0,0,1],"scale":0.914494991,"type":"deadpalm_03"}
{"ctxid":0,"pos":[377.885529,-740.596436,125.165665],"rotationMatrix":[0.0228715818,0.999738395,0,-0.999738395,0.0228715818,0,0,0,1],"scale":0.985826612,"type":"deadpalm_03"}
{"ctxid":0,"pos":[379.420105,-741.070862,125.03801],"rotationMatrix":[-0.500724316,-0.865606725,0,0.865606725,-0.500724316,0,0,0,1],"scale":0.921673834,"type":"deadpalm_03"}
{"ctxid":0,"pos":[382.131073,-745.532104,124.912491],"rotationMatrix":[0.659163058,0.752000153,0,-0.752000153,0.659163058,0,0,0,1],"scale":0.786097765,"type":"deadpalm_03"}
{"ctxid":0,"pos":[381.037933,-742.247986,124.923988],"rotationMatrix":[-0.472098261,0.881545901,0,-0.881545901,-0.472098261,0,0,0,1],"scale":0.882941961,"type":"deadpalm_03"}
{"ctxid":0,"pos":[376.108826,-745.454102,125.464706],"rotationMatrix":[0.933807492,0.357775927,0,-0.357775927,0.933807492,0,0,0,1],"scale":0.814302027,"type":"deadpalm_03"}
{"ctxid":0,"pos":[447.538757,-815.873474,124.524948],"rotationMatrix":[0.0883785412,0.996086955,0,-0.996086955,0.0883785412,0,0,0,1],"scale":0.823264003,"type":"deadpalm_03"}
{"ctxid":0,"pos":[451.105469,-816.825134,124.522324],"rotationMatrix":[-0.636378586,-0.771376967,0,0.771376967,-0.636378586,0,0,0,1],"scale":0.86988461,"type":"deadpalm_03"}
{"ctxid":0,"pos":[445.889069,-812.983398,124.518059],"rotationMatrix":[-0.426686883,-0.904399395,0,0.904399395,-0.426686883,0,0,0,1],"scale":0.827907443,"type":"deadpalm_03"}
{"ctxid":0,"pos":[476.646393,-824.898865,124.833313],"rotationMatrix":[-0.656360209,0.75444752,0,-0.75444752,-0.656360209,0,0,0,1],"scale":0.70161289,"type":"deadpalm_03"}
{"ctxid":0,"pos":[593.744263,-879.272705,124.459061],"rotationMatrix":[-0.9851017,0.167818516,-0.0375684947,-0.164493889,-0.983225703,-0.0787962377,-0.0501617789,-0.0714425296,0.996182621],"scale":0.956949115,"type":"deadpalm_03"}
{"ctxid":0,"pos":[626.331787,-883.525208,124.596344],"rotationMatrix":[0.673192143,-0.738634169,-0.0350961909,0.738773882,0.673858047,-0.0113341622,0.0320216492,-0.0182980858,0.999319673],"scale":0.971824288,"type":"deadpalm_03"}
{"ctxid":0,"pos":[626.19696,-881.308899,124.652252],"rotationMatrix":[-0.235542178,-0.971853614,0.00449113734,0.970858097,-0.235506058,-0.04439836,0.0442064032,-0.00609743223,0.999003828],"scale":0.998515725,"type":"deadpalm_03"}
{"ctxid":0,"pos":[440.089508,-804.111084,124.504929],"rotationMatrix":[-0.999702334,0.0231864527,0.0075563658,-0.0231626108,-0.999726295,0.00322763971,0.00762913655,0.00305165467,0.999966264],"scale":0.931002796,"type":"deadpalm_03"}
{"ctxid":0,"pos":[442.958862,-808.429382,124.506622],"rotationMatrix":[-0.0407774448,-0.999157488,0.00463600131,0.999167025,-0.0407841206,-0.00133791333,0.00152586121,0.00457758317,0.999988377],"scale":0.945077837,"type":"deadpalm_03"}
{"ctxid":0,"pos":[444.923523,-814.699829,124.529572],"rotationMatrix":[-0.979699135,0.200454265,0.00268393592,-0.20044899,-0.979701638,0.00210662815,0.00305173988,0.00152587006,0.999994159],"scale":0.954045534,"type":"deadpalm_03"}
{"ctxid":0,"pos":[445.091492,-812.460571,124.518669],"rotationMatrix":[0.0588619113,-0.998265028,0.00134359975,0.998261213,0.0588575006,-0.0031362609,0.00305173942,0.00152586959,0.999994159],"scale":0.707837284,"type":"deadpalm_03"}
{"ctxid":0,"pos":[419.815338,-782.418335,124.780869],"rotationMatrix":[0.540955961,0.830586016,-0.132263139,-0.831211984,0.551959395,0.0665390268,0.128270254,0.0739440247,0.988978803],"scale":0.729768276,"type":"deadpalm_03"}
{"ctxid":0,"pos":[418.842346,-778.189758,124.578079],"rotationMatrix":[-0.174715757,0.984614134,-0.00305214338,-0.983693242,-0.174416304,0.0438908748,0.0426832363,0.0106708072,0.999031663],"scale":0.912421346,"type":"deadpalm_03"}
{"ctxid":0,"pos":[419.959106,-775.268188,124.543182],"rotationMatrix":[0.00352799892,-0.99999249,0.00152048445,0.99999249,0.00352567434,-0.00153124705,0.00152587518,0.00152587518,0.999997675],"scale":0.963467479,"type":"deadpalm_03"}
{"ctxid":0,"pos":[416.369843,-775.85791,124.608185],"rotationMatrix":[-0.982715011,-0.181230769,0.0377641432,0.181156412,-0.983439207,-0.0054099597,0.0381192006,0.00152476819,0.999272048],"scale":0.766200542,"type":"deadpalm_03"}
{"ctxid":0,"pos":[416.339447,-780.854065,125.408554],"rotationMatrix":[-0.593762994,0.804357827,-0.0212933272,-0.792485058,-0.580006838,0.188570723,0.139328092,0.128841028,0.981828749],"scale":0.814111888,"type":"deadpalm_03"}
{"ctxid":0,"pos":[261.48056,-538.879761,131.092117],"rotationMatrix":[0.428095102,-0.607470632,-0.669114172,0.898761749,0.208617687,0.385623813,-0.0946662426,-0.766457915,0.635279775],"scale":0.707724392,"type":"deadpalm_03"}
{"ctxid":0,"pos":[260.195038,-539.448181,132.189178],"rotationMatrix":[-0.820080996,-0.568756044,-0.0631137192,0.379075915,-0.457314134,-0.804465652,0.42868194,-0.683652043,0.590636611],"scale":0.806833863,"type":"deadpalm_03"}
{"ctxid":0,"pos":[258.641693,-536.677979,134.632462],"rotationMatrix":[-0.329676867,-0.827644706,-0.454221308,0.854274869,-0.466331244,0.229671955,-0.401904464,-0.312312365,0.860775113],"scale":0.96756196,"type":"deadpalm_03"}
{"ctxid":0,"pos":[258.391083,-538.920471,133.284821],"rotationMatrix":[0.950775802,-0.240034729,-0.195981264,0.304459065,0.841369212,0.446545064,0.0577062666,-0.484232545,0.873034239],"scale":0.813125134,"type":"deadpalm_03"}
{"ctxid":0,"pos":[261.085022,-534.922974,135.114594],"rotationMatrix":[-0.0491374731,0.84584105,0.53116709,-0.554487944,-0.465431333,0.689867198,0.830739796,-0.260627449,0.491878808],"scale":0.848448455,"type":"deadpalm_03"}
{"ctxid":0,"pos":[261.416687,-536.021057,132.918015],"rotationMatrix":[0.553536892,0.6275599,0.547508359,-0.776772022,0.626139224,0.0676374137,-0.300369889,-0.462729007,0.834062219],"scale":0.831521451,"type":"deadpalm_03"}
{"ctxid":0,"pos":[260.429871,-538.555664,132.756912],"rotationMatrix":[-0.597888589,-0.156372085,0.786178648,-0.238002822,-0.901925564,-0.360395402,0.765430391,-0.402589053,0.502034128],"scale":0.884469151,"type":"deadpalm_03"}
{"ctxid":0,"pos":[259.135376,-534.410767,135.335724],"rotationMatrix":[0.66618675,0.743620753,0.0567741096,-0.71684885,0.659480453,-0.226303369,-0.205725312,0.110061832,0.972400904],"scale":0.718604982,"type":"deadpalm_03"}
{"ctxid":0,"pos":[261.718292,-537.502258,132.201935],"rotationMatrix":[-0.320414901,0.889905751,0.32465592,-0.947241604,-0.303961039,-0.101688355,0.0081897676,-0.340110153,0.940349936],"scale":0.803735733,"type":"deadpalm_03"}
{"ctxid":0,"pos":[269.183472,-526.208313,128.876846],"rotationMatrix":[-0.430810928,-0.589372337,0.683404684,0.306448996,-0.807826757,-0.503492594,0.848817229,-0.0074814707,0.528633356],"scale":0.771655262,"type":"deadpalm_03"}
{"ctxid":0,"pos":[268.429382,-530.102905,129.637344],"rotationMatrix":[0.298404634,-0.659547031,-0.689893007,0.299637914,0.751017809,-0.588378549,0.906185269,-0.0311432183,0.421732485],"scale":0.750705957,"type":"deadpalm_03"}
{"ctxid":0,"pos":[243.759171,-518.051819,124.274254],"rotationMatrix":[0.928914309,-0.339865297,0.147002593,0.369490832,0.876873255,-0.307521969,-0.0243865885,0.339977652,0.94011724],"scale":0.841858566,"type":"deadpalm_03"}
{"ctxid":0,"pos":[247.017807,-518.570679,124.762329],"rotationMatrix":[0.731984138,0.639500976,-0.235026896,-0.681320071,0.686327577,-0.254474729,-0.00143141299,0.346400052,0.938085794],"scale":0.907357574,"type":"deadpalm_03"}
{"ctxid":0,"pos":[248.092636,-520.739014,128.170959],"rotationMatrix":[0.325713158,-0.908974051,0.260148168,0.884269118,0.390257061,0.256451845,-0.334632754,0.146511272,0.930889547],"scale":0.780041993,"type":"deadpalm_03"}
{"ctxid":0,"pos":[249.159241,-521.306458,128.266937],"rotationMatrix":[0.307584524,0.937310994,-0.163828611,-0.943230569,0.277672946,-0.182246506,-0.125330895,0.210584342,0.96950835],"scale":0.867738903,"type":"deadpalm_03"}
{"ctxid":0,"pos":[172.2108,-497.902802,125.2061],"rotationMatrix":[0.999908864,0.0133142322,0.00223884312,-0.0131530464,0.99805373,-0.0609564967,-0.00304607488,0.0609214939,0.998137891],"scale":0.929941356,"type":"deadpalm_03"}
{"ctxid":0,"pos":[172.204803,-498.571014,125.287628],"rotationMatrix":[0.927416086,-0.373153716,0.0256057456,0.374018818,0.925767183,-0.0553629287,-0.00304607488,0.0609215014,0.998137891],"scale":0.964363396,"type":"deadpalm_03"}
{"ctxid":0,"pos":[160.326584,-500.049469,125.453812],"rotationMatrix":[-0.423079967,0.897290826,-0.125983879,-0.90572691,-0.422748446,0.030690819,-0.025720939,0.127091691,0.991557419],"scale":0.974438608,"type":"deadpalm_03"}
{"ctxid":0,"pos":[207.1689,-510.720978,125.160385],"rotationMatrix":[-0.896038055,-0.442826331,0.03194803,0.443600118,-0.89592135,0.0233199894,0.0182962175,0.0350677483,0.999217451],"scale":0.800866127,"type":"deadpalm_03"}
{"ctxid":0,"pos":[203.1875,-513.115723,125.499542],"rotationMatrix":[0.955156386,0.294466227,-0.0310785212,-0.295437902,0.954775274,-0.0334750935,0.0198157206,0.0411557257,0.998956203],"scale":0.822373748,"type":"deadpalm_03"}
{"ctxid":0,"pos":[213.653671,-509.173737,124.80368],"rotationMatrix":[-0.123345852,0.991785288,-0.0338735208,-0.992165685,-0.122567654,0.0241695903,0.0198192429,0.0365893692,0.999133825],"scale":0.822886586,"type":"deadpalm_03"}
{"ctxid":0,"pos":[217.790176,-511.004974,124.760384],"rotationMatrix":[0.612628758,-0.790224791,0.0151879303,0.789994359,0.611630976,-0.0426188372,0.0243890584,0.0381079055,0.998975933],"scale":0.744481027,"type":"deadpalm_03"}
{"ctxid":0,"pos":[202.997971,-511.551666,125.380913],"rotationMatrix":[0.173806012,-0.984189451,0.034096159,0.984580457,0.172969878,-0.0261288323,0.019818116,0.0381117575,0.999076962],"scale":0.955141187,"type":"deadpalm_03"}
{"ctxid":0,"pos":[204.293396,-509.382782,125.174805],"rotationMatrix":[0.57678473,0.815955162,-0.039197363,-0.81669116,0.577050567,-0.00529764686,0.0182962157,0.0350677483,0.999217451],"scale":0.836273134,"type":"deadpalm_03"}
{"ctxid":0,"pos":[203.732483,-507.59613,125.073654],"rotationMatrix":[-0.997525215,0.0684221759,0.0161771532,-0.0678855106,-0.997190118,0.0316748507,0.0182989594,0.0304982699,0.999367297],"scale":0.972481847,"type":"deadpalm_03"}
{"ctxid":0,"pos":[204.141907,-511.820221,125.35907],"rotationMatrix":[0.61470747,-0.788552225,0.017887285,0.788506091,0.613785625,-0.0390551984,0.0198181141,0.0381117538,0.999076962],"scale":0.754952252,"type":"deadpalm_03"}
{"ctxid":0,"pos":[208.387283,-510.622131,125.107681],"rotationMatrix":[0.825188398,0.563724875,-0.0357538685,-0.564561248,0.825151742,-0.0198805314,0.0182952154,0.0365904346,0.999162853],"scale":0.856743455,"type":"deadpalm_03"}
{"ctxid":0,"pos":[201.743195,-508.210724,125.185295],"rotationMatrix":[0.892024696,0.450889736,-0.0314695314,-0.451616079,0.891949058,-0.0216728002,0.0182971749,0.0335448198,0.999269724],"scale":0.892541051,"type":"deadpalm_03"}
{"ctxid":0,"pos":[181.262573,-512.973755,126.247536],"rotationMatrix":[-0.805968046,0.591958463,-0.00050030183,-0.59192723,-0.80591619,0.0109912222,0.00610314589,0.0091547193,0.999939442],"scale":0.70519048,"type":"deadpalm_03"}
{"ctxid":0,"pos":[177.14624,-502.547485,125.74379],"rotationMatrix":[-0.981929541,-0.188684672,0.0145717654,0.189191312,-0.980588555,0.0515030287,0.00457107415,0.0533292033,0.998566508],"scale":0.915475607,"type":"deadpalm_03"}
{"ctxid":0,"pos":[188.202362,-517.819275,126.261711],"rotationMatrix":[-0.941263556,0.337672055,0.000405761064,-0.337668836,-0.941258669,0.00338773592,0.00152586994,0.00305173988,0.999994159],"scale":0.979458213,"type":"deadpalm_03"}
{"ctxid":0,"pos":[190.079651,-515.184143,126.192978],"rotationMatrix":[0.433717906,0.900783956,-0.0218391381,-0.901002109,0.433814347,-0.000356403179,0.00915308669,0.0198316909,0.999761462],"scale":0.763401866,"type":"deadpalm_03"}
{"ctxid":0,"pos":[187.947495,-517.365051,126.259552],"rotationMatrix":[-0.180067182,-0.983649671,0.00300186034,0.983654201,-0.180066347,0.000549519202,-1.16415322e-10,0.00305174338,0.999995351],"scale":0.8689574,"type":"deadpalm_03"}
{"ctxid":0,"pos":[184.777832,-512.152405,126.181061],"rotationMatrix":[0.248763561,-0.968463302,0.0139778377,0.96852088,0.248590171,-0.0130395759,0.00915359985,0.0167816002,0.999817252],"scale":0.887784123,"type":"deadpalm_03"}
{"ctxid":0,"pos":[188.63443,-514.342529,126.186188],"rotationMatrix":[-0.0493916273,-0.998628259,0.0173645709,0.998704672,-0.0495928526,-0.0113588152,0.0122044012,0.0167810488,0.999784708],"scale":0.723116815,"type":"deadpalm_03"}
{"ctxid":0,"pos":[475.728058,-461.342072,124.44265],"rotationMatrix":[0.635855556,0.770062029,0.0518858805,-0.76876229,0.637880027,-0.0459734276,-0.0684993565,-0.0106554534,0.997594237],"scale":0.705740869,"type":"deadpalm_03"}
{"ctxid":0,"pos":[476.48114,-460.113007,124.573578],"rotationMatrix":[-0.72695756,-0.684298992,-0.0571602322,0.683407426,-0.729099631,0.0369829275,-0.0669828951,-0.0121787088,0.99767977],"scale":0.729033947,"type":"deadpalm_03"}
{"ctxid":0,"pos":[479.36554,-458.828278,125.006073],"rotationMatrix":[-0.852714777,0.519840181,-0.0514123738,-0.517866075,-0.854153514,-0.0472890548,-0.0684968159,-0.0136993639,0.997557282],"scale":0.868134379,"type":"deadpalm_03"}
{"ctxid":0,"pos":[478.899536,-461.141663,124.876923],"rotationMatrix":[0.943644881,0.32374987,0.0687048435,-0.323468834,0.946112096,-0.0154861556,-0.0700161308,-0.00761044864,0.997516811],"scale":0.764522314,"type":"deadpalm_03"}
{"ctxid":0,"pos":[481.623138,-459.600647,125.330124],"rotationMatrix":[-0.334123969,-0.941601396,-0.0418059379,0.939331174,-0.336313248,0.0674536824,-0.0775743797,-0.0167317279,0.996846139],"scale":0.780703545,"type":"deadpalm_03"}
{"ctxid":0,"pos":[478.995972,-460.26947,124.910469],"rotationMatrix":[0.718499899,0.693121493,0.0577964224,-0.692145765,0.720717907,-0.0387280546,-0.0684981644,-0.0121774497,0.997576892],"scale":0.969432712,"type":"deadpalm_03"}
{"ctxid":0,"pos":[474.206482,-437.194336,125.526192],"rotationMatrix":[-0.991457582,-0.125741959,-0.034647733,0.126436979,-0.991799116,-0.0186490044,-0.0320186391,-0.0228704549,0.999225557],"scale":0.764231384,"type":"deadpalm_03"}
{"ctxid":0,"pos":[477.917999,-434.152466,126.305359],"rotationMatrix":[0.829555035,0.551117837,0.0900419652,-0.558023274,0.824225724,0.0962388441,-0.0211759619,-0.130080938,0.991277218],"scale":0.914344907,"type":"deadpalm_03"}
{"ctxid":0,"pos":[475.212402,-434.876862,125.73053],"rotationMatrix":[-0.303123355,-0.950908542,-0.0623592846,0.936877966,-0.309339881,0.162997127,-0.17428562,-0.00901477039,0.98465389],"scale":0.898518264,"type":"deadpalm_03"}
{"ctxid":0,"pos":[480.029419,-435.288147,126.30896],"rotationMatrix":[0.71160686,-0.68938297,0.135524094,0.666266382,0.723365545,0.181194246,-0.22294569,-0.0386439189,0.974064589],"scale":0.890417874,"type":"deadpalm_03"}
{"ctxid":0,"pos":[470.651459,-431.768036,125.512489],"rotationMatrix":[0.0397480726,0.999173105,0.00853284262,-0.998947561,0.0399317145,-0.0225594416,-0.0228815209,-0.00762717519,0.99970907],"scale":0.877806067,"type":"deadpalm_03"}
{"ctxid":0,"pos":[463.370453,-420.692871,125.509293],"rotationMatrix":[-0.924934864,0.37730214,-0.0462387204,-0.37391445,-0.924965501,-0.0680162385,-0.0684319139,-0.0456212759,0.996612132],"scale":0.84965682,"type":"deadpalm_03"}
{"ctxid":0,"pos":[462.931366,-416.479645,125.815956],"rotationMatrix":[0.54567647,-0.837980628,0.00505616888,0.835070133,0.544265211,0.0802064836,-0.0699633807,-0.0395445302,0.996765435],"scale":0.848877668,"type":"deadpalm_03"}
{"ctxid":0,"pos":[465.258057,-415.879272,126.596481],"rotationMatrix":[-0.331351995,-0.931361496,-0.150901452,0.924289525,-0.352540135,0.146301001,-0.189457968,-0.0909994915,0.977662921],"scale":0.711725116,"type":"deadpalm_03"}
{"ctxid":0,"pos":[453.324371,-392.586182,126.816391],"rotationMatrix":[-0.162872553,-0.983910441,-0.0734326988,0.97956419,-0.170156717,0.107239321,-0.118008986,-0.054465685,0.991517723],"scale":0.851430416,"type":"deadpalm_03"}
{"ctxid":0,"pos":[441.043182,-371.496338,126.594498],"rotationMatrix":[-0.960721731,-0.267495483,-0.0738894045,0.269316882,-0.962923288,-0.0157124214,-0.0669468343,-0.0349949338,0.997142673],"scale":0.837775946,"type":"deadpalm_03"}
{"ctxid":0,"pos":[444.506256,-375.635315,126.676857],"rotationMatrix":[0.991863728,0.0292785522,0.123891659,-0.0406999402,0.99504751,0.0906860232,-0.120622925,-0.0949905515,0.988143146],"scale":0.799059868,"type":"deadpalm_03"}
{"ctxid":0,"pos":[444.284851,-376.599121,126.388153],"rotationMatrix":[0.738207221,0.650277019,0.179415151,-0.663803816,0.747593701,0.0216356255,-0.120060489,-0.135068044,0.983535528],"scale":0.965946436,"type":"deadpalm_03"}
{"ctxid":0,"pos":[436.4505,-367.825531,126.095047],"rotationMatrix":[0.781033278,-0.624488592,-0.000958051067,0.624370098,0.780913174,-0.0183459148,0.0122049712,0.0137305902,0.999831259],"scale":0.880472243,"type":"deadpalm_03"}
