{"ctxid":0,"pos":[300.032837,-300.071228,124.496628],"rotationMatrix":[0.913565159,-0.406687289,-0.00201454526,0.406689435,0.913566113,0.000773432199,0.00152587518,-0.00152587518,0.999997675],"scale":1.15764904,"type":"deadbranch_01"}
{"ctxid":0,"pos":[299.144684,-297.105804,124.494049],"rotationMatrix":[-0.562387109,0.826866329,0.00348354899,-0.826804698,-0.562389612,0.0105475057,0.010680492,0.00305156922,0.999938309],"scale":0.785778284,"type":"deadbranch_01"}
{"ctxid":0,"pos":[224.491241,-325.520081,124.772865],"rotationMatrix":[0.849406958,0.527668536,-0.00858171098,-0.52765888,0.849448979,0.00353470584,0.00915487856,0.00152581336,0.999956906],"scale":0.925708532,"type":"deadbranch_01"}
{"ctxid":0,"pos":[152.16864,-402.574432,124.825951],"rotationMatrix":[-0.367865682,0.929783583,0.0132990712,-0.929833651,-0.367951035,0.0045827385,0.0091543654,-0.0106800934,0.999901056],"scale":1.00704181,"type":"deadbranch_01"}
{"ctxid":0,"pos":[146.048065,-412.076721,124.720085],"rotationMatrix":[-0.942618489,-0.33317402,0.0215748232,0.333086759,-0.942865372,-0.00762375072,0.0228821877,0,0.999738157],"scale":0.904631257,"type":"deadbranch_01"}
{"ctxid":0,"pos":[128.213303,-406.570312,125.441307],"rotationMatrix":[-0.191981792,0.981247962,0.0171859413,-0.980469763,-0.192532301,0.0401275009,0.0426838808,-0.00914654601,0.999046743],"scale":0.755065382,"type":"deadbranch_01"}
{"ctxid":0,"pos":[124.984093,-401.912781,125.609306],"rotationMatrix":[0.171199679,0.985194325,-0.00908381492,-0.985193729,0.171270669,0.00771302776,0.00915462337,0.00762885204,0.999929011],"scale":0.971493959,"type":"deadbranch_01"}
{"ctxid":0,"pos":[126.313339,-405.246307,125.630646],"rotationMatrix":[-0.584482074,-0.810867369,0.0295754727,0.810201466,-0.585211992,-0.0331729203,0.0442067645,0.00457311329,0.999011934],"scale":1.13045442,"type":"deadbranch_01"}
{"ctxid":0,"pos":[128.035797,-400.877594,125.555603],"rotationMatrix":[0.923657119,-0.38281092,-0.0177004635,0.383025557,0.923674285,0.0108279577,0.0122044012,-0.0167810507,0.999784708],"scale":0.86650461,"type":"deadbranch_01"}
{"ctxid":0,"pos":[213.133072,-334.72937,124.899796],"rotationMatrix":[0.962746859,-0.269509822,-0.0219761301,0.269676119,0.962938428,0.00493587973,0.0198313911,-0.0106784403,0.999746323],"scale":1.04088259,"type":"deadbranch_01"}
{"ctxid":0,"pos":[210.901733,-337.826019,124.868317],"rotationMatrix":[-0.745969057,-0.665949702,-0.00638050959,0.665917397,-0.745732665,-0.0208893307,0.00915308762,-0.0198316909,0.999761462],"scale":0.734910965,"type":"deadbranch_01"}
{"ctxid":0,"pos":[152.806595,-392.681152,124.874557],"rotationMatrix":[-0.999491572,0.0315381475,0.00462343358,-0.0315448381,-0.999501109,-0.00138071715,0.0045775827,-0.00152586098,0.999988377],"scale":0.626573086,"type":"deadbranch_01"}
{"ctxid":0,"pos":[135.347687,-442.212311,124.581116],"rotationMatrix":[0.340489447,-0.940092444,0.0171123091,0.940005779,0.339932024,-0.0288985055,0.0213502515,0.0259253066,0.999435842],"scale":1.03542924,"type":"deadbranch_01"}
{"ctxid":0,"pos":[556.90155,-595.974731,125.768761],"rotationMatrix":[0.997094274,-0.0567087717,0.0508638211,0.055851046,0.998274505,0.0181300044,-0.0518041886,-0.0152365258,0.998540998],"scale":1.11229348,"type":"deadbranch_01"}
{"ctxid":0,"pos":[541.152344,-568.466919,124.927567],"rotationMatrix":[0.862581134,-0.501179993,0.0690819547,0.500394881,0.865294874,0.0294915438,-0.074556835,0.00912940968,0.997174978],"scale":1.08524311,"type":"deadbranch_01"}
{"ctxid":0,"pos":[543.714355,-563.740479,125.67804],"rotationMatrix":[-0.923207641,-0.292779148,-0.248933092,0.305243909,-0.952196836,-0.0121323727,-0.233481213,-0.0871860236,0.968444705],"scale":0.916525602,"type":"deadbranch_01"}
{"ctxid":0,"pos":[538.48645,-555.502075,124.584435],"rotationMatrix":[0.344801188,0.936314464,0.0665366873,-0.93617785,0.348186314,-0.0483435281,-0.0684319064,-0.0456212796,0.996612132],"scale":1.10505641,"type":"deadbranch_01"}
{"ctxid":0,"pos":[538.952698,-555.237793,124.673813],"rotationMatrix":[-0.169544101,0.985068023,0.0299275611,-0.98292774,-0.166817546,-0.0776191652,-0.07146772,-0.0425765142,0.996533811],"scale":0.911638021,"type":"deadbranch_01"}
{"ctxid":0,"pos":[539.191223,-554.080566,124.847191],"rotationMatrix":[-0.816825986,0.570446014,-0.0859425217,-0.559925675,-0.819823503,-0.119884253,-0.13884522,-0.0498031788,0.989060998],"scale":1.02709174,"type":"deadbranch_01"}
{"ctxid":0,"pos":[538.43573,-556.322815,124.515839],"rotationMatrix":[-0.353879929,-0.933818638,-0.0524519719,0.932553351,-0.356576324,0.0565415211,-0.0715026855,-0.0289053433,0.997021496],"scale":1.03895354,"type":"deadbranch_01"}
{"ctxid":0,"pos":[555.132202,-580.144897,129.415131],"rotationMatrix":[0.147607267,-0.982588053,-0.112838626,0.954476595,0.1116184,0.276614249,-0.259203047,-0.148532093,0.954333246],"scale":0.751128674,"type":"deadbranch_01"}
{"ctxid":0,"pos":[550.206055,-583.072021,126.878845],"rotationMatrix":[0.612604141,-0.779074371,0.133263946,0.685192764,0.607511759,0.401796341,-0.393988669,-0.15483062,0.905980349],"scale":1.02478552,"type":"deadbranch_01"}
{"ctxid":0,"pos":[550.410889,-578.413269,128.048248],"rotationMatrix":[-0.885721207,-0.418913722,-0.200021565,0.4324103,-0.901265979,-0.0272084549,-0.168874711,-0.11059051,0.979413629],"scale":0.707766831,"type":"deadbranch_01"}
{"ctxid":0,"pos":[552.420593,-577.455139,128.82196],"rotationMatrix":[-0.719892621,-0.657146275,-0.22341232,0.643906415,-0.752467752,0.13847883,-0.259111464,-0.0441667251,0.964837074],"scale":0.785945833,"type":"deadbranch_01"}
{"ctxid":0,"pos":[553.322937,-577.461426,129.204529],"rotationMatrix":[0.545164108,0.795257509,0.265257418,-0.799399436,0.588440955,-0.121234149,-0.252500713,-0.145954162,0.956525385],"scale":1.03978133,"type":"deadbranch_01"}
{"ctxid":0,"pos":[550.454041,-581.44281,127.662148],"rotationMatrix":[-0.68749702,-0.597358584,-0.412929118,0.593963265,-0.789708972,0.153516397,-0.417798162,-0.13972266,0.897731721],"scale":0.95237124,"type":"deadbranch_01"}
{"ctxid":0,"pos":[599.338379,-684.039429,125.747002],"rotationMatrix":[0.088476181,-0.996077657,0.00107562914,0.992811322,0.0882733464,0.0808289945,-0.0806069076,-0.00608354062,0.996727407],"scale":1.04287505,"type":"deadbranch_01"}
{"ctxid":0,"pos":[596.87738,-682.324585,125.404465],"rotationMatrix":[0.791351676,0.608418882,0.059908051,-0.607511461,0.793563485,-0.034449216,-0.0685003996,-0.00913338643,0.997609258],"scale":1.0858984,"type":"deadbranch_01"}
{"ctxid":0,"pos":[595.624084,-685.719727,125.180496],"rotationMatrix":[0.855927825,-0.515362263,0.0422992334,0.514178276,0.85692364,0.0360900275,-0.0548466519,-0.00914110895,0.998452961],"scale":0.622221828,"type":"deadbranch_01"}
{"ctxid":0,"pos":[596.882751,-681.577332,125.420547],"rotationMatrix":[0.948613465,-0.310624868,0.0603708178,0.30926618,0.950472832,0.0309158638,-0.0669840574,-0.0106565533,0.997697115],"scale":1.03515887,"type":"deadbranch_01"}
{"ctxid":0,"pos":[598.386902,-682.204224,125.615852],"rotationMatrix":[-0.906644344,0.418021172,-0.0570438169,-0.416543752,-0.908391237,-0.0362827666,-0.0669850782,-0.00913432613,0.997712135],"scale":1.13430572,"type":"deadbranch_01"}
{"ctxid":0,"pos":[593.006714,-683.993896,124.951797],"rotationMatrix":[-0.107375503,0.994217038,0.00164447911,-0.993365884,-0.107214808,-0.0415797979,-0.0411630347,-0.00609822758,0.999133825],"scale":0.683144689,"type":"deadbranch_01"}
{"ctxid":0,"pos":[599.722229,-685.252258,125.802979],"rotationMatrix":[-0.630303979,-0.773702025,-0.0640465468,0.771327496,-0.633460283,0.0614971519,-0.0881514102,-0.0106389616,0.996050298],"scale":1.17246079,"type":"deadbranch_01"}
{"ctxid":0,"pos":[582.277527,-642.639526,125.409897],"rotationMatrix":[-0.95456636,0.294078678,-0.0481693558,-0.292324692,-0.955470324,-0.0402768999,-0.0578689836,-0.024365887,0.998026788],"scale":0.604612648,"type":"deadbranch_01"}
{"ctxid":0,"pos":[579.07782,-645.644104,125.09462],"rotationMatrix":[-0.999381304,-0.027580265,-0.0218120161,0.0279360637,-0.999478579,-0.0161791388,-0.0213544238,-0.0167784747,0.999631166],"scale":0.851729155,"type":"deadbranch_01"}
{"ctxid":0,"pos":[586.161865,-645.022827,125.874023],"rotationMatrix":[-0.49848783,-0.862964511,-0.0824751854,0.85860157,-0.504608274,0.0904101282,-0.119638383,-0.0257449672,0.992483675],"scale":0.875449419,"type":"deadbranch_01"}
{"ctxid":0,"pos":[584.683533,-642.316223,125.757668],"rotationMatrix":[-0.961095095,0.266525,-0.0725246295,-0.26326409,-0.96334815,-0.0514930598,-0.0835906938,-0.0303966142,0.99603647],"scale":0.881808519,"type":"deadbranch_01"}
{"ctxid":0,"pos":[586.735474,-642.881531,126.157257],"rotationMatrix":[0.771972895,0.625472426,0.113322869,-0.624010324,0.779658556,-0.0523798428,-0.121115297,-0.0302788205,0.992176533],"scale":0.740567267,"type":"deadbranch_01"}
{"ctxid":0,"pos":[585.714722,-644.63446,125.803024],"rotationMatrix":[-0.770030737,0.635543525,-0.0560082942,-0.630334079,-0.771406889,-0.0872364193,-0.0986477286,-0.031870801,0.994611919],"scale":0.966664255,"type":"deadbranch_01"}
{"ctxid":0,"pos":[575.848572,-665.792542,124.519592],"rotationMatrix":[-0.880756259,-0.473183811,-0.0191153288,0.473272324,-0.880916119,-0.000121308491,-0.0167816021,-0.00915359985,0.999817252],"scale":0.749494076,"type":"deadbranch_01"}
{"ctxid":0,"pos":[563.774109,-633.045532,124.680618],"rotationMatrix":[-0.902851462,-0.428803444,-0.0314096175,0.428974688,-0.903315306,0.00140990596,-0.0289773643,-0.0122009953,0.999505579],"scale":0.987247825,"type":"deadbranch_01"}
{"ctxid":0,"pos":[558.40918,-618.225769,124.801414],"rotationMatrix":[0.95591563,0.291115254,0.0384343341,-0.291539818,0.956540942,0.00582356751,-0.0350686833,-0.0167719796,0.999244153],"scale":0.983293891,"type":"deadbranch_01"}
{"ctxid":0,"pos":[521.669922,-539.777222,124.258797],"rotationMatrix":[-0.843963742,-0.536322296,-0.00912247598,0.536391199,-0.84392488,-0.00866488088,-0.00305151567,-0.0122060636,0.999920845],"scale":0.935636997,"type":"deadbranch_01"}
{"ctxid":0,"pos":[532.648132,-559.440002,124.304474],"rotationMatrix":[-0.866506815,0.498706013,-0.021392718,-0.498882502,-0.866662025,0.00352821732,-0.0167807192,0.0137296803,0.999764919],"scale":0.986316323,"type":"deadbranch_01"}
{"ctxid":0,"pos":[512.798706,-909.035767,125.119659],"rotationMatrix":[-0.994655967,-0.101551913,0.0186138935,0.101012059,-0.994492292,-0.0279549249,0.0213502534,-0.0259253085,0.999435842],"scale":0.737418354,"type":"deadbranch_01"}
{"ctxid":0,"pos":[517.267761,-899.792175,124.307693],"rotationMatrix":[0.867758274,0.493253797,-0.0607968941,-0.494882077,0.868839681,-0.0144669292,0.0456868857,0.0426410921,0.998045325],"scale":1.10654461,"type":"deadbranch_01"}
{"ctxid":0,"pos":[462.48233,-821.00885,124.605751],"rotationMatrix":[0.338335991,-0.935943604,0.0976632461,0.940903068,0.334792614,-0.0511384495,0.0151657835,0.109193638,0.993904769],"scale":1.03783131,"type":"deadbranch_01"}
{"ctxid":0,"pos":[465.854675,-820.68689,124.531853],"rotationMatrix":[-0.61223042,0.790021479,-0.0322459601,-0.790532172,-0.612393856,0.00569177419,-0.0152506074,0.0289761499,0.999463737],"scale":0.628703415,"type":"deadbranch_01"}
{"ctxid":0,"pos":[419.194458,-773.247559,124.536453],"rotationMatrix":[-0.652139544,-0.758086383,0.00430366863,0.758092463,-0.652146697,-0.000323320739,0.00305172917,0.00305172917,0.999990702],"scale":0.733749628,"type":"deadbranch_01"}
{"ctxid":0,"pos":[423.035767,-773.655701,124.496948],"rotationMatrix":[0.827293694,-0.561695099,-0.00914864615,0.561471224,0.827275336,-0.0191170983,0.0183064323,0.0106787514,0.99977541],"scale":0.949844837,"type":"deadbranch_01"}
{"ctxid":0,"pos":[421.759521,-775.213806,124.53215],"rotationMatrix":[-0.23669517,0.971583605,-0.000760182273,-0.971579075,-0.236691475,0.00332618668,0.00305173988,0.00152586983,0.999994159],"scale":0.73150444,"type":"deadbranch_01"}
{"ctxid":0,"pos":[427.875061,-784.152222,124.51371],"rotationMatrix":[0.772969663,-0.634431839,-0.00374976569,0.6344136,0.772977293,-0.0050516231,0.00610339455,0.00152584875,0.999980211],"scale":1.14613438,"type":"deadbranch_01"}
{"ctxid":0,"pos":[426.19043,-790.308899,124.546005],"rotationMatrix":[-0.093382597,0.99562639,-0.00275342911,-0.995625556,-0.0933732986,0.00332336081,0.00305172894,0.00305172894,0.999990702],"scale":0.680842996,"type":"deadbranch_01"}
{"ctxid":0,"pos":[428.739868,-792.43158,124.537727],"rotationMatrix":[-0.8370682,0.547092378,0.00255452935,-0.547089875,-0.837072134,0.0016695857,0.00305174338,0,0.999995351],"scale":0.695797801,"type":"deadbranch_01"}
{"ctxid":0,"pos":[429.034027,-790.597046,124.529823],"rotationMatrix":[0.759257615,0.650786042,-0.00231707003,-0.650783062,0.759261131,0.00198603235,0.00305174338,-1.16415322e-10,0.999995351],"scale":1.05597341,"type":"deadbranch_01"}
{"ctxid":0,"pos":[431.351959,-795.012756,124.530975],"rotationMatrix":[-0.0228061676,0.999738812,-0.00145588163,-0.999735236,-0.0228015184,0.00308574224,0.00305174012,0.00152587006,0.999994159],"scale":0.938844085,"type":"deadbranch_01"}
{"ctxid":0,"pos":[387.025238,-749.329285,125.138344],"rotationMatrix":[-0.961256385,-0.275595993,0.00570250442,0.27554962,-0.960111499,0.0475177132,-0.00762065174,0.0472480394,0.998854101],"scale":1.14544499,"type":"deadbranch_01"}
{"ctxid":0,"pos":[381.559326,-743.539795,124.910339],"rotationMatrix":[0.545009851,-0.838341475,-0.0121564958,0.837181926,0.544932365,-0.0466381572,0.04572317,0.0152410567,0.998837888],"scale":0.716833949,"type":"deadbranch_01"}
{"ctxid":0,"pos":[395.280121,-746.313416,125.066689],"rotationMatrix":[0.650926113,0.75908035,-0.00959923025,-0.759102762,0.650968254,0.00181830046,0.00762903038,0.00610322412,0.999952257],"scale":0.769681692,"type":"deadbranch_01"}
{"ctxid":0,"pos":[394.9151,-745.521484,125.065514],"rotationMatrix":[0.228952765,-0.973436594,0.00122392364,0.973407507,0.228935719,-0.00812516548,0.00762913562,0.00305165444,0.999966264],"scale":0.638358474,"type":"deadbranch_01"}
{"ctxid":0,"pos":[399.340027,-748.396362,125.006958],"rotationMatrix":[0.852112532,-0.523352563,-0.00250823912,0.523302972,0.852082074,-0.0104933558,0.00762895029,0.00762895076,0.999941826],"scale":0.99015224,"type":"deadbranch_01"}
{"ctxid":0,"pos":[403.292999,-759.487488,125.136398],"rotationMatrix":[-0.553334713,0.831385911,-0.0511680394,-0.832957566,-0.552176476,0.035815727,0.00152290054,0.0624388941,0.99804765],"scale":1.13017762,"type":"deadbranch_01"}
{"ctxid":0,"pos":[399.996521,-757.799316,125.080124],"rotationMatrix":[-0.378677011,0.92522043,0.0238929838,-0.917956054,-0.378749132,0.117922679,0.118153915,0.0227219015,0.992735267],"scale":1.00281799,"type":"deadbranch_01"}
{"ctxid":0,"pos":[399.703278,-738.912903,124.995796],"rotationMatrix":[0.991042852,-0.133357361,-0.00706628058,0.133404896,0.99103868,0.00674678572,0.00610322412,-0.00762903038,0.999952257],"scale":1.07751787,"type":"deadbranch_01"}
{"ctxid":0,"pos":[403.283905,-736.576782,124.95723],"rotationMatrix":[-0.927524209,-0.373646349,0.00931677409,0.373510152,-0.927525878,-0.0136211365,0.0137310401,-0.00915402547,0.999863803],"scale":1.01444197,"type":"deadbranch_01"}
{"ctxid":0,"pos":[393.480835,-701.527954,125.515099],"rotationMatrix":[-0.996103287,-0.0685402304,0.0554985143,0.0702636242,-0.997085452,0.0297190212,0.0532998256,0.0335027464,0.998016357],"scale":1.16082931,"type":"deadbranch_01"}
{"ctxid":0,"pos":[388.443207,-699.872498,126.064209],"rotationMatrix":[0.299461663,0.952741504,-0.0510508269,-0.949147463,0.302927136,0.085756734,0.097168684,0.0227739066,0.995007336],"scale":1.12338305,"type":"deadbranch_01"}
{"ctxid":0,"pos":[195.126648,-513.731873,125.923866],"rotationMatrix":[0.997477174,0.0656299368,-0.0270563401,-0.0666682199,0.996995091,-0.0394472927,0.0243861154,0.0411515683,0.998855293],"scale":0.878370285,"type":"deadbranch_01"}
{"ctxid":0,"pos":[191.818237,-515.948425,126.18576],"rotationMatrix":[0.952432215,-0.304728478,-0.00366336945,0.304563373,0.952199817,-0.0235942677,0.010678106,0.0213562138,0.999714911],"scale":0.623025775,"type":"deadbranch_01"}
{"ctxid":0,"pos":[200.417023,-519.305969,126.094742],"rotationMatrix":[0.934485197,-0.355958372,-0.00556871947,0.355675071,0.934183121,-0.0282343719,0.0152524663,0.0244039465,0.999585807],"scale":1.08695269,"type":"deadbranch_01"}
{"ctxid":0,"pos":[199.280289,-520.47876,126.171341],"rotationMatrix":[-0.977871537,0.209080547,0.00725447759,-0.208933622,-0.977779388,0.01715138,0.010679299,0.0152561422,0.99982661],"scale":0.956733823,"type":"deadbranch_01"}
{"ctxid":0,"pos":[194.349136,-517.45343,126.169739],"rotationMatrix":[0.522875667,-0.852367222,0.00842670817,0.852298319,0.522623062,-0.021274047,0.0137293125,0.0183057506,0.999738157],"scale":0.710494637,"type":"deadbranch_01"}
{"ctxid":0,"pos":[155.977661,-502.820801,126.285477],"rotationMatrix":[0.188321054,0.950711071,-0.246340424,-0.982067525,0.180030882,-0.0559657067,-0.00885833055,0.252462447,0.967566133],"scale":0.996323168,"type":"deadbranch_01"}
{"ctxid":0,"pos":[154.35202,-500.95871,125.052643],"rotationMatrix":[-0.0776261091,0.985480964,-0.151000798,-0.996612728,-0.0808262825,-0.0151630044,-0.027147688,0.149312288,0.988417327],"scale":1.03237593,"type":"deadbranch_01"}
{"ctxid":0,"pos":[152.36879,-506.178253,127.468018],"rotationMatrix":[-0.658319116,-0.73856616,0.145380422,0.7495327,-0.66097939,0.0361445658,0.0693983436,0.13276206,0.988715351],"scale":0.775581837,"type":"deadbranch_01"}
{"ctxid":0,"pos":[155.588257,-504.387268,126.732193],"rotationMatrix":[0.0171371102,-0.994422078,0.104070798,0.999190331,0.0132439137,-0.0379858315,0.0363956653,0.104637519,0.993844211],"scale":0.810504675,"type":"deadbranch_01"}
{"ctxid":0,"pos":[151.545547,-500.217804,124.768265],"rotationMatrix":[0.57334435,0.806962371,-0.141731843,-0.819176197,0.567783713,-0.0810682178,0.0150540173,0.162583366,0.986579955],"scale":0.608785331,"type":"deadbranch_01"}
{"ctxid":0,"pos":[153.257568,-503.542908,126.636978],"rotationMatrix":[0.898830652,0.424393207,-0.109516144,-0.438293487,0.871157706,-0.221321151,0.0014786236,0.246930465,0.969032049],"scale":0.793562651,"type":"deadbranch_01"}
{"ctxid":0,"pos":[155.188339,-507.016083,127.271072],"rotationMatrix":[-0.99700141,-0.0319886617,0.0704599023,0.0362406857,-0.997545004,0.0599190071,0.0683702081,0.062292859,0.995713353],"scale":0.919933319,"type":"deadbranch_01"}
{"ctxid":0,"pos":[596.486267,-690.238953,125.238747],"rotationMatrix":[0.914043605,-0.402240604,0.0522183999,0.401680142,0.915532708,0.0212808736,-0.0563676879,0.00152345188,0.998408914],"scale":1.03548169,"type":"deadbranch_01"}
{"ctxid":0,"pos":[602.656677,-698.02832,130.351242],"rotationMatrix":[0.0962370634,-0.865362048,0.491819978,0.720483661,0.401483357,0.565432906,-0.686761737,0.299932659,0.662116885],"scale":0.91584295,"type":"deadbranch_01"}
{"ctxid":0,"pos":[598.651855,-693.159973,125.52993],"rotationMatrix":[-0.638879895,0.767407537,-0.0540206321,-0.76676929,-0.640899301,-0.0362346657,-0.0624285378,0.0182717666,0.997882187],"scale":0.996115685,"type":"deadbranch_01"}
{"ctxid":0,"pos":[603.60199,-696.824524,131.21965],"rotationMatrix":[-0.242635012,0.969122231,0.0439320803,-0.741364181,-0.156023502,-0.652714014,-0.625705302,-0.190941095,0.756329536],"scale":1.03121638,"type":"deadbranch_01"}
{"ctxid":0,"pos":[594.25531,-694.337097,124.975296],"rotationMatrix":[-0.956497073,-0.286507279,-0.0550170355,0.286827058,-0.957979918,0.00216236571,-0.0533247478,-0.0137120783,0.998483062],"scale":1.11211789,"type":"deadbranch_01"}
{"ctxid":0,"pos":[589.73175,-705.734863,124.378693],"rotationMatrix":[0.115575969,-0.993257225,-0.00905508921,0.992507279,0.115115345,0.0409564637,-0.0396379307,-0.0137208216,0.999119878],"scale":1.13344026,"type":"deadbranch_01"}
{"ctxid":0,"pos":[748.566223,-761.116089,126.169426],"rotationMatrix":[0.825943708,-0.563752592,0,0.563752592,0.825943708,0,0,0,1],"scale":1.02411532,"type":"deadbranch_01"}
{"ctxid":0,"pos":[745.511414,-765.32135,125.30542],"rotationMatrix":[-0.594347775,-0.804208219,0,0.804208219,-0.594347775,0,0,0,1],"scale":0.885285735,"type":"deadbranch_01"}
{"ctxid":0,"pos":[749.25946,-758.818359,126.789566],"rotationMatrix":[0.529132426,-0.848539174,0,0.848539174,0.529132426,0,0,0,1],"scale":1.09924471,"type":"deadbranch_01"}
{"ctxid":0,"pos":[754.94812,-755.97699,127.997986],"rotationMatrix":[-0.19880636,0.980038762,0,-0.980038762,-0.19880636,0,0,0,1],"scale":0.692364991,"type":"deadbranch_01"}
{"ctxid":0,"pos":[753.319641,-758.495178,127.287659],"rotationMatrix":[-0.232682481,0.972552657,0,-0.972552657,-0.232682481,0,0,0,1],"scale":0.779805541,"type":"deadbranch_01"}
{"ctxid":0,"pos":[753.877014,-758.442383,127.300278],"rotationMatrix":[0.99814117,-0.0609434173,0,0.0609434173,0.99814117,0,0,0,1],"scale":0.770634055,"type":"deadbranch_01"}
{"ctxid":0,"pos":[739.763672,-760.07843,126.692902],"rotationMatrix":[-0.13377741,-0.991011441,0,0.991011441,-0.13377741,0,0,0,1],"scale":0.800156295,"type":"deadbranch_01"}
{"ctxid":0,"pos":[740.276001,-757.65448,127.82666],"rotationMatrix":[-0.623782098,0.781598151,0,-0.781598151,-0.623782098,0,0,0,1],"scale":1.05927658,"type":"deadbranch_01"}
{"ctxid":0,"pos":[743.794922,-759.270447,126.487961],"rotationMatrix":[-0.65891856,0.752214313,0,-0.752214313,-0.65891856,0,0,0,1],"scale":0.746671081,"type":"deadbranch_01"}
{"ctxid":0,"pos":[797.020142,-781.058044,125.596954],"rotationMatrix":[0.172572494,0.979444981,0.1044311,-0.98443079,0.175094366,-0.0154133067,-0.0333817676,-0.100145303,0.994412661],"scale":0.698999166,"type":"deadbranch_01"}
{"ctxid":0,"pos":[802.401855,-786.84021,124.795219],"rotationMatrix":[0.434876025,-0.897362947,-0.0749831796,0.900120258,0.430800796,0.0647621006,-0.0258123055,-0.0956573635,0.995079577],"scale":0.712942898,"type":"deadbranch_01"}
{"ctxid":0,"pos":[810.101807,-783.380005,128.656967],"rotationMatrix":[-0.950342298,0.217139095,-0.222934067,-0.164803952,-0.958810568,-0.23134695,-0.263986081,-0.183118448,0.946984172],"scale":0.627338052,"type":"deadbranch_01"}
{"ctxid":0,"pos":[806.948914,-784.210876,125.511879],"rotationMatrix":[-0.771586537,0.63462615,0.0436321832,-0.635977149,-0.768115997,-0.0743687376,-0.0136817666,-0.085130997,0.996275842],"scale":0.846775293,"type":"deadbranch_01"}
{"ctxid":0,"pos":[806.45105,-786.27063,125.126755],"rotationMatrix":[-0.986443996,0.163859636,-0.00883629173,-0.16205734,-0.981230378,-0.104518756,-0.0257968456,-0.101669922,0.99448365],"scale":1.02878594,"type":"deadbranch_01"}
{"ctxid":0,"pos":[806.679871,-783.46167,125.624313],"rotationMatrix":[0.0251126885,-0.996697843,-0.0772179812,0.999590814,0.0239775181,0.0155932084,-0.0136902295,-0.0775779709,0.996892273],"scale":0.714036465,"type":"deadbranch_01"}
{"ctxid":0,"pos":[807.212952,-784.587463,125.45282],"rotationMatrix":[-0.577890754,-0.812685132,-0.0747340545,0.816063166,-0.576450229,-0.0417859405,-0.00912164897,-0.0851354152,0.996327639],"scale":0.975635767,"type":"deadbranch_01"}
{"ctxid":0,"pos":[806.477905,-777.412903,128.851761],"rotationMatrix":[-0.630531669,-0.775587082,0.0299023371,0.77422297,-0.631210804,-0.0463819467,0.0548479259,-0.00609421358,0.998476148],"scale":0.863946855,"type":"deadbranch_01"}
{"ctxid":0,"pos":[792.952576,-771.878113,128.4702],"rotationMatrix":[0.496359944,0.867734015,0.0257729553,-0.862995446,0.496434331,-0.0937632322,-0.0941561311,0.0242983587,0.995260894],"scale":0.639122009,"type":"deadbranch_01"}
{"ctxid":0,"pos":[792.319397,-773.309509,128.445251],"rotationMatrix":[0.0884279013,-0.995799124,0.0237597562,0.987549603,0.0907609463,0.128483862,-0.130100578,0.0121023841,0.991426945],"scale":1.12475908,"type":"deadbranch_01"}
{"ctxid":0,"pos":[820.711304,-777.549683,128.467957],"rotationMatrix":[-0.815613866,0.578564823,0.00602033595,-0.578588068,-0.81561327,-0.00321239838,0.00305168657,-0.00610337267,0.999976695],"scale":0.806463838,"type":"deadbranch_01"}
{"ctxid":0,"pos":[819.304626,-780.652527,129.212616],"rotationMatrix":[-0.489389062,0.872064114,0.00149349729,-0.872060061,-0.489391327,0.00266131619,0.00305174338,0,0.999995351],"scale":1.01442242,"type":"deadbranch_01"}
{"ctxid":0,"pos":[821.080444,-782.145752,129.30864],"rotationMatrix":[0.99995023,0.00997412764,1.52193124e-05,-0.00997413881,0.999949098,0.00152580126,0,-0.00152587716,0.999998808],"scale":0.89556706,"type":"deadbranch_01"}
{"ctxid":0,"pos":[976.369446,-653.628601,127.897614],"rotationMatrix":[-0.992462635,-0.122546993,0,0.122546993,-0.992462635,0,0,0,1],"scale":1.0009656,"type":"deadbranch_01"}
{"ctxid":0,"pos":[974.18927,-655.29895,127.726974],"rotationMatrix":[-0.62574017,-0.780031502,0,0.780031502,-0.62574017,0,0,0,1],"scale":0.929052055,"type":"deadbranch_01"}
{"ctxid":0,"pos":[968.057678,-644.539856,126.994904],"rotationMatrix":[-0.979197025,0.202911437,0,-0.202911437,-0.979197025,0,0,0,1],"scale":0.76237911,"type":"deadbranch_01"}
{"ctxid":0,"pos":[967.789795,-642.381775,126.890396],"rotationMatrix":[0.680898905,-0.73237747,0,0.73237747,0.680898905,0,0,0,1],"scale":0.716774464,"type":"deadbranch_01"}
{"ctxid":0,"pos":[966.673828,-647.075989,127.263809],"rotationMatrix":[-0.995618463,-0.0935089067,0,0.0935089067,-0.995618463,0,0,0,1],"scale":0.747670889,"type":"deadbranch_01"}
{"ctxid":0,"pos":[965.445862,-644.814087,127.12529],"rotationMatrix":[-0.925192058,-0.379499227,0,0.379499227,-0.925192058,0,0,0,1],"scale":0.699713647,"type":"deadbranch_01"}
{"ctxid":0,"pos":[966.097778,-648.519104,127.401192],"rotationMatrix":[-0.940219164,0.340570003,0,-0.340570003,-0.940219164,0,0,0,1],"scale":0.699409306,"type":"deadbranch_01"}
{"ctxid":0,"pos":[974.672241,-660.383728,128.28418],"rotationMatrix":[-0.989695311,0.143189177,0,-0.143189177,-0.989695311,0,0,0,1],"scale":1.1957463,"type":"deadbranch_01"}
{"ctxid":0,"pos":[970.182007,-663.784973,128.189453],"rotationMatrix":[0.253766656,-0.967265487,0,0.967265487,0.253766656,0,0,0,1],"scale":0.963305175,"type":"deadbranch_01"}
{"ctxid":0,"pos":[974.188904,-678.168091,128.451721],"rotationMatrix":[-0.650667787,0.7593624,0,-0.7593624,-0.650667787,0,0,0,1],"scale":0.675216556,"type":"deadbranch_01"}
{"ctxid":0,"pos":[975.186523,-679.17926,128.497269],"rotationMatrix":[0.999699056,0.0245315898,0,-0.0245315898,0.999699056,0,0,0,1],"scale":1.04076338,"type":"deadbranch_01"}
{"ctxid":0,"pos":[975.386108,-693.646973,128.523438],"rotationMatrix":[0.354771465,-0.934952974,0,0.934952974,0.354771465,0,0,0,1],"scale":0.606856227,"type":"deadbranch_01"}
{"ctxid":0,"pos":[975.500427,-692.223694,128.560547],"rotationMatrix":[-0.842259407,-0.539072394,0,0.539072394,-0.842259407,0,0,0,1],"scale":0.907864809,"type":"deadbranch_01"}
{"ctxid":0,"pos":[974.028931,-695.404602,128.573929],"rotationMatrix":[0.822882295,0.568211973,0,-0.568211973,0.822882295,0,0,0,1],"scale":0.909437418,"type":"deadbranch_01"}
{"ctxid":0,"pos":[977.703735,-693.622681,128.370605],"rotationMatrix":[0.969658732,-0.244462326,0,0.244462326,0.969658732,0,0,0,1],"scale":1.03002489,"type":"deadbranch_01"}
{"ctxid":0,"pos":[976.223877,-693.507935,128.569077],"rotationMatrix":[0.701548219,-0.712621868,0,0.712621868,0.701548219,0,0,0,1],"scale":0.710640848,"type":"deadbranch_01"}
{"ctxid":0,"pos":[976.117737,-692.731995,128.540771],"rotationMatrix":[-0.926241517,0.376930773,0,-0.376930773,-0.926241517,0,0,0,1],"scale":0.754601598,"type":"deadbranch_01"}
{"ctxid":0,"pos":[972.830933,-694.166748,128.56723],"rotationMatrix":[0.786463261,-0.617637098,0,0.617637098,0.786463261,0,0,0,1],"scale":1.08874452,"type":"deadbranch_01"}
{"ctxid":0,"pos":[975.990234,-707.084839,129.057755],"rotationMatrix":[0.96289289,-0.269883543,0,0.269883543,0.96289289,0,0,0,1],"scale":0.803886652,"type":"deadbranch_01"}
{"ctxid":0,"pos":[970.977051,-727.884949,129.616913],"rotationMatrix":[0.585009456,-0.811026514,0,0.811026514,0.585009456,0,0,0,1],"scale":1.11728418,"type":"deadbranch_01"}
{"ctxid":0,"pos":[972.144836,-725.259277,129.630707],"rotationMatrix":[-0.0758784041,0.997117043,0,-0.997117043,-0.0758784041,0,0,0,1],"scale":0.998349786,"type":"deadbranch_01"}
{"ctxid":0,"pos":[970.696045,-723.528931,129.380676],"rotationMatrix":[-0.840093374,-0.542441905,0,0.542441905,-0.840093374,0,0,0,1],"scale":0.775445819,"type":"deadbranch_01"}
{"ctxid":0,"pos":[967.090149,-727.252197,129.907562],"rotationMatrix":[-0.946794271,-0.321839452,0,0.321839452,-0.946794271,0,0,0,1],"scale":0.758081317,"type":"deadbranch_01"}
{"ctxid":0,"pos":[966.72821,-722.471619,129.750046],"rotationMatrix":[0.0361729935,-0.999345541,0,0.999345541,0.0361729935,0,0,0,1],"scale":0.779380679,"type":"deadbranch_01"}
{"ctxid":0,"pos":[962.976379,-747.004517,129.426422],"rotationMatrix":[-0.773827136,-0.633396804,0,0.633396804,-0.773827136,0,0,0,1],"scale":0.946347237,"type":"deadbranch_01"}
{"ctxid":0,"pos":[964.015686,-748.372681,129.196426],"rotationMatrix":[-0.686135113,0.727474153,0,-0.727474153,-0.686135113,0,0,0,1],"scale":1.19313228,"type":"deadbranch_01"}
{"ctxid":0,"pos":[966.848694,-751.111633,128.804825],"rotationMatrix":[0.749046147,0.662517905,0,-0.662517905,0.749046147,0,0,0,1],"scale":0.928577065,"type":"deadbranch_01"}
{"ctxid":0,"pos":[966.615356,-749.303345,128.984055],"rotationMatrix":[0.239868701,0.970805407,0,-0.970805407,0.239868701,0,0,0,1],"scale":1.19189501,"type":"deadbranch_01"}
{"ctxid":0,"pos":[720.550598,-111.206146,124.360275],"rotationMatrix":[-0.974294424,0.225259855,-0.00286153238,-0.225272849,-0.974279404,0.00560279097,-0.00152584864,0.00610339455,0.999980211],"scale":0.6397686,"type":"deadbranch_01"}
{"ctxid":0,"pos":[707.300598,-99.0813446,124.425377],"rotationMatrix":[-0.211726427,-0.97730267,0.00713315792,0.977327466,-0.211709142,0.00310649816,-0.00152583234,0.0076291617,0.999969721],"scale":1.06546116,"type":"deadbranch_01"}
{"ctxid":0,"pos":[705.274841,-94.4343033,124.360542],"rotationMatrix":[-0.619892716,0.784676909,-0.00384340668,-0.784684896,-0.619874597,0.00498074945,0.00152584875,0.00610339455,0.999980211],"scale":0.6135813,"type":"deadbranch_01"}
{"ctxid":0,"pos":[699.443909,-84.5008698,124.341522],"rotationMatrix":[0.6573897,-0.753550828,0,0.753550828,0.6573897,0,0,0,1],"scale":0.768542647,"type":"deadbranch_01"}
{"ctxid":0,"pos":[688.671814,-72.1750717,124.45121],"rotationMatrix":[0.934344292,-0.356297702,-0.00726153702,0.356211632,0.934341311,-0.0109332101,0.0106802322,0.00762873795,0.999913871],"scale":1.0609839,"type":"deadbranch_01"}
{"ctxid":0,"pos":[689.443054,-75.4272308,124.48291],"rotationMatrix":[-0.377927899,-0.925702393,0.0156542938,0.925709069,-0.37810111,-0.0100866426,0.0152561413,0.010679299,0.99982661],"scale":0.905582547,"type":"deadbranch_01"}
{"ctxid":0,"pos":[774.030884,-175.814316,124.498222],"rotationMatrix":[0.581130147,0.813718498,-0.0122383889,-0.813787639,0.581160903,-0.00124050071,0.00610305369,0.010680344,0.999924362],"scale":0.859047472,"type":"deadbranch_01"}
{"ctxid":0,"pos":[772.098022,-171.243622,124.435638],"rotationMatrix":[0.0695769191,-0.997538507,0.00870807469,0.997557819,0.0695195794,-0.00672508031,0.00610314589,0.00915471837,0.999939442],"scale":0.855667174,"type":"deadbranch_01"}
{"ctxid":0,"pos":[759.065186,-151.298874,124.400032],"rotationMatrix":[-0.0431753397,0.9990291,-0.00875110179,-0.999025524,-0.0430915356,0.00954086799,0.00915450603,0.0091545051,0.999916196],"scale":0.913353205,"type":"deadbranch_01"}
{"ctxid":0,"pos":[755.322021,-152.693924,124.533112],"rotationMatrix":[0.8380813,0.545151651,-0.0207215995,-0.545287192,0.83824861,-0.00108006177,0.0167810544,0.0122044031,0.999784708],"scale":1.11190021,"type":"deadbranch_01"}
{"ctxid":0,"pos":[754.980652,-157.594635,124.697472],"rotationMatrix":[0.522425056,0.852230012,-0.0278560705,-0.852290809,0.522898197,0.0133317057,0.025927566,0.0167766605,0.999523044],"scale":0.987193108,"type":"deadbranch_01"}
{"ctxid":0,"pos":[757.601501,-152.562836,124.460938],"rotationMatrix":[-0.0732073784,0.997284353,-0.00801335089,-0.997199833,-0.0730736256,0.0158850737,0.0152563713,0.00915382337,0.99984169],"scale":1.05884755,"type":"deadbranch_01"}
{"ctxid":0,"pos":[756.794128,-150.823608,124.443954],"rotationMatrix":[0.890203059,-0.455492705,-0.00805491768,0.455356926,0.890192449,-0.0144033311,0.0137310401,0.0091540264,0.999863803],"scale":0.820354283,"type":"deadbranch_01"}
{"ctxid":0,"pos":[768.785095,-176.106628,124.616791],"rotationMatrix":[-0.173727393,-0.984630287,0.0179402251,0.984650791,-0.173983812,-0.0138722528,0.0167803522,0.0152548645,0.999742806],"scale":0.794487596,"type":"deadbranch_01"}
{"ctxid":0,"pos":[765.742737,-177.912491,124.824844],"rotationMatrix":[-0.987373114,-0.153743088,0.0381709784,0.154481202,-0.987846017,0.0171884522,0.0350644514,0.0228681192,0.999123394],"scale":1.18350804,"type":"deadbranch_01"}
{"ctxid":0,"pos":[769.111633,-178.60228,124.687851],"rotationMatrix":[0.843253851,0.537000775,-0.0235192068,-0.537299037,0.843348622,-0.00853048824,0.0152540132,0.0198302157,0.999687016],"scale":0.740830302,"type":"deadbranch_01"}
{"ctxid":0,"pos":[770.277832,-180.345581,124.71962],"rotationMatrix":[-0.404088259,-0.914299846,0.0277091563,0.914565802,-0.404390454,-0.00609491579,0.0167779103,0.0228789654,0.99959743],"scale":0.690300167,"type":"deadbranch_01"}
{"ctxid":0,"pos":[807.518127,-218.16394,124.845688],"rotationMatrix":[-0.816136718,0.577404559,0.0228987113,-0.576165855,-0.816137791,0.0441755354,0.0441956669,0.0228598285,0.998761296],"scale":1.19415128,"type":"deadbranch_01"}
{"ctxid":0,"pos":[811.873901,-219.323212,124.567078],"rotationMatrix":[-0.868843079,-0.494160265,0.0302851293,0.494146913,-0.86933732,-0.00844764896,0.0305024888,0.00762562221,0.999505579],"scale":0.821254253,"type":"deadbranch_01"}
{"ctxid":0,"pos":[825.35553,-224.510437,124.326096],"rotationMatrix":[0.621310115,-0.783560336,0.00263881078,0.783563316,0.62129885,-0.00403970294,0.00152586121,0.00457758363,0.999988377],"scale":1.13409126,"type":"deadbranch_01"}
{"ctxid":0,"pos":[823.152344,-221.724808,124.32074],"rotationMatrix":[-0.554780841,-0.831990898,0.00296257483,0.83199054,-0.554786682,-0.00169249612,0.00305173965,0.00152586994,0.999994159],"scale":0.620122194,"type":"deadbranch_01"}
{"ctxid":0,"pos":[869.055847,-262.176697,124.557129],"rotationMatrix":[-0.679238439,-0.733914435,-0.0021563,0.733915985,-0.679240108,8.34287493e-05,-0.00152587518,-0.00152587518,0.999997675],"scale":0.708240628,"type":"deadbranch_01"}
{"ctxid":0,"pos":[904.351807,-317.115234,124.61821],"rotationMatrix":[0.113412857,0.992810845,-0.0382614173,-0.993406296,0.113962591,0.0125005655,0.0167710632,0.0365914144,0.999189556],"scale":1.13337505,"type":"deadbranch_01"}
{"ctxid":0,"pos":[931.712219,-106.205399,126.249573],"rotationMatrix":[-0.771778345,-0.633619905,-0.0536989309,0.634246349,-0.773102403,0.00661993399,-0.0457093082,-0.0289492309,0.998535216],"scale":0.665404797,"type":"deadbranch_01"}
{"ctxid":0,"pos":[930.445618,-103.588219,126.23954],"rotationMatrix":[0.505493402,-0.862825871,0.00280600134,0.862343669,0.505314827,0.0319402516,-0.0289767906,-0.0137258479,0.99948585],"scale":0.693317115,"type":"deadbranch_01"}
{"ctxid":0,"pos":[921.308655,-99.9888687,125.395973],"rotationMatrix":[0.662978113,0.74684912,0.0517330021,-0.746030867,0.664852262,-0.0375421084,-0.0624330938,-0.0137048252,0.997955024],"scale":0.775610805,"type":"deadbranch_01"}
{"ctxid":0,"pos":[923.769592,-98.8377457,125.874809],"rotationMatrix":[-0.873043895,-0.479005516,-0.0913647413,0.478462279,-0.877622247,0.0291949362,-0.0941683054,-0.0182261206,0.995389462],"scale":1.00767303,"type":"deadbranch_01"}
{"ctxid":0,"pos":[909.266235,-83.9722061,125.032417],"rotationMatrix":[0.705652177,0.706823647,0.0495496877,-0.706549108,0.70719111,-0.02586383,-0.0533222668,-0.016758427,0.998436749],"scale":1.16146362,"type":"deadbranch_01"}
{"ctxid":0,"pos":[908.594604,-82.1714325,125.046967],"rotationMatrix":[-0.397362828,0.917611003,0.00962592661,-0.916669011,-0.396423578,-0.0506573208,-0.0426677726,-0.0289531313,0.998669684],"scale":0.64815402,"type":"deadbranch_01"}
{"ctxid":0,"pos":[918.898315,-100.975525,125.047684],"rotationMatrix":[0.0684328377,-0.997655749,0,0.997655749,0.0684328377,0,0,0,1],"scale":1.11044526,"type":"deadbranch_01"}
{"ctxid":0,"pos":[883.867676,-9.16270638,125.781586],"rotationMatrix":[-0.746136427,0.657984436,-0.101668827,-0.648826301,-0.752848387,-0.110649325,-0.149346769,-0.0165940896,0.988645613],"scale":0.730148733,"type":"deadbranch_01"}
{"ctxid":0,"pos":[883.31842,-8.34086037,125.710335],"rotationMatrix":[-0.993463755,-0.0415666066,-0.106309973,0.0456555746,-0.998296618,-0.0363216773,-0.104619123,-0.0409379154,0.99366945],"scale":0.768545389,"type":"deadbranch_01"}
{"ctxid":0,"pos":[884.968506,-11.0263395,125.937241],"rotationMatrix":[0.935806572,-0.336480379,0.105104834,0.33158803,0.941416383,0.0615184009,-0.119647145,-0.022717813,0.992556512],"scale":1.12227488,"type":"deadbranch_01"}
{"ctxid":0,"pos":[891.779297,-34.1124687,126.158707],"rotationMatrix":[0.984570563,0.0912421197,0.14931725,-0.0935948193,0.995571554,0.00879101455,-0.147853896,-0.0226306953,0.988750279],"scale":0.720788002,"type":"deadbranch_01"}
{"ctxid":0,"pos":[894.284546,-33.1797256,126.821899],"rotationMatrix":[-0.249336839,-0.966952324,-0.0532365665,0.961899161,-0.253651381,0.102033183,-0.112164758,-0.0257675797,0.993355453],"scale":0.632804036,"type":"deadbranch_01"}
{"ctxid":0,"pos":[898.302002,-55.6615868,125.879837],"rotationMatrix":[-0.949771285,0.294949472,-0.104588412,-0.289183319,-0.954931736,-0.0669158697,-0.119611628,-0.033309564,0.992261827],"scale":0.709489107,"type":"deadbranch_01"}
{"ctxid":0,"pos":[898.791016,-66.6968079,125.115585],"rotationMatrix":[-0.669152141,0.742564917,-0.0288519356,-0.73823905,-0.668696165,-0.088590689,-0.0850775242,-0.0379810408,0.995650172],"scale":0.988051534,"type":"deadbranch_01"}
{"ctxid":0,"pos":[899.917114,-69.8146515,124.97995],"rotationMatrix":[-0.932857752,0.360241205,-0.00156277977,-0.359519333,-0.931246042,-0.0593836233,-0.0228477623,-0.0548346341,0.998234034],"scale":0.917517185,"type":"deadbranch_01"}
{"ctxid":0,"pos":[886.048523,11.5866385,126.976318],"rotationMatrix":[0.983890414,-0.148402527,0.0996811688,0.147025064,0.98890841,0.0210667625,-0.1017019,-0.00607175566,0.994796395],"scale":0.625830054,"type":"deadbranch_01"}
{"ctxid":0,"pos":[883.834351,13.3837585,126.451622],"rotationMatrix":[-0.977378726,0.186707765,-0.0993514583,-0.185437143,-0.982410669,-0.0219560415,-0.101703309,-0.00303591974,0.994810164],"scale":0.600904286,"type":"deadbranch_01"}
{"ctxid":0,"pos":[884.459106,9.78760147,126.597031],"rotationMatrix":[0.552859545,0.829691947,0.0771847963,-0.818961561,0.558121681,-0.133424282,-0.153779566,0.0105534941,0.988048792],"scale":0.608606875,"type":"deadbranch_01"}
{"ctxid":0,"pos":[884.267883,-6.61829901,126.012398],"rotationMatrix":[-0.717351794,0.694658339,-0.0534407385,-0.687630951,-0.718260288,-0.106139317,-0.112114936,-0.03939173,0.99291414],"scale":1.19652581,"type":"deadbranch_01"}
{"ctxid":0,"pos":[881.505859,-7.37524319,125.413162],"rotationMatrix":[-0.17087841,0.985278308,-0.00518151745,-0.980184376,-0.170525074,-0.100794025,-0.100193769,-0.0121446997,0.994893849],"scale":0.787177801,"type":"deadbranch_01"}
{"ctxid":0,"pos":[884.190186,-1.79936028,126.21212],"rotationMatrix":[0.995075166,0.0244246721,0.0960668996,-0.0259140283,0.999562085,0.0142861912,-0.0956758931,-0.0167053137,0.995272338],"scale":0.755419672,"type":"deadbranch_01"}
{"ctxid":0,"pos":[882.741211,-5.39707375,125.768982],"rotationMatrix":[-0.170084953,-0.984582007,-0.0408522338,0.981344163,-0.173005104,0.0838595927,-0.0896343142,-0.0258268379,0.995639801],"scale":0.857320309,"type":"deadbranch_01"}
{"ctxid":0,"pos":[883.149719,-9.24983215,125.60022],"rotationMatrix":[0.958349586,0.256023467,0.126562521,-0.260060191,0.965456665,0.0161894523,-0.118045755,-0.0484290309,0.991826534],"scale":1.06696355,"type":"deadbranch_01"}
{"ctxid":0,"pos":[879.73938,-7.17402792,125.161774],"rotationMatrix":[-0.360295177,0.932724953,-0.0145508535,-0.930643678,-0.360473156,-0.0629423112,-0.0639530569,-0.00913615152,0.997911096],"scale":1.18239498,"type":"deadbranch_01"}
