{"ctxid":0,"pos":[253.512466,-524.177185,131.661682],"rotationMatrix":[-0.996174932,0.0809153914,-0.0329784825,-0.0864177495,-0.968157649,0.234951377,-0.0129171936,0.236902684,0.971447527],"scale":0.561440229,"type":"deadbranch_04"}
{"ctxid":0,"pos":[252.680679,-523.904297,131.584076],"rotationMatrix":[-0.998303652,-0.0582116358,0.000921520405,0.0567678623,-0.969787717,0.237252802,-0.0129171964,0.236902684,0.971447527],"scale":0.794698715,"type":"deadbranch_04"}
{"ctxid":0,"pos":[252.344131,-522.274292,130.881439],"rotationMatrix":[-0.350885749,-0.556438088,0.753163636,0.879110813,-0.472791791,0.0602632463,0.322557032,0.683259964,0.655066967],"scale":0.547207713,"type":"deadbranch_04"}
{"ctxid":0,"pos":[252.751755,-523.350037,131.456009],"rotationMatrix":[0.964458227,0.137135431,-0.225863338,-0.159069672,0.983866334,-0.0818775147,0.210991025,0.114895463,0.970712006],"scale":0.93968749,"type":"deadbranch_04"}
{"ctxid":0,"pos":[252.803787,-521.911499,130.75473],"rotationMatrix":[-0.286393404,-0.887836456,0.360173672,0.912214994,-0.13771832,0.385872304,-0.292988986,0.439067125,0.849339426],"scale":0.70478332,"type":"deadbranch_04"}
{"ctxid":0,"pos":[252.711548,-524.306091,131.665482],"rotationMatrix":[0.907954812,0.124256998,0.400222689,-0.0769947469,0.988235533,-0.132144988,-0.411934227,0.0891666263,0.906840384],"scale":0.92934823,"type":"deadbranch_04"}
{"ctxid":0,"pos":[254.81012,-522.691467,131.411057],"rotationMatrix":[-0.764532447,-0.550615907,0.335130274,0.610378623,-0.78553772,0.101825044,0.20719099,0.2824049,0.936653256],"scale":1.06724834,"type":"deadbranch_04"}
{"ctxid":0,"pos":[253.347916,-521.889832,130.931259],"rotationMatrix":[-0.861268997,-0.50693953,-0.0350411832,0.415178299,-0.741776347,0.526682675,-0.292989016,0.439067185,0.849339426],"scale":0.591186285,"type":"deadbranch_04"}
{"ctxid":0,"pos":[252.719574,-522.387146,130.946564],"rotationMatrix":[0.0239467621,-0.90111506,0.432917863,0.959360123,0.142505348,0.243557006,-0.281165987,0.409491867,0.86790669],"scale":0.501348853,"type":"deadbranch_04"}
{"ctxid":0,"pos":[254.39444,-521.929504,131.27327],"rotationMatrix":[0.750454664,0.568336725,-0.337359101,-0.627606273,0.772813559,-0.0941777825,0.207190961,0.28240487,0.936653256],"scale":1.05107439,"type":"deadbranch_04"}
{"ctxid":0,"pos":[254.105957,-522.587158,131.490326],"rotationMatrix":[-0.171337128,-0.922689438,0.345380247,0.940452933,-0.0487087965,0.336415738,-0.293584168,0.382454425,0.876091838],"scale":0.863675475,"type":"deadbranch_04"}
{"ctxid":0,"pos":[319.476807,-300.855927,124.616333],"rotationMatrix":[-0.457270741,0.889314651,-0.00476869941,-0.889326096,-0.457272649,0.000736224581,-0.00152586086,0.00457758317,0.999988377],"scale":0.964953721,"type":"deadbranch_04"}
{"ctxid":0,"pos":[299.375153,-298.970703,124.503708],"rotationMatrix":[0.748452425,-0.663162649,-0.00584037974,0.663125217,0.748473704,-0.00721317297,0.00915487856,0.00152581325,0.999956906],"scale":0.624540567,"type":"deadbranch_04"}
{"ctxid":0,"pos":[220.756409,-327.939331,124.774361],"rotationMatrix":[0.208604872,0.977988064,-0.0047951797,-0.977998674,0.20860976,0.000537368469,0.00152586075,0.0045775827,0.999988377],"scale":0.647126019,"type":"deadbranch_04"}
{"ctxid":0,"pos":[220.165787,-328.412323,124.777969],"rotationMatrix":[0.978547692,-0.206016898,-0.00117878837,0.206014633,0.978547215,-0.00180749781,0.0015258753,0.00152587518,0.999997675],"scale":0.702178359,"type":"deadbranch_04"}
{"ctxid":0,"pos":[157.48613,-385.669067,124.956238],"rotationMatrix":[-0.944908857,0.327183604,0.00987302978,-0.327318311,-0.944719076,-0.0191824846,0.00305104721,-0.0213573314,0.999767244],"scale":0.626940966,"type":"deadbranch_04"}
{"ctxid":0,"pos":[152.583893,-389.46991,124.8927],"rotationMatrix":[0.834620714,0.550823569,-0.0012991199,-0.550806046,0.834609151,0.00634192722,0.00457754033,-0.00457754033,0.999979019],"scale":1.10883319,"type":"deadbranch_04"}
{"ctxid":0,"pos":[148.485001,-427.186646,124.875732],"rotationMatrix":[0.876050532,-0.482173949,0.00661108643,0.481927246,0.875914752,0.0227909274,-0.0167799406,-0.0167799406,0.999718368],"scale":0.967509747,"type":"deadbranch_04"}
{"ctxid":0,"pos":[148.76329,-425.836578,124.911819],"rotationMatrix":[0.71799171,-0.695944965,0.0121858157,0.695675433,0.718069196,0.0203054938,-0.0228817649,-0.00610180339,0.99971956],"scale":1.1462158,"type":"deadbranch_04"}
{"ctxid":0,"pos":[152.965485,-429.545258,124.839348],"rotationMatrix":[0.271849573,0.9623366,-0.00245570391,-0.962135375,0.271843493,0.019914927,0.0198324304,-0.003051145,0.999798656],"scale":1.00686693,"type":"deadbranch_04"}
{"ctxid":0,"pos":[152.011597,-424.521637,124.88327],"rotationMatrix":[-0.348695159,0.937153459,0.0124371685,-0.936833739,-0.348903537,0.024666138,0.0274553336,-0.00305059273,0.999618351],"scale":1.06886625,"type":"deadbranch_04"}
{"ctxid":0,"pos":[130.144791,-402.969635,125.392685],"rotationMatrix":[0.345807493,0.938251972,0.0100176791,-0.937857985,0.345293224,0.034566354,0.0289729163,-0.0213484615,0.999352217],"scale":0.654639482,"type":"deadbranch_04"}
{"ctxid":0,"pos":[128.312088,-405.314819,125.456612],"rotationMatrix":[0.458617985,0.888568878,-0.0107156467,-0.887815595,0.458679795,0.0373669267,0.0381181389,-0.00762362685,0.999244153],"scale":0.642059922,"type":"deadbranch_04"}
{"ctxid":0,"pos":[126.472656,-401.622803,125.586426],"rotationMatrix":[0.300350368,-0.953755081,-0.0118595529,0.953706801,0.300487638,-0.0122598726,0.0152565651,-0.00762828253,0.999854505],"scale":1.13476443,"type":"deadbranch_04"}
{"ctxid":0,"pos":[214.203369,-336.165161,124.831879],"rotationMatrix":[-0.869792938,0.492858976,0.0234468188,-0.493076712,-0.86997509,-0.00424626702,0.0183053445,-0.0152544565,0.999716043],"scale":1.13579202,"type":"deadbranch_04"}
{"ctxid":0,"pos":[208.818527,-336.224518,124.980972],"rotationMatrix":[0.715664983,-0.698146462,-0.0203741062,0.698402047,0.715636373,0.00995925535,0.00762743084,-0.0213568099,0.999742806],"scale":0.701040566,"type":"deadbranch_04"}
{"ctxid":0,"pos":[154.983337,-390.282623,124.86853],"rotationMatrix":[-0.588982701,-0.808142185,-0.00223635882,0.808132291,-0.588955283,-0.00729403552,0.00457750261,-0.00610333681,0.999970913],"scale":1.09706044,"type":"deadbranch_04"}
{"ctxid":0,"pos":[543.755981,-567.628296,125.455566],"rotationMatrix":[0.565129161,-0.821424961,0.0767463446,0.813953519,0.570316553,0.110537514,-0.134567991,3.7252903e-09,0.990904391],"scale":1.08581924,"type":"deadbranch_04"}
{"ctxid":0,"pos":[540.048401,-570.107361,124.788986],"rotationMatrix":[-0.280994296,0.959593654,-0.0149016771,-0.957261443,-0.281352043,-0.0670178533,-0.0685025305,-0.00456683524,0.997640491],"scale":0.908573508,"type":"deadbranch_04"}
{"ctxid":0,"pos":[540.606995,-571.994751,124.842361],"rotationMatrix":[-0.477573633,0.878243089,-0.0247518234,-0.875917435,-0.47812736,-0.0645218641,-0.0685003996,-0.00913338363,0.997609258],"scale":0.606858552,"type":"deadbranch_04"}
{"ctxid":0,"pos":[544.339233,-561.399597,126.384476],"rotationMatrix":[0.501907289,-0.833492219,0.231040508,0.755022824,0.552524209,0.35306859,-0.421935409,-0.0027667731,0.906621695],"scale":1.03715599,"type":"deadbranch_04"}
{"ctxid":0,"pos":[539.595398,-562.99884,124.5578],"rotationMatrix":[0.987824738,0.151995763,0.0331606157,-0.151910201,0.988381147,-0.00509952474,-0.0335504301,0,0.999437034],"scale":0.734344065,"type":"deadbranch_04"}
{"ctxid":0,"pos":[554.430481,-583.423584,128.799561],"rotationMatrix":[-0.855058551,0.515947878,-0.0516934246,-0.515622199,-0.856570959,-0.0204818323,-0.0548466593,0.00914110895,0.998452961],"scale":0.835174978,"type":"deadbranch_04"}
{"ctxid":0,"pos":[552.058411,-581.557678,128.412292],"rotationMatrix":[-0.444449663,-0.890379667,-0.0984304398,0.891016364,-0.450742364,0.0540478788,-0.0924898982,-0.0636815652,0.993675113],"scale":1.02438581,"type":"deadbranch_04"}
{"ctxid":0,"pos":[592.530457,-687.616577,124.889847],"rotationMatrix":[0.943523586,-0.330013722,0.0292266328,0.329753727,0.943971217,0.0134472214,-0.0320268683,-0.00305017689,0.999482334],"scale":0.790816188,"type":"deadbranch_04"}
{"ctxid":0,"pos":[597.513,-681.751099,125.503052],"rotationMatrix":[0.80262655,-0.594228089,0.0518030971,0.592358291,0.804260492,0.0477139056,-0.0700161308,-0.00761045143,0.997516811],"scale":1.05697072,"type":"deadbranch_04"}
{"ctxid":0,"pos":[586.68988,-645.009583,126.002029],"rotationMatrix":[0.992710948,-0.0177500155,0.119205333,0.0145476628,0.999510944,0.0276808925,-0.119638376,-0.0257449672,0.992483675],"scale":0.91313225,"type":"deadbranch_04"}
{"ctxid":0,"pos":[584.154053,-649.098511,125.314255],"rotationMatrix":[-0.768869758,-0.635224998,-0.0729953349,0.635045826,-0.77194345,0.0286348742,-0.0745378584,-0.0243388955,0.996921122],"scale":1.00896406,"type":"deadbranch_04"}
{"ctxid":0,"pos":[564.741455,-631.930542,124.770447],"rotationMatrix":[0.42810452,-0.903728008,-0.00137832575,0.903264403,0.427835047,0.03271541,-0.0289761461,-0.0152506037,0.999463737],"scale":0.661710978,"type":"deadbranch_04"}
{"ctxid":0,"pos":[551.967163,-606.487976,124.693848],"rotationMatrix":[0.126066685,0.991772711,0.0222250856,-0.991036475,0.126908123,-0.0417237431,-0.0442010127,-0.0167659018,0.998881936],"scale":1.14236939,"type":"deadbranch_04"}
{"ctxid":0,"pos":[530.23877,-553.517334,124.326248],"rotationMatrix":[-0.134349465,0.990789473,0.0169118885,-0.990891516,-0.134166479,-0.0115285488,-0.00915335305,-0.0183067061,0.99979049],"scale":1.04549992,"type":"deadbranch_04"}
{"ctxid":0,"pos":[533.517456,-558.472168,124.297531],"rotationMatrix":[-0.461679101,0.886825621,-0.019816339,-0.886982739,-0.461799383,-0.00172284851,-0.0106790392,0.0167813469,0.999802172],"scale":0.604667544,"type":"deadbranch_04"}
{"ctxid":0,"pos":[513.188538,-901.723755,124.81073],"rotationMatrix":[-0.926662803,-0.371775001,0.0554921813,0.374113888,-0.926518679,0.0400222465,0.0365352742,0.0578475222,0.997656703],"scale":1.11365616,"type":"deadbranch_04"}
{"ctxid":0,"pos":[489.283264,-826.396423,124.610718],"rotationMatrix":[-0.993513465,0.113712251,0.000639460981,-0.113458782,-0.991644144,0.0613907762,0.00761500187,0.0609200113,0.998113632],"scale":0.986450136,"type":"deadbranch_04"}
{"ctxid":0,"pos":[492.337494,-824.595032,124.378235],"rotationMatrix":[-0.808668733,0.588010132,-0.0172693599,-0.58806628,-0.807288647,0.0496234074,0.0152377104,0.0502844453,0.998618662],"scale":1.00654876,"type":"deadbranch_04"}
{"ctxid":0,"pos":[491.050842,-826.595093,124.62056],"rotationMatrix":[-0.509469151,0.858604848,-0.0569116473,-0.860440433,-0.507623076,0.0442824289,0.00913144089,0.0715296119,0.997396648],"scale":1.16074264,"type":"deadbranch_04"}
{"ctxid":0,"pos":[497.219238,-830.029297,125.461014],"rotationMatrix":[0.949571252,0.134862006,-0.283066481,-0.287766457,0.733348489,-0.61594677,0.124518536,0.666342378,0.735175371],"scale":1.09698355,"type":"deadbranch_04"}
{"ctxid":0,"pos":[419.541992,-777.477722,124.555588],"rotationMatrix":[0.815936267,-0.578129768,-0.00373505917,0.578123689,0.815944791,-0.00264644041,0.00457758829,0,0.99998951],"scale":0.709866047,"type":"deadbranch_04"}
{"ctxid":0,"pos":[424.341217,-782.145569,124.539108],"rotationMatrix":[-0.773500562,0.633785605,0.00354080461,-0.63377893,-0.773508668,0.00290120975,0.00457758829,2.32830644e-10,0.99998951],"scale":0.797102213,"type":"deadbranch_04"}
{"ctxid":0,"pos":[429.863037,-790.750183,124.524765],"rotationMatrix":[-0.498337626,0.866981566,0.00152080599,-0.866977513,-0.498339891,0.00264580548,0.00305174338,-1.16415322e-10,0.999995351],"scale":1.17830253,"type":"deadbranch_04"}
{"ctxid":0,"pos":[432.738342,-790.153931,124.487732],"rotationMatrix":[-0.0911134481,-0.995832324,0.00401223684,0.995783091,-0.0911506414,-0.0103579406,0.0106804911,0.00305156945,0.999938309],"scale":0.943402767,"type":"deadbranch_04"}
{"ctxid":0,"pos":[385.84964,-747.266541,124.894012],"rotationMatrix":[-0.23454535,0.970756233,-0.0511878654,-0.971473157,-0.235965729,-0.0236524493,-0.0350393653,0.0441800728,0.998408914],"scale":0.796124339,"type":"deadbranch_04"}
{"ctxid":0,"pos":[381.746094,-750.576416,125.296638],"rotationMatrix":[-0.743229747,-0.663948774,0.0823488161,0.668974519,-0.735841155,0.104931459,-0.00907346606,0.133077458,0.991064131],"scale":0.634607375,"type":"deadbranch_04"}
{"ctxid":0,"pos":[382.960602,-748.726501,124.953354],"rotationMatrix":[-0.268431067,-0.962362945,0.0424455479,0.963062108,-0.269080758,-0.0103086047,0.0213419143,0.0381105542,0.99904561],"scale":1.14144588,"type":"deadbranch_04"}
{"ctxid":0,"pos":[383.55661,-741.235168,124.8591],"rotationMatrix":[-0.98914659,0.145911694,-0.0172704291,-0.145968676,-0.98928678,0.00207856018,-0.0167821255,0.00457694335,0.999848723],"scale":0.843896627,"type":"deadbranch_04"}
{"ctxid":0,"pos":[376.560303,-743.536743,125.370369],"rotationMatrix":[-0.224430084,0.97448957,-0.000937117264,-0.973269105,-0.224100709,0.0502585098,0.0487663895,0.0121915974,0.998735785],"scale":1.17470443,"type":"deadbranch_04"}
{"ctxid":0,"pos":[378.967804,-749.487122,125.310883],"rotationMatrix":[0.175520897,0.984199286,-0.023320213,-0.983341336,0.176406264,0.043822512,0.0472439229,0.0152399745,0.998767138],"scale":0.794864655,"type":"deadbranch_04"}
{"ctxid":0,"pos":[378.971222,-743.999878,125.161316],"rotationMatrix":[0.992767215,0.110417455,-0.0471301079,-0.111007452,0.993768454,-0.0100821834,0.0457231626,0.0152410548,0.998837888],"scale":1.06624317,"type":"deadbranch_04"}
{"ctxid":0,"pos":[394.763763,-753.831665,125.260246],"rotationMatrix":[0.692939937,0.720165431,-0.0345827267,-0.720679104,0.69325918,-0.0036455635,0.0213493817,0.0274492074,0.999395192],"scale":1.10636556,"type":"deadbranch_04"}
{"ctxid":0,"pos":[402.511169,-751.501831,124.99379],"rotationMatrix":[0.127605855,-0.991789997,0.00830126647,0.991805971,0.127547443,-0.00722123357,0.00610314496,0.00915471744,0.999939442],"scale":0.720952153,"type":"deadbranch_04"}
{"ctxid":0,"pos":[396.469452,-751.336487,125.101517],"rotationMatrix":[-0.219664812,-0.975506186,0.0116124824,0.975498915,-0.219780922,-0.00989579037,0.0122056101,0.00915420614,0.999883592],"scale":0.915781081,"type":"deadbranch_04"}
{"ctxid":0,"pos":[400.216827,-754.407593,125.120331],"rotationMatrix":[-0.558345914,0.829505503,-0.0130465515,-0.829585612,-0.558146119,0.0161350146,0.00610220106,0.0198321529,0.999784708],"scale":0.729513526,"type":"deadbranch_04"}
{"ctxid":0,"pos":[402.216827,-745.045593,124.909546],"rotationMatrix":[0.530420423,-0.84772855,0.00323022762,0.847712696,0.530375361,-0.00922046974,0.00610322366,0.00762902945,0.999952257],"scale":1.038975,"type":"deadbranch_04"}
{"ctxid":0,"pos":[401.532684,-751.509949,125.00589],"rotationMatrix":[0.911554873,0.411072612,-0.00932717137,-0.411133111,0.911556602,-0.00583619205,0.00610314589,0.00915471837,0.999939442],"scale":0.934280038,"type":"deadbranch_04"}
{"ctxid":0,"pos":[395.275055,-753.689331,125.229752],"rotationMatrix":[0.381213248,-0.92433691,0.0166623946,0.924204111,0.38058871,-0.0316065289,0.0228735674,0.0274482798,0.999361515],"scale":1.05696952,"type":"deadbranch_04"}
{"ctxid":0,"pos":[398.417847,-757.587769,125.397095],"rotationMatrix":[-0.719912171,-0.681953013,0.129097581,0.685224473,-0.727932096,-0.0241219681,0.110424355,0.0710951313,0.991338432],"scale":0.920763016,"type":"deadbranch_04"}
{"ctxid":0,"pos":[400.206268,-755.521606,125.121384],"rotationMatrix":[-0.0600686073,-0.998010159,-0.0191553514,0.998136878,-0.0598487854,-0.0118484451,0.0106784403,-0.0198313892,0.999746323],"scale":0.710381269,"type":"deadbranch_04"}
{"ctxid":0,"pos":[403.494629,-751.095703,124.969826],"rotationMatrix":[-0.272429109,-0.96210444,0.0117181865,0.96211648,-0.272527337,-0.00778144924,0.0106800953,0.00915436633,0.999901056],"scale":0.907812238,"type":"deadbranch_04"}
{"ctxid":0,"pos":[406.456055,-755.488281,124.95208],"rotationMatrix":[0.654765129,0.755311728,-0.0280494429,-0.755216718,0.655278683,0.0160482507,0.0305016339,0.0106755728,0.999477684],"scale":1.11107004,"type":"deadbranch_04"}
{"ctxid":0,"pos":[404.665741,-749.823853,124.921585],"rotationMatrix":[0.935527563,-0.352936059,-0.01497587,0.352778941,0.93562752,-0.0121701937,0.0183071364,0.00610237941,0.999813795],"scale":0.724490285,"type":"deadbranch_04"}
{"ctxid":0,"pos":[393.232452,-736.333557,125.000542],"rotationMatrix":[-0.8345294,0.548922122,-0.0473811887,-0.549308002,-0.835600972,-0.00561860483,-0.0426759459,0.0213379748,0.998861074],"scale":0.85251075,"type":"deadbranch_04"}
{"ctxid":0,"pos":[399.42157,-728.828918,125.539978],"rotationMatrix":[0.824942946,0.56521529,0.000885087065,-0.564868271,0.824379444,0.036363028,0.0198232979,-0.0304973796,0.999338269],"scale":1.12030971,"type":"deadbranch_04"}
{"ctxid":0,"pos":[393.849091,-733.406067,125.211647],"rotationMatrix":[-0.541551948,0.839026809,0.0524903834,-0.840667129,-0.540495276,-0.0338139497,-1.86264515e-09,-0.0624389611,0.998048782],"scale":0.780742824,"type":"deadbranch_04"}
{"ctxid":0,"pos":[396.880066,-738.859497,125.040657],"rotationMatrix":[0.464560151,-0.885473847,-0.0109422049,0.885520458,0.464598835,-0.00115126092,0.00610314589,-0.00915471837,0.999939442],"scale":0.81690383,"type":"deadbranch_04"}
{"ctxid":0,"pos":[395.767548,-729.91449,125.551201],"rotationMatrix":[-0.30283761,-0.952398717,-0.0350118093,0.952998102,-0.302266598,-0.0207167417,0.00914769527,-0.0396400057,0.999172151],"scale":0.862840235,"type":"deadbranch_04"}
{"ctxid":0,"pos":[397.550354,-730.905029,125.427338],"rotationMatrix":[-0.177769303,-0.983583748,-0.0309927724,0.983872354,-0.177010655,-0.0257287454,0.0198203214,-0.0350667238,0.999188423],"scale":1.06856692,"type":"deadbranch_04"}
{"ctxid":0,"pos":[389.983856,-702.342041,125.965271],"rotationMatrix":[0.907412946,-0.415159434,-0.0651486367,0.412439734,0.909533858,-0.0513965562,0.0805926621,0.019768009,0.996551096],"scale":1.18041408,"type":"deadbranch_04"}
{"ctxid":0,"pos":[389.154327,-695.326965,125.759056],"rotationMatrix":[-0.58723402,-0.808119416,0.0458135493,0.806249976,-0.589000702,-0.0551250428,0.0715318397,0.0045658648,0.997427881],"scale":0.976906776,"type":"deadbranch_04"}
{"ctxid":0,"pos":[389.380371,-691.827026,125.637451],"rotationMatrix":[0.899739385,-0.432932436,-0.0551224872,0.431256652,0.901344061,-0.0399567336,0.0669828951,0.0121787097,0.99767977],"scale":1.07502139,"type":"deadbranch_04"}
{"ctxid":0,"pos":[391.948761,-698.047607,125.493347],"rotationMatrix":[0.934648395,0.350246161,-0.0613188669,-0.351079673,0.93634069,-0.00303879101,0.0563510209,0.0243680067,0.998113573],"scale":1.01501811,"type":"deadbranch_04"}
{"ctxid":0,"pos":[294.434814,-543.636292,124.934807],"rotationMatrix":[-0.961281776,0.275535107,0.0042043319,-0.275567174,-0.961169958,-0.01466629,2.32830644e-10,-0.015257013,0.999883592],"scale":0.706744969,"type":"deadbranch_04"}
{"ctxid":0,"pos":[292.101898,-542.651245,124.935013],"rotationMatrix":[-0.902761579,-0.430138826,0.00124785397,0.430137932,-0.90274179,0.00616623834,-0.00152584864,0.00610339455,0.999980211],"scale":1.08816683,"type":"deadbranch_04"}
{"ctxid":0,"pos":[193.827789,-518.598877,126.216072],"rotationMatrix":[0.339211345,0.940612435,-0.0135524664,-0.940690279,0.339262486,0.00160013186,0.00610294566,0.0122058932,0.999906898],"scale":0.72581923,"type":"deadbranch_04"}
{"ctxid":0,"pos":[202.257141,-516.646667,125.833786],"rotationMatrix":[0.709735036,-0.704352677,0.0127821043,0.704145372,0.708742917,-0.0431600139,0.0213406496,0.0396326333,0.998986423],"scale":0.623364508,"type":"deadbranch_04"}
{"ctxid":0,"pos":[203.207062,-517.330566,125.851151],"rotationMatrix":[0.991487682,-0.129386529,-0.0145344371,0.128683373,0.990801811,-0.0418605469,0.0198169388,0.0396338739,0.999017715],"scale":0.813755989,"type":"deadbranch_04"}
{"ctxid":0,"pos":[196.205093,-515.383606,125.997154],"rotationMatrix":[-0.998676062,-0.0452583879,0.0244462341,0.0460759103,-0.99835968,0.0339830555,0.0228681192,0.0350644477,0.999123394],"scale":1.03176951,"type":"deadbranch_04"}
{"ctxid":0,"pos":[155.762909,-503.932404,126.621544],"rotationMatrix":[-0.359422445,-0.924812853,0.12464349,0.932466924,-0.361132383,0.00938457251,0.0363338701,0.119599,0.992157221],"scale":0.859358549,"type":"deadbranch_04"}
{"ctxid":0,"pos":[599.191956,-689.612061,125.585678],"rotationMatrix":[0.141202092,-0.989974022,0.00365087017,0.986816049,0.141044378,0.0793756992,-0.0790948123,-0.00760527328,0.996838093],"scale":0.898768663,"type":"deadbranch_04"}
{"ctxid":0,"pos":[594.112732,-706.429504,124.81678],"rotationMatrix":[0.233767271,0.972276211,0.00560970232,-0.969429851,0.233517528,-0.0753329545,-0.0745544136,0.0121721514,0.997142673],"scale":0.639855146,"type":"deadbranch_04"}
{"ctxid":0,"pos":[592.864197,-702.732666,124.701752],"rotationMatrix":[-0.0901943445,-0.995874524,-0.00993186422,0.995008945,-0.0905344486,0.041958794,-0.0426848754,-0.00609784015,0.999069989],"scale":0.690198183,"type":"deadbranch_04"}
{"ctxid":0,"pos":[588.994812,-707.19281,124.268166],"rotationMatrix":[-0.947141171,0.319954008,-0.0235147234,-0.319215029,-0.94719243,-0.030462971,-0.0320197195,-0.0213464815,0.999259233],"scale":0.733385324,"type":"deadbranch_04"}
{"ctxid":0,"pos":[599.867188,-711.267334,127.875427],"rotationMatrix":[0.170036316,0.979889631,-0.104420766,-0.969965696,0.185127735,0.157778591,0.173936799,0.074456498,0.981938004],"scale":0.674682021,"type":"deadbranch_04"}
{"ctxid":0,"pos":[591.631042,-704.923401,124.561508],"rotationMatrix":[0.998908758,-0.00986428745,0.045651149,0.00950576551,0.999922276,0.00806394033,-0.0457271449,-0.00762119144,0.998924911],"scale":1.09194505,"type":"deadbranch_04"}
{"ctxid":0,"pos":[597.062317,-704.682251,126.128479],"rotationMatrix":[0.86474967,0.223589912,0.449683845,0.107085451,0.792734504,-0.600087166,-0.490653336,0.567079782,0.661573648],"scale":1.16613412,"type":"deadbranch_04"}
{"ctxid":0,"pos":[592.393188,-711.512695,124.382935],"rotationMatrix":[0.632609963,-0.774046957,0.0256075468,0.770578086,0.632397294,0.0792654753,-0.0775493532,-0.0304115154,0.996524572],"scale":0.887708068,"type":"deadbranch_04"}
{"ctxid":0,"pos":[595.361206,-711.458557,126.078415],"rotationMatrix":[0.599176407,0.507016361,0.619614363,-0.614858568,0.787083924,-0.0494754165,-0.512773395,-0.351330698,0.78334552],"scale":0.863352299,"type":"deadbranch_04"}
{"ctxid":0,"pos":[745.221252,-758.763184,126.606697],"rotationMatrix":[-0.669257402,-0.743030727,0,0.743030727,-0.669257402,0,0,0,1],"scale":0.797101319,"type":"deadbranch_04"}
{"ctxid":0,"pos":[749.021667,-761.760315,126.058395],"rotationMatrix":[-0.926433682,-0.376457989,0,0.376457989,-0.926433682,0,0,0,1],"scale":0.826213956,"type":"deadbranch_04"}
{"ctxid":0,"pos":[748.856812,-760.568726,126.311691],"rotationMatrix":[0.503110886,-0.864221811,0,0.864221811,0.503110886,0,0,0,1],"scale":1.13548481,"type":"deadbranch_04"}
{"ctxid":0,"pos":[752.339966,-758.99176,127.009552],"rotationMatrix":[-0.966231823,-0.257674396,0,0.257674396,-0.966231823,0,0,0,1],"scale":0.638562799,"type":"deadbranch_04"}
{"ctxid":0,"pos":[742.07135,-758.820618,127.001038],"rotationMatrix":[0.981892824,0.189437509,0,-0.189437509,0.981892824,0,0,0,1],"scale":0.613164902,"type":"deadbranch_04"}
{"ctxid":0,"pos":[742.183105,-760.435608,126.265762],"rotationMatrix":[0.999785781,0.0206959415,0,-0.0206959415,0.999785781,0,0,0,1],"scale":0.939009547,"type":"deadbranch_04"}
{"ctxid":0,"pos":[740.196655,-763.396606,125.324661],"rotationMatrix":[0.662329555,-0.749212563,0,0.749212563,0.662329555,0,0,0,1],"scale":0.807610154,"type":"deadbranch_04"}
{"ctxid":0,"pos":[796.530396,-780.46814,125.640823],"rotationMatrix":[-0.00395548344,-0.996219575,-0.0867790878,0.999433219,-0.00683903694,0.0329554752,-0.0334243923,-0.0865995586,0.995682359],"scale":0.989003241,"type":"deadbranch_04"}
{"ctxid":0,"pos":[799.973572,-780.444458,128.425873],"rotationMatrix":[0.744443476,-0.62396729,0.23763147,0.324342161,0.649040699,0.688148379,-0.583614588,-0.435213655,0.685553074],"scale":1.18633127,"type":"deadbranch_04"}
{"ctxid":0,"pos":[800.331848,-786.974487,124.683464],"rotationMatrix":[0.626124144,-0.777212441,-0.0625241995,0.779433548,0.621689916,0.0773623958,-0.0212563574,-0.097171925,0.995040596],"scale":0.997402251,"type":"deadbranch_04"}
{"ctxid":0,"pos":[811.510376,-783.031189,128.852402],"rotationMatrix":[-0.455097318,0.831094146,0.319637835,-0.866773725,-0.495687723,0.0547395349,0.203934371,-0.252141893,0.945957303],"scale":0.671486259,"type":"deadbranch_04"}
{"ctxid":0,"pos":[810.382996,-782.117188,128.748505],"rotationMatrix":[0.982067406,0.155861884,-0.106069371,-0.10772711,0.925639153,0.362749189,0.154720739,-0.344817609,0.925830603],"scale":0.883570015,"type":"deadbranch_04"}
{"ctxid":0,"pos":[803.958252,-778.042908,128.615906],"rotationMatrix":[-0.967453003,0.0100527368,-0.252850741,0.0159436055,-0.994803667,-0.100554146,-0.252547711,-0.101312764,0.96226573],"scale":1.0293411,"type":"deadbranch_04"}
{"ctxid":0,"pos":[803.116394,-777.133789,128.883972],"rotationMatrix":[-0.485376835,-0.851611137,-0.197907686,0.874179006,-0.468870163,-0.126378298,0.0148321465,-0.23434791,0.97203964],"scale":0.921355307,"type":"deadbranch_04"}
{"ctxid":0,"pos":[803.788391,-777.209229,128.827087],"rotationMatrix":[0.725769401,-0.666171432,-0.171680883,0.687778115,0.708022952,0.160201773,0.014832139,-0.234347895,0.97203964],"scale":0.78807199,"type":"deadbranch_04"}
{"ctxid":0,"pos":[817.94574,-778.242798,128.820862],"rotationMatrix":[-0.447278976,0.87549901,-0.182873636,-0.894270062,-0.434359908,0.107760347,0.0149110928,0.211737394,0.977212846],"scale":0.834557354,"type":"deadbranch_04"}
{"ctxid":0,"pos":[820.445496,-779.198975,128.998322],"rotationMatrix":[0.666707933,0.735527158,-0.120417163,-0.739570498,0.67290175,0.0154463463,0.09239012,0.0787587911,0.992603183],"scale":0.608786643,"type":"deadbranch_04"}
{"ctxid":0,"pos":[970.968811,-653.733887,127.576172],"rotationMatrix":[0.862813115,-0.505522966,0,0.505522966,0.862813115,0,0,0,1],"scale":0.980395317,"type":"deadbranch_04"}
{"ctxid":0,"pos":[968.724548,-644.052307,126.944008],"rotationMatrix":[-0.694501102,0.719491661,0,-0.719491661,-0.694501102,0,0,0,1],"scale":0.951213121,"type":"deadbranch_04"}
{"ctxid":0,"pos":[963.257324,-644.06842,127.496368],"rotationMatrix":[0.945944548,-0.324328244,0,0.324328244,0.945944548,0,0,0,1],"scale":0.625835896,"type":"deadbranch_04"}
{"ctxid":0,"pos":[969.693237,-662.592163,128.129517],"rotationMatrix":[-0.999556184,-0.0297887679,0,0.0297887679,-0.999556184,0,0,0,1],"scale":0.942199826,"type":"deadbranch_04"}
{"ctxid":0,"pos":[972.89917,-660.557617,128.231628],"rotationMatrix":[0.174629182,-0.984634161,0,0.984634161,0.174629182,0,0,0,1],"scale":0.758648992,"type":"deadbranch_04"}
{"ctxid":0,"pos":[974.565979,-662.072388,128.261078],"rotationMatrix":[0.937850237,-0.347040176,0,0.347040176,0.937850237,0,0,0,1],"scale":1.05778277,"type":"deadbranch_04"}
{"ctxid":0,"pos":[970.827209,-682.320496,129.226746],"rotationMatrix":[0.258426279,0.966031075,0,-0.966031075,0.258426279,0,0,0,1],"scale":1.16249371,"type":"deadbranch_04"}
{"ctxid":0,"pos":[975.049133,-684.306946,128.493073],"rotationMatrix":[-0.427781522,-0.903882146,0,0.903882146,-0.427781522,0,0,0,1],"scale":0.886289895,"type":"deadbranch_04"}
{"ctxid":0,"pos":[976.683838,-690.943909,128.249664],"rotationMatrix":[0.654735088,-0.755858421,0,0.755858421,0.654735088,0,0,0,1],"scale":1.09894955,"type":"deadbranch_04"}
{"ctxid":0,"pos":[975.124695,-695.373596,128.609329],"rotationMatrix":[-0.720709741,-0.693236887,0,0.693236887,-0.720709741,0,0,0,1],"scale":0.79189682,"type":"deadbranch_04"}
{"ctxid":0,"pos":[976.120239,-691.206177,128.422485],"rotationMatrix":[0.862026989,0.506862462,0,-0.506862462,0.862026989,0,0,0,1],"scale":0.937556028,"type":"deadbranch_04"}
{"ctxid":0,"pos":[973.829102,-700.805176,128.950897],"rotationMatrix":[0.839694381,-0.54305917,0,0.54305917,0.839694381,0,0,0,1],"scale":0.60088098,"type":"deadbranch_04"}
{"ctxid":0,"pos":[972.637512,-704.17218,129.145447],"rotationMatrix":[-0.999985576,0.00536209578,0,-0.00536209578,-0.999985576,0,0,0,1],"scale":1.02999425,"type":"deadbranch_04"}
{"ctxid":0,"pos":[976.357788,-705.65155,129.04158],"rotationMatrix":[-0.933144569,0.359501243,0,-0.359501243,-0.933144569,0,0,0,1],"scale":0.763519526,"type":"deadbranch_04"}
{"ctxid":0,"pos":[977.751465,-705.613098,128.928955],"rotationMatrix":[-0.324648589,-0.945834696,0,0.945834696,-0.324648589,0,0,0,1],"scale":0.918094516,"type":"deadbranch_04"}
{"ctxid":0,"pos":[966.250122,-725.485229,131.642349],"rotationMatrix":[-0.352835983,0.935685158,0,-0.935685158,-0.352835983,0,0,0,1],"scale":0.897659063,"type":"deadbranch_04"}
{"ctxid":0,"pos":[972.089783,-722.912964,129.226486],"rotationMatrix":[0.469768167,-0.882789731,0,0.882789731,0.469768167,0,0,0,1],"scale":1.00556362,"type":"deadbranch_04"}
{"ctxid":0,"pos":[969.121155,-727.920776,129.779236],"rotationMatrix":[-0.127272949,0.991867661,0,-0.991867661,-0.127272949,0,0,0,1],"scale":0.945772648,"type":"deadbranch_04"}
{"ctxid":0,"pos":[968.704163,-728.54187,129.828003],"rotationMatrix":[0.66797483,-0.744183838,0,0.744183838,0.66797483,0,0,0,1],"scale":1.04593134,"type":"deadbranch_04"}
{"ctxid":0,"pos":[962.867615,-749.142395,129.022491],"rotationMatrix":[0.964502335,0.264074445,0,-0.264074445,0.964502335,0,0,0,1],"scale":1.1757338,"type":"deadbranch_04"}
{"ctxid":0,"pos":[701.919373,-88.5844421,124.351723],"rotationMatrix":[-0.993795276,-0.110940874,0.00792062096,0.110961303,-0.993822098,0.00218633725,0.00762913609,0.00305165467,0.999966264],"scale":0.681731045,"type":"deadbranch_04"}
{"ctxid":0,"pos":[771.294556,-175.787888,124.54361],"rotationMatrix":[-0.536918521,0.843627751,-0.00327600795,-0.843566477,-0.536822319,0.0147441439,0.0106799342,0.0106799342,0.999885917],"scale":0.692726195,"type":"deadbranch_04"}
{"ctxid":0,"pos":[759.354614,-156.437302,124.493263],"rotationMatrix":[0.105422556,-0.994371653,0.0105297063,0.994310379,0.105241835,-0.0164566617,0.0152558759,0.0122046992,0.999809146],"scale":0.861008406,"type":"deadbranch_04"}
{"ctxid":0,"pos":[756.540833,-152.022369,124.477448],"rotationMatrix":[-0.604339719,-0.796501219,0.0189444106,0.796580374,-0.604513407,-0.00477553625,0.015255875,0.0122047001,0.999809146],"scale":0.765994847,"type":"deadbranch_04"}
{"ctxid":0,"pos":[756.852112,-158.986465,124.655861],"rotationMatrix":[0.695139885,0.718331516,-0.0279320553,-0.718460023,0.695533633,0.00692752888,0.0244039483,0.0152524672,0.999585807],"scale":1.11736727,"type":"deadbranch_04"}
{"ctxid":0,"pos":[756.698669,-154.194229,124.527168],"rotationMatrix":[-0.322152972,-0.946508527,0.0184055511,0.946538687,-0.322386146,-0.011460036,0.016780721,0.0137296803,0.999764919],"scale":0.908291996,"type":"deadbranch_04"}
{"ctxid":0,"pos":[764.915283,-176.366959,124.806847],"rotationMatrix":[-0.503332853,-0.863178849,0.0397252515,0.863183141,-0.504380107,-0.0227005892,0.0396312997,0.0228642114,0.998952746],"scale":1.00313747,"type":"deadbranch_04"}
{"ctxid":0,"pos":[767.85083,-176.54744,124.662971],"rotationMatrix":[0.143356562,-0.989597857,0.0120376404,0.98944062,0.143050134,-0.0233195033,0.0213549454,0.0152535345,0.999655604],"scale":1.10973716,"type":"deadbranch_04"}
{"ctxid":0,"pos":[770.663025,-180.868469,124.727386],"rotationMatrix":[-0.592099547,-0.805387676,0.0277211517,0.805620611,-0.592416286,-0.00422920799,0.0198286213,0.0198286213,0.999606729],"scale":0.95760268,"type":"deadbranch_04"}
{"ctxid":0,"pos":[805.011292,-218.846008,125.141052],"rotationMatrix":[-0.543700695,0.839278758,0.000862717628,-0.837585032,-0.542668104,0.0629488751,0.0532998256,0.0335027501,0.998016357],"scale":1.03217983,"type":"deadbranch_04"}
{"ctxid":0,"pos":[810.40741,-219.160172,124.654312],"rotationMatrix":[0.990308762,-0.135587275,-0.0300777946,0.135140687,0.990690291,-0.0164237618,0.0320246331,0.0121998601,0.999412596],"scale":0.714875758,"type":"deadbranch_04"}
{"ctxid":0,"pos":[824.71228,-223.134842,124.318985],"rotationMatrix":[-0.510244131,0.860028684,-0.00106745725,-0.860023916,-0.510236025,0.00418170262,0.00305172894,0.00305172917,0.999990702],"scale":1.15333724,"type":"deadbranch_04"}
{"ctxid":0,"pos":[823.809021,-224.249588,124.332062],"rotationMatrix":[-0.953653693,-0.300875247,0.00428761821,0.300890326,-0.953652382,0.00344722997,0.00305171148,0.00457756687,0.99998486],"scale":0.847777486,"type":"deadbranch_04"}
{"ctxid":0,"pos":[805.91272,-217.135605,124.945755],"rotationMatrix":[0.745271802,0.664403081,-0.056022577,-0.664625883,0.746976972,0.0172581133,0.0533139184,0.0243720766,0.998280346],"scale":0.832898021,"type":"deadbranch_04"}
{"ctxid":0,"pos":[865.637512,-265.531799,124.572235],"rotationMatrix":[0.933719397,0.35800451,-0.000878471066,-0.358002365,0.933718562,0.00197100965,0.0015258753,-0.00152587518,0.999997675],"scale":0.893352032,"type":"deadbranch_04"}
{"ctxid":0,"pos":[907.805603,-320.416046,124.645782],"rotationMatrix":[-0.452150345,-0.891312003,0.0335091203,0.891471028,-0.452813029,-0.0154811908,0.0289719403,0.0228725839,0.99931848],"scale":1.14301443,"type":"deadbranch_04"}
{"ctxid":0,"pos":[905.170837,-315.674072,124.525726],"rotationMatrix":[0.975908816,0.218101248,-0.0058154678,-0.218173429,0.975724638,-0.0190219805,0.00152557716,0.0198324993,0.999802172],"scale":1.12710667,"type":"deadbranch_04"}
{"ctxid":0,"pos":[903.419983,-313.939178,124.476059],"rotationMatrix":[0.787097096,-0.616821885,0.00298532471,0.61681211,0.78703028,-0.0112299304,0.00457732705,0.0106804296,0.999932468],"scale":0.744066954,"type":"deadbranch_04"}
{"ctxid":0,"pos":[931.299927,-106.293594,126.206726],"rotationMatrix":[-0.851501226,-0.521553934,-0.0540993735,0.522356093,-0.852726817,-0.000810437836,-0.045709312,-0.0289492309,0.998535216],"scale":1.08344698,"type":"deadbranch_04"}
{"ctxid":0,"pos":[923.604126,-100.035851,125.794983],"rotationMatrix":[0.62314415,0.776602328,0.0926289856,-0.774870217,0.629107118,-0.0616463646,-0.106148273,-0.0333608836,0.993790507],"scale":1.11815524,"type":"deadbranch_04"}
{"ctxid":0,"pos":[913.646484,-85.3154602,125.315521],"rotationMatrix":[-0.987707019,0.154038817,-0.0265754275,-0.152678192,-0.98714304,-0.0473006144,-0.0335198902,-0.0426616743,0.99852711],"scale":0.920521557,"type":"deadbranch_04"}
{"ctxid":0,"pos":[914.622498,-96.1879272,124.858765],"rotationMatrix":[0.262198031,0.964923263,0.0132350419,-0.964868069,0.262372196,-0.0137929022,-0.0167816002,-0.00915360078,0.999817252],"scale":0.892102957,"type":"deadbranch_04"}
{"ctxid":0,"pos":[919.660645,-111.73642,124.822708],"rotationMatrix":[-0.532830119,-0.845707655,-0.0295007788,0.845556855,-0.533469677,0.0210586861,-0.033547271,-0.0137238828,0.999342918],"scale":0.759709597,"type":"deadbranch_04"}
{"ctxid":0,"pos":[917.146729,-100.826759,124.903732],"rotationMatrix":[-0.514639974,0.857406259,0,-0.857406259,-0.514639974,0,0,0,1],"scale":1.00558007,"type":"deadbranch_04"}
{"ctxid":0,"pos":[917.696899,-99.9574738,124.974045],"rotationMatrix":[-0.916195273,-0.4007321,0,0.4007321,-0.916195273,0,0,0,1],"scale":0.77304244,"type":"deadbranch_04"}
{"ctxid":0,"pos":[885.39801,-8.58067417,126.144463],"rotationMatrix":[-0.814309239,-0.570437908,-0.107243173,0.569785237,-0.82083559,0.0396704823,-0.110658564,-0.0288015381,0.993441045],"scale":1.00376761,"type":"deadbranch_04"}
{"ctxid":0,"pos":[890.949951,-33.0295792,125.979538],"rotationMatrix":[0.949753582,0.302258492,0.0812890083,-0.303236187,0.95291537,-0.0003332505,-0.0775622725,-0.0243332647,0.996690512],"scale":1.06457567,"type":"deadbranch_04"}
{"ctxid":0,"pos":[894.628662,-46.1946831,125.956177],"rotationMatrix":[-0.848742962,-0.520620108,-0.0926782489,0.522161365,-0.852802038,0.00868715532,-0.0835589468,-0.0410198495,0.995658219],"scale":1.06686831,"type":"deadbranch_04"}
{"ctxid":0,"pos":[895.349243,-47.141922,126.037979],"rotationMatrix":[-0.550299168,0.834478378,-0.0285697468,-0.826577187,-0.549288988,-0.12268433,-0.118070498,-0.0438980013,0.992034435],"scale":0.91572392,"type":"deadbranch_04"}
{"ctxid":0,"pos":[895.686096,-45.7162666,126.231918],"rotationMatrix":[0.967612028,0.214245304,0.133513704,-0.216364965,0.976311564,0.00140204187,-0.130050585,-0.0302443206,0.991045952],"scale":0.924872637,"type":"deadbranch_04"}
{"ctxid":0,"pos":[898.137817,-58.3186302,125.62944],"rotationMatrix":[0.995518684,-0.0417156033,0.0848667026,0.0380434282,0.998287559,0.0444370098,-0.0865750909,-0.041009251,0.995400906],"scale":0.950930655,"type":"deadbranch_04"}
{"ctxid":0,"pos":[898.232605,-57.5796394,125.709114],"rotationMatrix":[-0.048735857,-0.997502267,-0.0511254594,0.995560825,-0.0526399612,0.0780225992,-0.0805189684,-0.0470960028,0.995639801],"scale":0.922283113,"type":"deadbranch_04"}
{"ctxid":0,"pos":[898.236755,-65.6808472,125.117096],"rotationMatrix":[-0.894676685,-0.440854579,-0.0721164718,0.442334861,-0.89683497,-0.00517015532,-0.0623972937,-0.0365252495,0.99738282],"scale":1.17434084,"type":"deadbranch_04"}
{"ctxid":0,"pos":[899.976868,-73.4093475,124.797066],"rotationMatrix":[0.279298723,-0.960182488,-0.00644790754,0.958886921,0.278557658,0.0542344302,-0.0502788462,-0.0213304162,0.99850744],"scale":0.707906783,"type":"deadbranch_04"}
{"ctxid":0,"pos":[899.869873,-72.5110703,124.831146],"rotationMatrix":[-0.989701033,0.137816533,-0.0387096368,-0.136641815,-0.990118861,-0.0315215923,-0.0426713414,-0.0259075984,0.99875319],"scale":0.782428622,"type":"deadbranch_04"}
{"ctxid":0,"pos":[884.229675,3.79238272,126.385193],"rotationMatrix":[-0.143272042,0.98968029,-0.00236777589,-0.983473182,-0.142640233,-0.111507133,-0.11069417,-0.0136472322,0.993760824],"scale":0.99567616,"type":"deadbranch_04"}
{"ctxid":0,"pos":[885.40918,4.03924942,126.657547],"rotationMatrix":[0.991469145,0.0630656183,0.114068829,-0.0664354712,0.997452378,0.0259822458,-0.112139635,-0.0333388112,0.993133008],"scale":1.00443959,"type":"deadbranch_04"}
{"ctxid":0,"pos":[884.806885,1.45582449,126.432098],"rotationMatrix":[0.989698529,0.101100966,0.101367503,-0.102270737,0.994736016,0.00639683055,-0.100187182,-0.016697865,0.994828463],"scale":0.829439402,"type":"deadbranch_04"}
{"ctxid":0,"pos":[887.233826,2.84069633,127.012192],"rotationMatrix":[0.99258548,0.0772973597,0.093803823,-0.0786618143,0.996841431,0.0109309778,-0.0926626027,-0.0182287097,0.995530665],"scale":0.934171081,"type":"deadbranch_04"}
{"ctxid":0,"pos":[885.165527,10.8235054,126.805748],"rotationMatrix":[-0.93463397,0.346269697,-0.0809719712,-0.34412232,-0.938090563,-0.039568726,-0.0896605104,-0.00911801588,0.995930672],"scale":1.07823968,"type":"deadbranch_04"}
{"ctxid":0,"pos":[884.329712,-7.58348989,125.972939],"rotationMatrix":[0.894776464,0.432849377,0.109619893,-0.432192892,0.90125078,-0.0309234858,-0.112180226,-0.019707337,0.993492424],"scale":1.10635626,"type":"deadbranch_04"}
{"ctxid":0,"pos":[881.541748,-5.01677608,125.581459],"rotationMatrix":[-0.791483998,0.610672057,-0.0251483787,-0.605671465,-0.789190412,-0.101686783,-0.0819441453,-0.0652518198,0.994498551],"scale":0.608311951,"type":"deadbranch_04"}
{"ctxid":0,"pos":[884.083008,-3.33470869,126.111725],"rotationMatrix":[-0.374418139,-0.925292969,-0.0603627115,0.920078993,-0.378816485,0.0997622684,-0.115175739,-0.0181856453,0.993178666],"scale":1.19313169,"type":"deadbranch_04"}
{"ctxid":0,"pos":[885.320007,-3.6927495,126.371735],"rotationMatrix":[-0.982952237,-0.161578566,-0.0877318904,0.161347836,-0.98684907,0.00976200495,-0.0881554857,-0.0045597665,0.996096313],"scale":0.867998242,"type":"deadbranch_04"}
{"ctxid":0,"pos":[878.5495,-5.55643654,125.051445],"rotationMatrix":[0.372746885,-0.927753925,0.0182256233,0.925726414,0.37314254,0.0616044253,-0.0639545098,-0.00609090365,0.997934222],"scale":0.860623956,"type":"deadbranch_04"}
{"ctxid":0,"pos":[883.273743,-5.00239134,125.894524],"rotationMatrix":[0.132188082,-0.991156757,-0.0115913488,0.985521972,0.130166054,0.10864161,-0.106172085,-0.0257846415,0.994013429],"scale":1.06369567,"type":"deadbranch_04"}
{"ctxid":0,"pos":[926.721191,151.733566,124.660614],"rotationMatrix":[0.485889316,-0.873308837,0.0352575108,0.873635709,0.48647666,0.0100428881,-0.0259224977,0.0259224996,0.999327779],"scale":1.08908129,"type":"deadbranch_04"}
