{"ctxid":0,"pos":[319.925537,-299.101654,124.598999],"rotationMatrix":[0.855280936,-0.518145323,0.00446756324,0.51816237,0.855270803,-0.00442950521,-0.00152584899,0.00610339455,0.999980211],"scale":0.651654184,"type":"deadbranch_03"}
{"ctxid":0,"pos":[322.07016,-299.322266,124.564064],"rotationMatrix":[-0.0331714153,0.999438643,-0.00467629824,-0.999444962,-0.0331851244,-0.00289815385,-0.00305171148,0.00457756734,0.99998486],"scale":0.977533937,"type":"deadbranch_03"}
{"ctxid":0,"pos":[300.023499,-297.012634,124.493713],"rotationMatrix":[0.995615542,0.0931949168,-0.00802255515,-0.0932279527,0.995637357,-0.00384639297,0.00762909139,0.00457745511,0.999960423],"scale":0.823848486,"type":"deadbranch_03"}
{"ctxid":0,"pos":[223.713013,-329.21991,124.713348],"rotationMatrix":[0.378274798,-0.92542994,-0.0220781192,0.925673127,0.378316224,0.0024318425,0.00610200781,-0.0213570297,0.999753296],"scale":1.13600576,"type":"deadbranch_03"}
{"ctxid":0,"pos":[220.663589,-326.803772,124.763992],"rotationMatrix":[0.952534676,0.30442664,0.00145345263,-0.304426283,0.952535808,-0.000464517681,-0.00152587716,-1.45519152e-11,0.999998808],"scale":0.731453896,"type":"deadbranch_03"}
{"ctxid":0,"pos":[221.453705,-326.498505,124.774704],"rotationMatrix":[-0.984628797,-0.174343705,-0.0105169686,0.174333751,-0.984684944,0.00186208542,-0.0106805423,-5.82076609e-11,0.999942958],"scale":0.718893468,"type":"deadbranch_03"}
{"ctxid":0,"pos":[219.861038,-326.296906,124.743942],"rotationMatrix":[0.771370053,-0.636306286,0.0101214442,0.63637948,0.771339893,-0.00747369323,-0.00305151567,0.0122060636,0.999920845],"scale":1.02146602,"type":"deadbranch_03"}
{"ctxid":0,"pos":[164.548309,-371.871613,125.198349],"rotationMatrix":[0.95001626,0.311964333,-0.0121375481,-0.311749041,0.950015426,0.016829472,0.0167810526,-0.0122044031,0.999784708],"scale":0.776658297,"type":"deadbranch_03"}
{"ctxid":0,"pos":[146.8685,-398.655518,124.905205],"rotationMatrix":[-0.751583695,0.659534872,0.0116318967,-0.659609258,-0.751597881,-0.00400199648,0.00610305369,-0.010680343,0.999924362],"scale":0.83645612,"type":"deadbranch_03"}
{"ctxid":0,"pos":[152.270081,-390.987854,124.886917],"rotationMatrix":[0.973022103,-0.230616227,-0.00664263964,0.230631128,0.973039985,0.00156182144,0.00610337313,-0.00305168657,0.999976695],"scale":0.719130754,"type":"deadbranch_03"}
{"ctxid":0,"pos":[130.509155,-404.234192,125.326431],"rotationMatrix":[0.464801371,0.885413766,-0.00138349831,-0.884835601,0.464553237,0.0354417078,0.032023292,-0.0152491843,0.999370813],"scale":0.677140296,"type":"deadbranch_03"}
{"ctxid":0,"pos":[209.149567,-337.660461,124.907608],"rotationMatrix":[-0.733683586,-0.679420531,-0.00978754181,0.679407179,-0.733290553,-0.0262783691,0.0106769511,-0.0259297378,0.999606729],"scale":0.662555814,"type":"deadbranch_03"}
{"ctxid":0,"pos":[210.677383,-335.593903,124.957169],"rotationMatrix":[-0.290136933,0.956804395,0.0185841043,-0.956886411,-0.290330887,0.00871073361,0.0137300137,-0.0152555732,0.999789357],"scale":0.908118367,"type":"deadbranch_03"}
{"ctxid":0,"pos":[155.69017,-389.585114,124.868896],"rotationMatrix":[-0.57187593,-0.820333898,-0.0031473143,0.820304453,-0.571811318,-0.0114935171,0.0076288525,-0.00915462337,0.999929011],"scale":0.845399976,"type":"deadbranch_03"}
{"ctxid":0,"pos":[154.715408,-392.2258,124.851425],"rotationMatrix":[0.405229032,0.914215147,-0.000143368728,-0.914152801,0.405203223,0.011619078,0.0106804306,-0.00457732752,0.999932468],"scale":1.06069946,"type":"deadbranch_03"}
{"ctxid":0,"pos":[155.694366,-389.003937,124.876709],"rotationMatrix":[-0.99913466,-0.0414896309,0.0028591929,0.0414759144,-0.999128342,-0.00470022066,0.00305171125,-0.0045775664,0.99998486],"scale":1.18905306,"type":"deadbranch_03"}
{"ctxid":0,"pos":[136.001938,-441.866333,124.53611],"rotationMatrix":[0.744419217,-0.667585731,0.0130080376,0.667705536,0.744181156,-0.0190706272,0.00305094384,0.0228820797,0.999733508],"scale":0.70036608,"type":"deadbranch_03"}
{"ctxid":0,"pos":[134.585617,-439.183014,124.640076],"rotationMatrix":[0.882099509,-0.470824838,-0.0149789676,0.470348954,0.882067144,-0.0270060264,0.025927566,0.0167766586,0.999523044],"scale":0.830228567,"type":"deadbranch_03"}
{"ctxid":0,"pos":[559.515381,-598.045715,126.368187],"rotationMatrix":[0.919811666,0.285031617,0.269635737,-0.29507488,0.955467939,-0.00343147665,-0.258606374,-0.0764064342,0.96295625],"scale":0.841569066,"type":"deadbranch_03"}
{"ctxid":0,"pos":[556.1026,-596.704407,125.657135],"rotationMatrix":[-0.998426199,-0.0204716027,-0.0522043295,0.0214740522,-0.999593854,-0.0187143032,-0.0518000387,-0.0198058952,0.998461068],"scale":1.14816248,"type":"deadbranch_03"}
{"ctxid":0,"pos":[556.98114,-596.948059,125.749977],"rotationMatrix":[-0.27703619,0.960855007,-0.00286816992,-0.959114432,-0.276711583,-0.0594127774,-0.0578807294,-0.0137085933,0.998229384],"scale":0.770660818,"type":"deadbranch_03"}
{"ctxid":0,"pos":[542.793091,-557.25946,125.675751],"rotationMatrix":[0.922698319,-0.358166307,0.142634943,0.342573911,0.931431353,0.122795507,-0.17683588,-0.0644401908,0.982128561],"scale":0.947439194,"type":"deadbranch_03"}
{"ctxid":0,"pos":[554.186157,-577.283997,129.711685],"rotationMatrix":[0.926530182,-0.335503489,0.170232818,0.301270157,0.932666659,0.19841662,-0.225339964,-0.132552922,0.965221047],"scale":0.765804291,"type":"deadbranch_03"}
{"ctxid":0,"pos":[553.538208,-576.646118,129.549667],"rotationMatrix":[0.381010711,-0.924397111,-0.0179054439,0.88919723,0.361059248,0.281006008,-0.253296256,-0.12298777,0.959538937],"scale":0.72111994,"type":"deadbranch_03"}
{"ctxid":0,"pos":[552.648865,-584.774353,127.813126],"rotationMatrix":[0.22553134,-0.964037418,-0.140595853,0.908072829,0.15573895,0.388778687,-0.352901071,-0.215352997,0.910540462],"scale":0.771237314,"type":"deadbranch_03"}
{"ctxid":0,"pos":[548.201233,-581.22998,126.03302],"rotationMatrix":[-0.824978232,-0.4872742,-0.286311358,0.480162591,-0.871498823,0.0996648818,-0.298084229,-0.0552546382,0.952938974],"scale":0.901884556,"type":"deadbranch_03"}
{"ctxid":0,"pos":[592.414978,-684.115723,124.912628],"rotationMatrix":[-0.351197958,-0.936172009,-0.0155390594,0.935753107,-0.351511836,0.0283756703,-0.0320266783,-0.00457524136,0.999476552],"scale":0.668151081,"type":"deadbranch_03"}
{"ctxid":0,"pos":[593.169922,-686.305176,124.94355],"rotationMatrix":[0.910717607,-0.411607385,0.0342465751,0.411122918,0.911349773,0.0204822458,-0.0396412499,-0.00457399059,0.999203503],"scale":0.691337228,"type":"deadbranch_03"}
{"ctxid":0,"pos":[599.483887,-686.351929,125.735962],"rotationMatrix":[0.858074546,0.506092668,0.087053664,-0.505369425,0.862317204,-0.0317942426,-0.0911586955,-0.0167124271,0.995696127],"scale":0.792658806,"type":"deadbranch_03"}
{"ctxid":0,"pos":[594.967651,-684.175293,125.12854],"rotationMatrix":[-0.998713851,0.0187685546,-0.0470982194,-0.0183881279,-0.999794722,-0.00849762838,-0.0472480431,-0.00762065174,0.998854101],"scale":0.768133402,"type":"deadbranch_03"}
{"ctxid":0,"pos":[592.888977,-682.825684,124.958046],"rotationMatrix":[-0.800806642,-0.598143816,-0.0305333324,0.597982168,-0.801365256,0.0151827186,-0.0335498117,-0.00609996542,0.999418437],"scale":0.683227181,"type":"deadbranch_03"}
{"ctxid":0,"pos":[587.047058,-644.696594,126.110374],"rotationMatrix":[0.884127557,-0.453215778,0.113639198,0.444700539,0.890837133,0.0930086225,-0.14338699,-0.0316960663,0.989158988],"scale":1.07889938,"type":"deadbranch_03"}
{"ctxid":0,"pos":[587.11676,-643.377014,126.222595],"rotationMatrix":[-0.963279009,-0.219234407,-0.155013353,0.222192168,-0.975000858,-0.00180177391,-0.150743186,-0.0361783653,0.987910748],"scale":0.802394927,"type":"deadbranch_03"}
{"ctxid":0,"pos":[583.633179,-646.273499,125.367752],"rotationMatrix":[-0.745898843,0.665380716,-0.0300509818,-0.663539767,-0.746241331,-0.0532770567,-0.0578748174,-0.0197992809,0.99812752],"scale":0.658333957,"type":"deadbranch_03"}
{"ctxid":0,"pos":[520.843567,-538.155884,124.311363],"rotationMatrix":[-0.908452988,-0.417705119,-0.01532818,0.417886019,-0.908427358,-0.0114217941,-0.00915359892,-0.0167816002,0.999817252],"scale":0.744603693,"type":"deadbranch_03"}
{"ctxid":0,"pos":[515.129089,-908.123657,125.049721],"rotationMatrix":[-0.414620876,-0.909984291,0.00419887248,0.90937537,-0.414504766,-0.0349545181,0.0335485227,-0.0106745306,0.999380112],"scale":1.00796628,"type":"deadbranch_03"}
{"ctxid":0,"pos":[515.001282,-905.384216,124.957611],"rotationMatrix":[0.417206943,0.90784502,-0.0418990031,-0.907582998,0.418596268,0.0327110887,0.0472353622,0.0243795421,0.998586237],"scale":1.07241559,"type":"deadbranch_03"}
{"ctxid":0,"pos":[495.123993,-828.134888,124.784378],"rotationMatrix":[-0.0354515314,-0.975147188,0.218702227,0.998563111,-0.0433628559,-0.0314791724,0.0401804373,0.217272043,0.975283742],"scale":0.650417626,"type":"deadbranch_03"}
{"ctxid":0,"pos":[495.765808,-827.830933,124.648178],"rotationMatrix":[-0.907267094,0.420468748,0.00850695372,-0.418544888,-0.904721498,0.0793658197,0.0410672724,0.068445459,0.996809244],"scale":1.02234626,"type":"deadbranch_03"}
{"ctxid":0,"pos":[419.497101,-775.919434,124.546577],"rotationMatrix":[-0.997701645,0.0677416623,0.00141900661,-0.0677393377,-0.997701526,0.00162573392,0.00152587518,0.00152587518,0.999997675],"scale":0.695321202,"type":"deadbranch_03"}
{"ctxid":0,"pos":[420.01474,-776.967407,124.551102],"rotationMatrix":[0.116982996,0.993127942,-0.00338778901,-0.993129015,0.116992235,0.00267375773,0.00305172871,0.00305172848,0.999990702],"scale":0.749171972,"type":"deadbranch_03"}
{"ctxid":0,"pos":[431.557007,-789.662292,124.503525],"rotationMatrix":[-0.654808044,0.755794823,-0.000462280121,-0.755781114,-0.65479219,0.00645709317,0.00457754079,0.00457754079,0.999979019],"scale":0.918030024,"type":"deadbranch_03"}
{"ctxid":0,"pos":[385.958862,-744.921814,124.832153],"rotationMatrix":[0.82310915,-0.567679644,0.0152012259,0.56714344,0.823108256,0.0290020872,-0.0289761499,-0.0152506065,0.999463737],"scale":0.850623012,"type":"deadbranch_03"}
{"ctxid":0,"pos":[383.009338,-748.300354,124.918625],"rotationMatrix":[0.570184588,-0.821383178,0.0148026682,0.821006,0.569102526,-0.0455118977,0.0289584771,0.0381032638,0.998854101],"scale":0.948420703,"type":"deadbranch_03"}
{"ctxid":0,"pos":[402.894806,-751.309021,124.98558],"rotationMatrix":[0.446347773,-0.894842744,0.00546824187,0.894838691,0.446287394,-0.00954754278,0.00610314496,0.00915471837,0.999939442],"scale":0.656737626,"type":"deadbranch_03"}
{"ctxid":0,"pos":[394.398956,-749.254578,125.116043],"rotationMatrix":[0.844052494,-0.536251247,-0.00316659058,0.536206305,0.844036341,-0.00924251787,0.00762902945,0.00610322412,0.999952257],"scale":0.808836043,"type":"deadbranch_03"}
{"ctxid":0,"pos":[402.143188,-748.042114,124.952866],"rotationMatrix":[0.31532079,0.948964357,-0.00626857905,-0.94896543,0.315349877,0.0043484685,0.00610333728,0.00457750307,0.999970913],"scale":0.680131018,"type":"deadbranch_03"}
{"ctxid":0,"pos":[404.580017,-760.599487,125.165924],"rotationMatrix":[0.759421825,-0.649891794,-0.0303177983,0.647882283,0.75968343,-0.0559427813,0.0593886822,0.0228417981,0.997973561],"scale":1.0653044,"type":"deadbranch_03"}
{"ctxid":0,"pos":[404.164886,-757.061646,125.106262],"rotationMatrix":[0.824943185,-0.563899875,-0.0385440327,0.564472675,0.825436234,0.00504674297,0.0289697833,-0.0259203352,0.999244153],"scale":1.02271318,"type":"deadbranch_03"}
{"ctxid":0,"pos":[403.028625,-756.924377,125.092239],"rotationMatrix":[0.996877432,0.0749863461,-0.0247483924,-0.0740443096,0.996568024,0.0370084532,0.0274385847,-0.0350604169,0.999008477],"scale":1.16919291,"type":"deadbranch_03"}
{"ctxid":0,"pos":[403.944824,-730.222534,125.133408],"rotationMatrix":[-0.776550412,0.629280984,0.0312167238,-0.629639328,-0.776884198,-0.00218474213,0.0228769723,-0.0213518403,0.999510229],"scale":0.953800678,"type":"deadbranch_03"}
{"ctxid":0,"pos":[394.438507,-700.0177,125.316071],"rotationMatrix":[-0.998447418,0.0115131754,0.0544950068,-0.00983073004,-0.999469519,0.0310414117,0.0548234954,0.0304574985,0.998031437],"scale":0.73106575,"type":"deadbranch_03"}
{"ctxid":0,"pos":[389.299103,-693.114319,125.684242],"rotationMatrix":[0.22244364,0.974394381,-0.0327762514,-0.972642243,0.224102199,0.061198473,0.0669766814,0.0182663668,0.997587323],"scale":0.870157361,"type":"deadbranch_03"}
{"ctxid":0,"pos":[280.408752,-541.037354,125.326897],"rotationMatrix":[-0.715340734,-0.698360801,0.0240653418,0.697816372,-0.715738893,-0.0277390629,0.0365963876,-0.00304969959,0.999325454],"scale":1.03590953,"type":"deadbranch_03"}
{"ctxid":0,"pos":[288.436432,-545.625732,124.943192],"rotationMatrix":[-0.821979284,-0.569377005,0.0126403281,0.569386423,-0.822063804,-0.00318740983,0.0122059947,0.00457724743,0.999915004],"scale":0.92477411,"type":"deadbranch_03"}
{"ctxid":0,"pos":[289.498993,-548.947205,125.068909],"rotationMatrix":[0.664219677,-0.747252107,0.0206506513,0.747381926,0.663264751,-0.0387298055,0.0152440816,0.0411590226,0.999036312],"scale":1.0318563,"type":"deadbranch_03"}
{"ctxid":0,"pos":[289.648315,-547.245972,124.949333],"rotationMatrix":[-0.843295813,-0.536993921,0.0221175738,0.537343085,-0.843232751,0.0148472944,0.01067736,0.0244053937,0.999645114],"scale":1.13367748,"type":"deadbranch_03"}
{"ctxid":0,"pos":[191.021683,-511.73233,125.942932],"rotationMatrix":[-0.928632975,-0.369311959,0.0353428572,0.370293945,-0.92852354,0.0269450117,0.0228655674,0.0381092802,0.999011934],"scale":0.944396377,"type":"deadbranch_03"}
{"ctxid":0,"pos":[187.734604,-515.654358,126.241348],"rotationMatrix":[0.97375381,0.227531359,-0.00574914273,-0.227583513,0.973694265,-0.0111913849,0.00305151567,0.0122060627,0.999920845],"scale":0.989652991,"type":"deadbranch_03"}
{"ctxid":0,"pos":[192.175659,-511.896057,125.905342],"rotationMatrix":[-0.949104905,-0.31310311,0.0341449827,0.314128429,-0.94889164,0.0304554123,0.0228642114,0.0396312997,0.998952746],"scale":0.900285244,"type":"deadbranch_03"}
{"ctxid":0,"pos":[198.820816,-520.96582,126.194382],"rotationMatrix":[-0.598923922,0.800760031,-0.00856308732,-0.800782561,-0.598790765,0.0140244113,0.0061026914,0.015256728,0.999864995],"scale":0.866761327,"type":"deadbranch_03"}
{"ctxid":0,"pos":[194.846069,-517.532532,126.160141],"rotationMatrix":[-0.231854558,0.972610831,-0.0164628644,-0.972673655,-0.231590748,0.0164673962,0.0122037195,0.0198310427,0.999728858],"scale":0.766742826,"type":"deadbranch_03"}
{"ctxid":0,"pos":[153.753632,-504.965973,127.008362],"rotationMatrix":[0.0113752484,0.993553102,-0.112794578,-0.998529971,0.0172649622,0.0513777882,0.0529939495,0.112044349,0.992289126],"scale":0.723830163,"type":"deadbranch_03"}
{"ctxid":0,"pos":[149.845963,-503.437531,126.933304],"rotationMatrix":[-0.995127678,0.0892120227,0.041973345,-0.0775424317,-0.971119404,0.225640953,0.0608910248,0.221286893,0.973305881],"scale":0.896015048,"type":"deadbranch_03"}
{"ctxid":0,"pos":[155.840332,-501.868256,125.756393],"rotationMatrix":[0.825940967,0.54884088,-0.128822386,-0.561326742,0.779429436,-0.27821213,-0.0522862338,0.302098215,0.951841772],"scale":0.929837227,"type":"deadbranch_03"}
{"ctxid":0,"pos":[596.51532,-696.428223,125.250519],"rotationMatrix":[0.964162886,-0.244553268,0.102876507,0.239738047,0.969162166,0.0570123158,-0.113646559,-0.0303057469,0.99305892],"scale":1.15435004,"type":"deadbranch_03"}
{"ctxid":0,"pos":[592.197693,-696.627747,124.761292],"rotationMatrix":[-0.0257296562,0.999634743,0.00824893545,-0.999053359,-0.0254235268,-0.0352947526,-0.0350721478,-0.00914925616,0.999342918],"scale":1.11883783,"type":"deadbranch_03"}
{"ctxid":0,"pos":[598.685059,-693.977295,125.559967],"rotationMatrix":[0.868950903,0.492921531,0.0441892482,-0.491320968,0.86994046,-0.0425123908,-0.0593972914,0.0152300736,0.998118222],"scale":1.17743468,"type":"deadbranch_03"}
{"ctxid":0,"pos":[598.870422,-712.060852,127.746796],"rotationMatrix":[0.946847439,-0.30434075,0.104195096,0.285319954,0.944135606,0.16492568,-0.1485679,-0.126430526,0.98078686],"scale":0.830534577,"type":"deadbranch_03"}
{"ctxid":0,"pos":[594.779602,-706.180664,124.910408],"rotationMatrix":[0.902016222,0.427193791,0.062227238,-0.425215691,0.904078126,-0.0428286679,-0.0745544285,0.0121721514,0.997142673],"scale":0.634784997,"type":"deadbranch_03"}
{"ctxid":0,"pos":[598.852295,-704.473389,127.185127],"rotationMatrix":[0.163939834,-0.98003298,0.112511188,0.82973212,0.198679507,0.521603942,-0.533542871,0.00784257054,0.845736623],"scale":0.622499824,"type":"deadbranch_03"}
{"ctxid":0,"pos":[596.911377,-710.093506,126.740433],"rotationMatrix":[-0.0570778847,-0.885131776,0.461826205,0.986887157,0.0199331641,0.160174891,-0.150981501,0.464912891,0.872387826],"scale":0.806384563,"type":"deadbranch_03"}
{"ctxid":0,"pos":[746.743835,-765.982056,125.281311],"rotationMatrix":[-0.0931121707,0.995655537,0,-0.995655537,-0.0931121707,0,0,0,1],"scale":1.19807112,"type":"deadbranch_03"}
{"ctxid":0,"pos":[748.261108,-762.410522,125.942566],"rotationMatrix":[0.996349812,-0.0853638202,0,0.0853638202,0.996349812,0,0,0,1],"scale":1.05568349,"type":"deadbranch_03"}
{"ctxid":0,"pos":[746.921997,-763.420105,125.745621],"rotationMatrix":[0.957646489,-0.287946552,0,0.287946552,0.957646489,0,0,0,1],"scale":1.18418837,"type":"deadbranch_03"}
{"ctxid":0,"pos":[751.408569,-762.780945,125.858604],"rotationMatrix":[-0.0581697151,0.998306632,0,-0.998306632,-0.0581697151,0,0,0,1],"scale":1.1750102,"type":"deadbranch_03"}
{"ctxid":0,"pos":[755.80011,-756.447021,127.986252],"rotationMatrix":[0.907136023,0.420837581,0,-0.420837581,0.907136023,0,0,0,1],"scale":0.868729472,"type":"deadbranch_03"}
{"ctxid":0,"pos":[756.661133,-757.596436,127.771286],"rotationMatrix":[0.90596205,-0.423358947,0,0.423358947,0.90596205,0,0,0,1],"scale":1.01988339,"type":"deadbranch_03"}
{"ctxid":0,"pos":[757.19458,-759.521606,126.912674],"rotationMatrix":[0.254112124,0.967174828,0,-0.967174828,0.254112124,0,0,0,1],"scale":1.14553165,"type":"deadbranch_03"}
{"ctxid":0,"pos":[745.082275,-762.000977,125.86467],"rotationMatrix":[-0.988328457,0.152338237,0,-0.152338237,-0.988328457,0,0,0,1],"scale":0.608929873,"type":"deadbranch_03"}
{"ctxid":0,"pos":[743.926758,-758.758362,126.6241],"rotationMatrix":[-0.997777462,0.0666349232,0,-0.0666349232,-0.997777462,0,0,0,1],"scale":0.722653151,"type":"deadbranch_03"}
{"ctxid":0,"pos":[801.047852,-784.626099,125.158112],"rotationMatrix":[-0.568990469,0.821037769,0.04633075,-0.821394563,-0.564724445,-0.0799806342,-0.0395030081,-0.0835640654,0.995719135],"scale":0.873921335,"type":"deadbranch_03"}
{"ctxid":0,"pos":[800.896973,-780.104675,126.30899],"rotationMatrix":[0.405404091,-0.885758579,-0.226006895,0.9137941,0.385894954,0.126748815,-0.0250539482,-0.257908285,0.965844512],"scale":1.18697155,"type":"deadbranch_03"}
{"ctxid":0,"pos":[799.725403,-779.342163,126.762009],"rotationMatrix":[-0.701123238,-0.589854896,-0.400621176,0.710826218,-0.62243557,-0.327566653,-0.0561441034,-0.514436662,0.855688453],"scale":0.733131647,"type":"deadbranch_03"}
{"ctxid":0,"pos":[799.334167,-783.746704,125.229126],"rotationMatrix":[-0.895939946,-0.438172162,-0.0727766678,0.443239152,-0.892599702,-0.0824896991,-0.0288157482,-0.106163293,0.993931115],"scale":1.09398794,"type":"deadbranch_03"}
{"ctxid":0,"pos":[801.296143,-785.43042,125.02095],"rotationMatrix":[0.0662567616,0.993252516,0.0951793492,-0.997635961,0.0676860213,-0.0118638687,-0.0182261169,-0.0941683054,0.995389462],"scale":0.983230352,"type":"deadbranch_03"}
{"ctxid":0,"pos":[799.664795,-784.75061,125.066391],"rotationMatrix":[0.886547446,-0.462584645,-0.0070022326,0.461315185,0.882768452,0.0889278278,-0.0349553004,-0.0820689723,0.996013463],"scale":0.653452098,"type":"deadbranch_03"}
{"ctxid":0,"pos":[807.763916,-785.083374,125.397064],"rotationMatrix":[-0.917668939,0.397108197,0.0137231201,-0.396774888,-0.913955092,-0.0851781964,-0.0212826468,-0.0836104006,0.996271193],"scale":0.928611398,"type":"deadbranch_03"}
{"ctxid":0,"pos":[807.590027,-781.733215,128.151871],"rotationMatrix":[-0.000461935997,-0.927727222,0.373258293,0.999657631,-0.0101909637,-0.0240922868,0.0261549801,0.373119444,0.927414536],"scale":0.796723962,"type":"deadbranch_03"}
{"ctxid":0,"pos":[808.261108,-777.39386,128.880234],"rotationMatrix":[-0.208566785,0.978007793,0.00063649565,-0.978003263,-0.208567858,0.00298462901,0.00305174338,0,0.999995351],"scale":0.77842319,"type":"deadbranch_03"}
{"ctxid":0,"pos":[805.960815,-778.345398,128.846344],"rotationMatrix":[0.963999391,-0.265742004,0.0092954319,0.26432842,0.961500227,0.0751514435,-0.0289084557,-0.0699888915,0.997128785],"scale":0.700974286,"type":"deadbranch_03"}
{"ctxid":0,"pos":[817.784302,-782.866699,129.173401],"rotationMatrix":[-0.781739354,-0.619403481,-0.0722678155,0.617125392,-0.785066724,0.0531620234,-0.0896638185,-0.00303945132,0.995967448],"scale":0.882420301,"type":"deadbranch_03"}
{"ctxid":0,"pos":[821.457336,-783.068359,129.30278],"rotationMatrix":[-0.994858861,-0.100140728,-0.0150775006,0.10098324,-0.992175698,-0.073412627,-0.00760793779,-0.0745577961,0.997187674],"scale":1.06937981,"type":"deadbranch_03"}
{"ctxid":0,"pos":[973.182617,-654.53009,127.750916],"rotationMatrix":[-0.792877257,0.609381437,0,-0.609381437,-0.792877257,0,0,0,1],"scale":0.876426876,"type":"deadbranch_03"}
{"ctxid":0,"pos":[973.10144,-650.980347,127.377914],"rotationMatrix":[-0.993073225,-0.11749734,0,0.11749734,-0.993073225,0,0,0,1],"scale":0.723034918,"type":"deadbranch_03"}
{"ctxid":0,"pos":[974.714111,-650.837524,127.713852],"rotationMatrix":[-0.936962008,-0.349431485,0,0.349431485,-0.936962008,0,0,0,1],"scale":1.14136529,"type":"deadbranch_03"}
{"ctxid":0,"pos":[977.464417,-650.342224,128.795273],"rotationMatrix":[0.92370832,0.383096606,0,-0.383096606,0.92370832,0,0,0,1],"scale":1.10297298,"type":"deadbranch_03"}
{"ctxid":0,"pos":[974.717712,-653.904114,127.693771],"rotationMatrix":[0.315345317,0.948977053,0,-0.948977053,0.315345317,0,0,0,1],"scale":0.675581992,"type":"deadbranch_03"}
{"ctxid":0,"pos":[966.585205,-648.609314,127.374985],"rotationMatrix":[-0.540293872,-0.841476321,0,0.841476321,-0.540293872,0,0,0,1],"scale":1.02391481,"type":"deadbranch_03"}
{"ctxid":0,"pos":[965.0672,-641.737427,126.986023],"rotationMatrix":[-0.455072761,-0.890454173,0,0.890454173,-0.455072761,0,0,0,1],"scale":0.974622667,"type":"deadbranch_03"}
{"ctxid":0,"pos":[969.791382,-642.180847,126.888573],"rotationMatrix":[0.869242549,-0.494385719,0,0.494385719,0.869242549,0,0,0,1],"scale":1.00178087,"type":"deadbranch_03"}
{"ctxid":0,"pos":[969.020752,-660.721863,127.950424],"rotationMatrix":[0.119883165,0.992788017,0,-0.992788017,0.119883165,0,0,0,1],"scale":0.977663219,"type":"deadbranch_03"}
{"ctxid":0,"pos":[968.743164,-662.267944,127.982254],"rotationMatrix":[-0.415176392,-0.909740984,0,0.909740984,-0.415176392,0,0,0,1],"scale":1.00586879,"type":"deadbranch_03"}
{"ctxid":0,"pos":[972.709473,-664.25824,128.230133],"rotationMatrix":[0.870368779,-0.492400259,0,0.492400259,0.870368779,0,0,0,1],"scale":0.694203317,"type":"deadbranch_03"}
{"ctxid":0,"pos":[970.818726,-666.892944,128.154602],"rotationMatrix":[0.593945742,-0.80450511,0,0.80450511,0.593945742,0,0,0,1],"scale":1.05075252,"type":"deadbranch_03"}
{"ctxid":0,"pos":[971.045532,-663.06189,128.240692],"rotationMatrix":[-0.668078899,0.744090497,0,-0.744090497,-0.668078899,0,0,0,1],"scale":1.17785621,"type":"deadbranch_03"}
{"ctxid":0,"pos":[974.118835,-665.134521,128.222015],"rotationMatrix":[0.96560514,0.260012925,0,-0.260012925,0.96560514,0,0,0,1],"scale":1.07496107,"type":"deadbranch_03"}
{"ctxid":0,"pos":[970.327454,-681.909363,129.224701],"rotationMatrix":[0.0424387865,-0.999099076,0,0.999099076,0.0424387865,0,0,0,1],"scale":0.673214257,"type":"deadbranch_03"}
{"ctxid":0,"pos":[971.361633,-683.948181,129.178955],"rotationMatrix":[0.759174228,0.650887549,0,-0.650887549,0.759174228,0,0,0,1],"scale":1.08940351,"type":"deadbranch_03"}
{"ctxid":0,"pos":[976.629578,-681.591187,128.285797],"rotationMatrix":[0.846282482,-0.532734334,0,0.532734334,0.846282482,0,0,0,1],"scale":0.678415537,"type":"deadbranch_03"}
{"ctxid":0,"pos":[971.662048,-683.06543,129.074203],"rotationMatrix":[0.998391271,0.0566987172,0,-0.0566987172,0.998391271,0,0,0,1],"scale":0.666828811,"type":"deadbranch_03"}
{"ctxid":0,"pos":[974.247375,-696.259827,128.651062],"rotationMatrix":[0.143994525,-0.989578485,0,0.989578485,0.143994525,0,0,0,1],"scale":0.767475188,"type":"deadbranch_03"}
{"ctxid":0,"pos":[974.09082,-702.547974,129.115021],"rotationMatrix":[-0.116802797,0.993155122,0,-0.993155122,-0.116802797,0,0,0,1],"scale":1.08665884,"type":"deadbranch_03"}
{"ctxid":0,"pos":[974.923706,-704.672546,129.132721],"rotationMatrix":[-0.662206054,0.749321699,0,-0.749321699,-0.662206054,0,0,0,1],"scale":1.03108442,"type":"deadbranch_03"}
{"ctxid":0,"pos":[973.661255,-706.05481,129.106842],"rotationMatrix":[0.0523463115,0.998628974,0,-0.998628974,0.0523463115,0,0,0,1],"scale":0.99893719,"type":"deadbranch_03"}
{"ctxid":0,"pos":[974.751221,-707.371033,129.072968],"rotationMatrix":[-0.0329137854,-0.999458134,0,0.999458134,-0.0329137854,0,0,0,1],"scale":1.1155591,"type":"deadbranch_03"}
{"ctxid":0,"pos":[977.005432,-700.687561,128.704742],"rotationMatrix":[0.923835039,0.382790893,0,-0.382790893,0.923835039,0,0,0,1],"scale":1.06009936,"type":"deadbranch_03"}
{"ctxid":0,"pos":[970.711365,-721.472046,129.180161],"rotationMatrix":[-0.958204508,0.286084086,0,-0.286084086,-0.958204508,0,0,0,1],"scale":1.15622866,"type":"deadbranch_03"}
{"ctxid":0,"pos":[971.063843,-725.382202,129.624237],"rotationMatrix":[-0.0418381989,-0.999124348,0,0.999124348,-0.0418381989,0,0,0,1],"scale":0.817057729,"type":"deadbranch_03"}
{"ctxid":0,"pos":[973.112976,-725.306335,129.47403],"rotationMatrix":[0.472785264,-0.881177664,0,0.881177664,0.472785264,0,0,0,1],"scale":0.60940659,"type":"deadbranch_03"}
{"ctxid":0,"pos":[963.533813,-747.405273,129.335327],"rotationMatrix":[-0.188701943,-0.982034445,0,0.982034445,-0.188701943,0,0,0,1],"scale":0.787274182,"type":"deadbranch_03"}
{"ctxid":0,"pos":[964.370911,-748.976807,129.121658],"rotationMatrix":[-0.198758692,0.980048418,0,-0.980048418,-0.198758692,0,0,0,1],"scale":0.913857281,"type":"deadbranch_03"}
{"ctxid":0,"pos":[962.865906,-747.602356,129.341324],"rotationMatrix":[0.999917626,0.0128344987,0,-0.0128344987,0.999917626,0,0,0,1],"scale":1.19263923,"type":"deadbranch_03"}
{"ctxid":0,"pos":[963.901794,-749.737122,129.033447],"rotationMatrix":[0.561190486,0.827686727,0,-0.827686727,0.561190486,0,0,0,1],"scale":0.892498255,"type":"deadbranch_03"}
{"ctxid":0,"pos":[700.848999,-87.1121216,124.350136],"rotationMatrix":[-0.9983778,0.056643676,0.00574788917,-0.0566064827,-0.998375654,0.00643910049,0.00610328745,0.00610328792,0.999962747],"scale":1.06769514,"type":"deadbranch_03"}
{"ctxid":0,"pos":[699.401733,-85.4869003,124.354065],"rotationMatrix":[0.28652221,-0.958064735,0.00409877114,0.958054006,0.286486506,-0.00759607181,0.00610328745,0.00610328745,0.999962747],"scale":0.601341844,"type":"deadbranch_03"}
{"ctxid":0,"pos":[687.750061,-68.2329559,124.455368],"rotationMatrix":[0.905634701,-0.424003869,-0.00682151271,0.424014837,0.905655265,0.000175859197,0.0061033736,-0.00305168657,0.999976695],"scale":1.12006831,"type":"deadbranch_03"}
{"ctxid":0,"pos":[772.351929,-169.627441,124.405151],"rotationMatrix":[-0.422939897,0.906143904,-0.00497726444,-0.906146049,-0.422900319,0.00737448176,0.00457745511,0.00762909232,0.999960423],"scale":0.730645299,"type":"deadbranch_03"}
{"ctxid":0,"pos":[769.143311,-169.820786,124.462654],"rotationMatrix":[-0.936047673,-0.351624578,0.0132172871,0.351710767,-0.936096311,0.00481354073,0.0106800944,0.00915436726,0.999901056],"scale":1.08838558,"type":"deadbranch_03"}
{"ctxid":0,"pos":[768.603271,-173.239731,124.547989],"rotationMatrix":[0.993613064,-0.111994825,-0.013794207,0.111805089,0.993633866,-0.0138353296,0.0152558768,0.0122047011,0.999809146],"scale":0.911413252,"type":"deadbranch_03"}
{"ctxid":0,"pos":[775.59668,-175.167236,124.467102],"rotationMatrix":[-0.464855313,0.885356605,-0.00732869003,-0.885375082,-0.464790344,0.00901742,0.00457732845,0.0106804324,0.999932468],"scale":0.798743963,"type":"deadbranch_03"}
{"ctxid":0,"pos":[775.825073,-170.647125,124.392509],"rotationMatrix":[-0.997440815,-0.0714098811,0.00347979926,0.0714294612,-0.997428179,0.00586983375,0.00305168657,0.00610337313,0.999976695],"scale":0.935483336,"type":"deadbranch_03"}
{"ctxid":0,"pos":[755.652344,-154.020752,124.558655],"rotationMatrix":[-0.850262642,0.526304424,0.00753800571,-0.526040018,-0.850159168,0.0226044804,0.0183053464,0.0152544556,0.999716043],"scale":0.941417336,"type":"deadbranch_03"}
{"ctxid":0,"pos":[768.518188,-174.033264,124.569962],"rotationMatrix":[-0.55389142,-0.832380712,0.018612612,0.832449019,-0.554069638,-0.00593861751,0.0152558759,0.0122047011,0.999809146],"scale":1.18607056,"type":"deadbranch_03"}
{"ctxid":0,"pos":[763.886108,-175.078018,124.821304],"rotationMatrix":[-0.808867693,-0.585938632,0.0490774512,0.58665365,-0.809837699,0.000204350799,0.0396250412,0.0289567634,0.998794973],"scale":0.991138399,"type":"deadbranch_03"}
{"ctxid":0,"pos":[769.305603,-177.594498,124.645355],"rotationMatrix":[0.785530746,0.618460476,-0.0211682767,-0.618670285,0.785636723,-0.0046905065,0.0137296813,0.0167807229,0.999764919],"scale":0.605714262,"type":"deadbranch_03"}
{"ctxid":0,"pos":[769.898376,-180.771515,124.753105],"rotationMatrix":[-0.789112091,-0.613409519,0.0321011767,0.613822818,-0.78943336,0.00401941035,0.0228762031,0.0228762031,0.999476552],"scale":0.92081219,"type":"deadbranch_03"}
{"ctxid":0,"pos":[814.285767,-219.703995,124.465851],"rotationMatrix":[-0.262880087,-0.96478796,0.00882880669,0.964682341,-0.262988448,-0.014988007,0.0167821273,0.00457694381,0.999848723],"scale":1.01832509,"type":"deadbranch_03"}
{"ctxid":0,"pos":[812.089417,-221.364105,124.596161],"rotationMatrix":[-0.582805037,0.812597573,0.00484788697,-0.812148154,-0.582663536,0.0303079821,0.0274528787,0.0137264393,0.999528825],"scale":0.779555678,"type":"deadbranch_03"}
{"ctxid":0,"pos":[808.607788,-214.789337,124.665436],"rotationMatrix":[0.926385343,0.375191063,-0.0322785079,-0.375339717,0.926886022,0.00155424653,0.0305016357,0.0106755737,0.999477684],"scale":0.825845242,"type":"deadbranch_03"}
{"ctxid":0,"pos":[867.06958,-262.57251,124.554001],"rotationMatrix":[-0.35386014,-0.93529278,0.00320153474,0.935293257,-0.353845,0.00447406294,-0.00305171148,0.00457756734,0.99998486],"scale":1.06951427,"type":"deadbranch_03"}
{"ctxid":0,"pos":[908.906433,-319.208923,124.552254],"rotationMatrix":[-0.960520387,0.277614981,0.0181721076,-0.277266651,-0.960594177,0.0195378866,0.0228800327,0.0137280207,0.999643981],"scale":1.07154012,"type":"deadbranch_03"}
{"ctxid":0,"pos":[906.608276,-318.634003,124.620087],"rotationMatrix":[0.935720146,0.351480812,-0.029816851,-0.351898223,0.935985088,-0.0099753309,0.0244019888,0.0198266171,0.999505579],"scale":1.03072679,"type":"deadbranch_03"}
{"ctxid":0,"pos":[906.714661,-309.9086,124.478149],"rotationMatrix":[-0.902851105,-0.429845184,-0.00964348949,0.429820687,-0.902902603,0.00459097978,-0.0106805433,0,0.999942958],"scale":0.815715551,"type":"deadbranch_03"}
{"ctxid":0,"pos":[902.353333,-313.853485,124.487045],"rotationMatrix":[0.126553357,0.991852462,-0.0145865455,-0.991930425,0.126648962,0.00582857104,0.0076284525,0.0137312151,0.999876618],"scale":0.858127654,"type":"deadbranch_03"}
{"ctxid":0,"pos":[931.048279,-105.224075,126.235641],"rotationMatrix":[-0.889733195,0.4558025,-0.0248657688,-0.454756618,-0.889786959,-0.0384071022,-0.0396312997,-0.0228642095,0.998952746],"scale":0.684731603,"type":"deadbranch_03"}
{"ctxid":0,"pos":[921.96698,-98.1647339,125.539566],"rotationMatrix":[0.890613079,0.45172736,0.0524476171,-0.452140242,0.891936064,-0.00438433839,-0.0487604439,-0.0198089294,0.998614073],"scale":1.02733982,"type":"deadbranch_03"}
{"ctxid":0,"pos":[914.134399,-86.6951981,125.285477],"rotationMatrix":[-0.743345261,0.66865474,-0.0183868892,-0.666657507,-0.742817521,-0.0615564883,-0.0548181571,-0.0334999859,0.997934222],"scale":1.05463541,"type":"deadbranch_03"}
{"ctxid":0,"pos":[914.574463,-85.807518,125.388138],"rotationMatrix":[-0.256810427,-0.965888917,-0.0332668051,0.964904606,-0.258197784,0.0478820652,-0.054838188,-0.0198026747,0.998298883],"scale":0.718200505,"type":"deadbranch_03"}
{"ctxid":0,"pos":[909.929077,-82.1083298,125.175468],"rotationMatrix":[-0.71272552,0.701272249,-0.0154701294,-0.700143456,-0.712573886,-0.04513558,-0.0426759459,-0.021337973,0.998861074],"scale":0.898020506,"type":"deadbranch_03"}
{"ctxid":0,"pos":[920.420044,-113.485939,124.829193],"rotationMatrix":[-0.935713768,-0.350321919,-0.0413988307,0.350525409,-0.936549783,0.0024738498,-0.039638713,-0.0121965269,0.999139667],"scale":1.19499791,"type":"deadbranch_03"}
{"ctxid":0,"pos":[919.205566,-112.935982,124.768478],"rotationMatrix":[-0.90251255,0.430333912,-0.0168447495,-0.429882228,-0.902540922,-0.024922803,-0.025928203,-0.0152518852,0.999547482],"scale":0.610542536,"type":"deadbranch_03"}
{"ctxid":0,"pos":[885.112549,-9.70484352,126.03437],"rotationMatrix":[-0.65872395,0.749994636,-0.0599204451,-0.744637012,-0.661269665,-0.0907622278,-0.107694775,-0.0151682757,0.994068265],"scale":1.04834068,"type":"deadbranch_03"}
{"ctxid":0,"pos":[885.321228,-10.5748224,126.042938],"rotationMatrix":[0.242875218,-0.970056832,0.0011514537,0.963376224,0.241341352,0.116878293,-0.113656491,-0.0272775516,0.993145585],"scale":0.634958148,"type":"deadbranch_03"}
{"ctxid":0,"pos":[883.66571,-10.7643852,125.637062],"rotationMatrix":[-0.46374321,-0.880249202,-0.100514069,0.876160562,-0.472483158,0.0954039693,-0.131470516,-0.0438235067,0.990350962],"scale":0.651096106,"type":"deadbranch_03"}
{"ctxid":0,"pos":[892.782715,-34.4669228,126.407486],"rotationMatrix":[-0.149809003,-0.986714244,-0.0628641993,0.980522871,-0.156434894,0.118755028,-0.127011463,-0.0438491963,0.990931571],"scale":0.716540575,"type":"deadbranch_03"}
{"ctxid":0,"pos":[897.689087,-56.1453323,125.726784],"rotationMatrix":[0.839191914,0.537370861,0.083603248,-0.538915694,0.842346191,-0.00476777181,-0.0729849339,-0.041054029,0.996487737],"scale":0.679047227,"type":"deadbranch_03"}
{"ctxid":0,"pos":[898.179016,-58.8543968,125.592239],"rotationMatrix":[-0.537563324,-0.839202285,-0.0822492242,0.839074016,-0.542031884,0.0464327112,-0.0835481584,-0.0440526679,0.995529532],"scale":0.669387162,"type":"deadbranch_03"}
{"ctxid":0,"pos":[897.852112,-66.557724,124.98645],"rotationMatrix":[-0.823574066,0.566856265,-0.0199935809,-0.563936949,-0.822095156,-0.0783245936,-0.0608354136,-0.0532309823,0.996727407],"scale":0.891160846,"type":"deadbranch_03"}
{"ctxid":0,"pos":[900.35083,-73.131958,124.843376],"rotationMatrix":[-0.993978024,0.10063868,-0.0433508307,-0.09958563,-0.994694114,-0.0258076265,-0.0457180664,-0.0213350989,0.998726547],"scale":0.771058857,"type":"deadbranch_03"}
{"ctxid":0,"pos":[887.119202,3.93805766,127.026016],"rotationMatrix":[-0.357750416,-0.932550371,-0.0486202948,0.928902447,-0.360719681,0.0837915987,-0.0956782103,-0.0151870139,0.995296478],"scale":1.05163288,"type":"deadbranch_03"}
{"ctxid":0,"pos":[883.550232,11.0635319,126.366386],"rotationMatrix":[-0.901838422,0.422520489,-0.0903510004,-0.419566542,-0.906321287,-0.0504488125,-0.103202716,-0.0075884331,0.99463141],"scale":0.618752837,"type":"deadbranch_03"}
{"ctxid":0,"pos":[883.983032,12.5432243,126.475395],"rotationMatrix":[-0.0868237019,-0.996129274,-0.0137012303,0.990705729,-0.087780118,0.103905275,-0.104705803,-0.00455242395,0.994492829],"scale":0.930064678,"type":"deadbranch_03"}
{"ctxid":0,"pos":[885.859497,10.7051382,126.929474],"rotationMatrix":[-0.13249445,-0.991013169,-0.0183810778,0.98684144,-0.133625269,0.0910382494,-0.0926762968,-0.00607713312,0.995677769],"scale":0.702663898,"type":"deadbranch_03"}
{"ctxid":0,"pos":[883.044312,11.2783108,126.263947],"rotationMatrix":[0.371967375,0.927163005,0.0448217839,-0.922321558,0.374608934,-0.0948207974,-0.104704976,-0.00606985763,0.994484782],"scale":1.15420818,"type":"deadbranch_03"}
{"ctxid":0,"pos":[879.20752,-6.16240311,125.123642],"rotationMatrix":[0.642113864,-0.766156852,0.0263318215,0.764185369,0.642435193,0.0574252307,-0.0609132275,-0.0167511404,0.99800247],"scale":0.865585327,"type":"deadbranch_03"}
{"ctxid":0,"pos":[885.314758,-1.74582195,126.427345],"rotationMatrix":[0.483628333,-0.874811471,0.0284329224,0.871554196,0.484310627,0.0763959587,-0.0806024373,-0.012166407,0.996672094],"scale":0.629413366,"type":"deadbranch_03"}
{"ctxid":0,"pos":[881.212036,-6.3104372,125.401016],"rotationMatrix":[0.731298804,0.674302399,0.102558643,-0.671480119,0.738150835,-0.065174602,-0.119651139,-0.0212039948,0.992589533],"scale":1.03481627,"type":"deadbranch_03"}
{"ctxid":0,"pos":[885.302734,-4.14160061,126.356339],"rotationMatrix":[0.639581919,-0.768104911,0.0308188461,0.763657093,0.639451265,0.0890503526,-0.0881071687,-0.0334199592,0.995550215],"scale":0.79839921,"type":"deadbranch_03"}
{"ctxid":0,"pos":[883.342102,-5.69591761,125.87326],"rotationMatrix":[-0.0439316034,-0.998609364,-0.029139556,0.993214905,-0.0468008518,0.106459737,-0.107675456,-0.0242648907,0.993889928],"scale":0.90880692,"type":"deadbranch_03"}
{"ctxid":0,"pos":[880.636841,-3.66550255,125.494125],"rotationMatrix":[0.532834291,0.844298601,0.0569874644,-0.841456413,0.535767436,-0.0700310618,-0.0896591544,-0.0106375236,0.995915711],"scale":0.76611501,"type":"deadbranch_03"}
{"ctxid":0,"pos":[881.235413,-3.05526114,125.612778],"rotationMatrix":[0.368813515,-0.929252505,0.0215893276,0.925596237,0.369291604,0.0830359459,-0.0851341188,-0.0106417648,0.996312678],"scale":1.19124746,"type":"deadbranch_03"}
{"ctxid":0,"pos":[879.477783,-3.24157143,125.301758],"rotationMatrix":[0.605976105,-0.795425713,0.00953152031,0.791698635,0.60421747,0.0901906863,-0.0774991065,-0.0471073017,0.995878875],"scale":0.763359547,"type":"deadbranch_03"}
{"ctxid":0,"pos":[926.914062,149.793213,124.826599],"rotationMatrix":[0.984023392,-0.158584043,0.0809260458,0.163775757,0.984539986,-0.0621166527,-0.0698242188,0.0743779689,0.994782627],"scale":1.19020772,"type":"deadbranch_03"}
{"ctxid":0,"pos":[910.428894,125.253929,125.03521],"rotationMatrix":[-0.692887306,0.719370723,-0.0491189919,-0.719182491,-0.694385529,-0.0245965272,-0.0518015437,0.0182828978,0.998490036],"scale":0.769872963,"type":"deadbranch_03"}
{"ctxid":0,"pos":[906.684631,107.121712,125.607597],"rotationMatrix":[-0.542000413,-0.840366244,0.00443958491,0.836659193,-0.539098024,0.0968214571,-0.078972131,0.0561917089,0.995291889],"scale":0.998688698,"type":"deadbranch_03"}
{"ctxid":0,"pos":[905.828064,107.151077,125.482803],"rotationMatrix":[-0.955609918,0.288031995,-0.0620226339,-0.289774537,-0.956863761,0.021025829,-0.0532911122,0.0380650759,0.99785322],"scale":0.619005799,"type":"deadbranch_03"}
{"ctxid":0,"pos":[984.498291,128.017151,127.079178],"rotationMatrix":[-0.157634377,0.986770034,0.0378978774,-0.970934629,-0.161875725,0.17630142,0.180103719,-0.00900519639,0.983606398],"scale":1.17478907,"type":"deadbranch_03"}
{"ctxid":0,"pos":[984.517456,126.670677,126.9104],"rotationMatrix":[-0.983828425,-0.156448796,0.0872075334,0.154181436,-0.987517595,-0.0321977213,0.0911562815,-0.0182312559,0.995669723],"scale":1.19232285,"type":"deadbranch_03"}
{"ctxid":0,"pos":[982.63562,115.256081,126.565613],"rotationMatrix":[0.383738577,-0.92222774,-0.0473344922,0.920049071,0.386215985,-0.0659301132,0.0790839195,-0.0182501338,0.996700883],"scale":0.671070814,"type":"deadbranch_03"}
{"ctxid":0,"pos":[983.038635,104.522354,126.473434],"rotationMatrix":[0.766412079,0.63610363,-0.0893570706,-0.637087345,0.770512223,0.0207502618,0.0820500329,0.0410250165,0.995783508],"scale":0.61185652,"type":"deadbranch_03"}
{"ctxid":0,"pos":[981.882568,106.644386,126.578949],"rotationMatrix":[0.643587947,0.764543831,-0.0355971232,-0.762821019,0.644542873,0.0516568571,0.0624378026,-0.00609149225,0.998030245],"scale":0.865328908,"type":"deadbranch_03"}
