{"ctxid":0,"pos":[235.414963,-293.885925,127.493874],"rotationMatrix":[-0.819870472,-0.571879745,0.0276705846,0.535517097,-0.783044934,-0.316325396,0.202567428,-0.244527832,0.948247075],"scale":0.916715622,"type":"deadpalm_01"}
{"ctxid":0,"pos":[186.210297,-336.435699,129.049652],"rotationMatrix":[-0.992898464,-0.0801834986,0.0878801644,0.0658319667,-0.985636234,-0.155522004,0.099088192,-0.148632273,0.983915627],"scale":0.913422108,"type":"deadpalm_01"}
{"ctxid":0,"pos":[187.715363,-336.967377,128.446442],"rotationMatrix":[0.557991028,0.827124,0.0671704039,-0.825550437,0.545054436,0.146226153,0.0843356326,-0.137045428,0.9869681],"scale":0.852014959,"type":"deadpalm_01"}
{"ctxid":0,"pos":[189.968109,-335.036591,128.762253],"rotationMatrix":[0.918287396,-0.369839996,-0.141303167,0.383642584,0.919392765,0.0868059993,0.0978087708,-0.133922771,0.986153185],"scale":0.809301376,"type":"deadpalm_01"}
{"ctxid":0,"pos":[185.859085,-335.471649,129.420975],"rotationMatrix":[-0.0797721148,0.983159781,0.164417878,-0.991432905,-0.0953689814,0.0892494023,0.103426799,-0.155889675,0.982344806],"scale":0.768748939,"type":"deadpalm_01"}
{"ctxid":0,"pos":[187.351608,-336.581299,128.806396],"rotationMatrix":[0.693079829,-0.704484761,-0.152779311,0.716252744,0.696930766,0.0356280357,0.0813771933,-0.134121686,0.98761791],"scale":0.96593374,"type":"deadpalm_01"}
{"ctxid":0,"pos":[134.839478,-432.406799,124.382797],"rotationMatrix":[0.998385012,-0.031361118,-0.0473694094,0.0315423608,0.999497652,0.00308331265,0.0472489186,-0.00457247626,0.998872697],"scale":0.894472361,"type":"deadpalm_01"}
{"ctxid":0,"pos":[125.728462,-429.171356,125.673485],"rotationMatrix":[0.966749728,0.25132975,-0.0472045727,-0.251030654,0.967901528,0.0122573581,0.0487700142,-4.65661287e-10,0.998810053],"scale":0.768939674,"type":"deadpalm_01"}
{"ctxid":0,"pos":[127.639732,-430.525787,125.515259],"rotationMatrix":[-0.701665521,-0.707954824,0.080404833,0.705847681,-0.706059813,-0.0570794567,0.0971803218,0.016702868,0.995126605],"scale":0.794905603,"type":"deadpalm_01"}
{"ctxid":0,"pos":[129.13501,-427.295471,125.213455],"rotationMatrix":[-0.848918676,0.527469158,0.0333646648,-0.526917934,-0.849568605,0.024301026,0.0411636196,0.00304915756,0.999147773],"scale":0.706635356,"type":"deadpalm_01"}
{"ctxid":0,"pos":[132.056076,-436.976898,124.748749],"rotationMatrix":[-0.725043416,0.688354433,0.0219159666,-0.686636508,-0.724964976,0.054369688,0.0533139259,0.0243720785,0.998280346],"scale":0.814480305,"type":"deadpalm_01"}
{"ctxid":0,"pos":[132.817261,-444.263031,125.086823],"rotationMatrix":[-0.910092294,-0.248874664,0.331350058,0.280137628,-0.958689451,0.0493663922,0.305375963,0.137751639,0.942215443],"scale":0.888668895,"type":"deadpalm_01"}
{"ctxid":0,"pos":[131.730499,-443.775604,125.410149],"rotationMatrix":[0.686742067,0.69921875,-0.19869107,-0.66956073,0.714887321,0.201554388,0.282972366,-0.0053801015,0.959113002],"scale":0.95161128,"type":"deadpalm_01"}
{"ctxid":0,"pos":[126.890976,-409.975189,125.50914],"rotationMatrix":[0.465861678,0.884572208,-0.0224679802,-0.882432163,0.46631372,0.0621680729,0.0654692799,-0.00913525,0.997812748],"scale":0.97412616,"type":"deadpalm_01"}
{"ctxid":0,"pos":[126.508018,-398.741577,125.717987],"rotationMatrix":[-0.0471123457,-0.997401476,-0.0545013472,0.99887085,-0.0467083454,-0.00866240449,0.00609421544,-0.0548479259,0.998476148],"scale":0.994453549,"type":"deadpalm_01"}
{"ctxid":0,"pos":[126.231743,-399.96759,125.62323],"rotationMatrix":[0.527217865,0.849266648,0.0280615352,-0.849663138,0.526473999,0.0299621038,0.0106721483,-0.0396394096,0.999157071],"scale":0.877839565,"type":"deadpalm_01"}
{"ctxid":0,"pos":[146.991302,-385.838593,125.04631],"rotationMatrix":[0.285138786,-0.955869138,-0.0707811192,0.956356466,0.288648546,-0.0454340056,0.0638598278,-0.0547369942,0.996456623],"scale":0.773801923,"type":"deadpalm_01"}
{"ctxid":0,"pos":[143.985474,-390.735901,125.198044],"rotationMatrix":[0.547575593,0.835616052,-0.0436652452,-0.834855855,0.549102604,0.038755253,0.0563612133,0.0152327595,0.998294234],"scale":0.85311377,"type":"deadpalm_01"}
{"ctxid":0,"pos":[142.210999,-392.231415,125.371765],"rotationMatrix":[0.235209107,-0.97143501,-0.0314724147,0.970563352,0.236477435,-0.0456618518,0.0518000349,-0.0198058952,0.998461068],"scale":0.827979207,"type":"deadpalm_01"}
{"ctxid":0,"pos":[161.71199,-370.163177,125.326233],"rotationMatrix":[0.523183823,-0.851597488,-0.0325617567,0.851777613,0.523761213,-0.0122060264,0.0274492055,-0.0213493817,0.999395192],"scale":0.779362738,"type":"deadpalm_01"}
{"ctxid":0,"pos":[191.026733,-343.227325,125.387054],"rotationMatrix":[-0.386224985,0.916643858,0.102929175,-0.920694113,-0.38989377,0.0174741335,0.056148991,-0.0880173445,0.994535208],"scale":0.936051369,"type":"deadpalm_01"}
{"ctxid":0,"pos":[183.682907,-349.991089,125.234955],"rotationMatrix":[0.870022357,-0.489060044,-0.0623003282,0.490285695,0.871546566,0.00515114516,0.0517784171,-0.0350265726,0.998044133],"scale":0.795278072,"type":"deadpalm_01"}
{"ctxid":0,"pos":[182.402252,-351.841919,125.183228],"rotationMatrix":[-0.385466099,0.920805514,0.0594368875,-0.921805203,-0.387153864,0.0196639486,0.0411179066,-0.0472094528,0.998038352],"scale":0.844201088,"type":"deadpalm_01"}
{"ctxid":0,"pos":[181.68541,-349.989746,125.455612],"rotationMatrix":[0.140081421,0.99014008,0,-0.99014008,0.140081421,0,0,0,1],"scale":0.721913338,"type":"deadpalm_01"}
{"ctxid":0,"pos":[179.619629,-349.618164,125.751701],"rotationMatrix":[0.961147308,-0.276035905,0,0.276035905,0.961147308,0,0,0,1],"scale":0.808356464,"type":"deadpalm_01"}
{"ctxid":0,"pos":[206.516312,-332.590576,125.224167],"rotationMatrix":[0.225725651,0.97415632,0.00819330104,-0.973255455,0.225132525,0.0457042567,0.0426785201,-0.0182907917,0.998921394],"scale":0.814967394,"type":"deadpalm_01"}
{"ctxid":0,"pos":[203.076767,-335.302124,125.249237],"rotationMatrix":[-0.418463111,0.906200528,0.0607396998,-0.907946467,-0.419076443,-0.00287877023,0.0228458308,-0.0563530512,0.998149514],"scale":0.820216537,"type":"deadpalm_01"}
{"ctxid":0,"pos":[200.840546,-340.572998,124.837341],"rotationMatrix":[0.212361097,0.977136135,0.010371292,-0.97709465,0.212477326,-0.0117972819,-0.0137312151,-0.00762845296,0.999876618],"scale":0.876814246,"type":"deadpalm_01"}
{"ctxid":0,"pos":[217.105865,-332.1698,124.804642],"rotationMatrix":[-0.93541646,0.353415072,0.00967468321,-0.35351783,-0.935342073,-0.0126539124,0.00457705511,-0.0152568528,0.999873102],"scale":0.992797077,"type":"deadpalm_01"}
{"ctxid":0,"pos":[218.189133,-323.661621,124.775681],"rotationMatrix":[0.273607254,0.961172104,0.0358741321,-0.960756421,0.271337509,0.0576428622,0.0456707291,-0.0502378121,0.997692525],"scale":0.905202031,"type":"deadpalm_01"}
{"ctxid":0,"pos":[217.480164,-322.363007,125.004684],"rotationMatrix":[-0.98819983,0.10352242,0.112889186,-0.112142444,-0.991016269,-0.0728745759,0.104330868,-0.0846743286,0.990931571],"scale":0.749742389,"type":"deadpalm_01"}
{"ctxid":0,"pos":[214.25061,-329.655823,124.881332],"rotationMatrix":[-0.125262141,-0.99211961,-0.00280612148,0.991784632,-0.125144958,-0.0264906622,0.0259307344,-0.00610134844,0.999645114],"scale":0.794902742,"type":"deadpalm_01"}
{"ctxid":0,"pos":[228.539001,-314.329742,124.690804],"rotationMatrix":[0.471149683,-0.87732774,-0.0911796987,0.880874336,0.473341763,-0.00276560709,0.0455854982,-0.0790148675,0.995830595],"scale":0.746553719,"type":"deadpalm_01"}
{"ctxid":0,"pos":[232.051987,-311.470245,124.959213],"rotationMatrix":[-0.851432323,-0.524444401,0.0045363009,0.518094838,-0.842404723,-0.148093119,0.0814880282,-0.123741075,0.988963008],"scale":0.90558511,"type":"deadpalm_01"}
{"ctxid":0,"pos":[228.838043,-308.17157,126.341263],"rotationMatrix":[0.920140028,-0.370170802,-0.127733678,0.380975515,0.921666265,0.0734096766,0.0905537084,-0.116210595,0.989087999],"scale":0.70984,"type":"deadpalm_01"}
{"ctxid":0,"pos":[309.739105,-282.513672,124.630493],"rotationMatrix":[-0.00961899757,0.991326272,0.131071627,-0.998474419,-0.00239443779,-0.0551657081,-0.0543733686,-0.131402299,0.989836812],"scale":0.842939019,"type":"deadpalm_01"}
{"ctxid":0,"pos":[311.770966,-287.8862,124.514008],"rotationMatrix":[0.995903611,0.0850730538,0.030636698,-0.0866356641,0.994780064,0.0539154895,-0.0258900188,-0.056348864,0.998075426],"scale":0.940093696,"type":"deadpalm_01"}
{"ctxid":0,"pos":[302.883514,-290.52124,124.411499],"rotationMatrix":[0.885619819,0.464372456,-0.00598236313,-0.464320719,0.885628164,0.00830506813,0.00915479381,-0.00457739737,0.999947608],"scale":0.742079079,"type":"deadpalm_01"}
{"ctxid":0,"pos":[305.333679,-286.201996,124.367477],"rotationMatrix":[-0.346027017,0.938136935,0.012812864,-0.938145041,-0.346143126,0.00828293059,0.0122056101,-0.00915420707,0.999883592],"scale":0.838371873,"type":"deadpalm_01"}
{"ctxid":0,"pos":[480.712585,-494.862305,128.350571],"rotationMatrix":[-0.762850523,0.601495445,0.237195581,-0.639504969,-0.756005526,-0.139601409,0.0953516066,-0.258182824,0.961379051],"scale":0.80220294,"type":"deadpalm_01"}
{"ctxid":0,"pos":[483.119781,-495.192993,128.384048],"rotationMatrix":[0.451880872,-0.843596637,-0.290082991,0.890365303,0.446643353,0.0880858898,0.0552546233,-0.298084199,0.952938974],"scale":0.804133952,"type":"deadpalm_01"}
{"ctxid":0,"pos":[484.266876,-493.66272,129.269775],"rotationMatrix":[0.90434283,0.417498797,0.0886496007,-0.425843328,0.896571636,0.121723935,-0.0286611132,-0.147831008,0.988597274],"scale":0.853273749,"type":"deadpalm_01"}
{"ctxid":0,"pos":[482.684967,-495.22583,128.354599],"rotationMatrix":[0.807997942,-0.5690853,0.152581602,0.547131002,0.820812762,0.16405499,-0.21860221,-0.0490739681,0.974579275],"scale":0.777932525,"type":"deadpalm_01"}
{"ctxid":0,"pos":[472.59021,-497.513519,128.985992],"rotationMatrix":[0.49560684,0.828981221,0.259160072,-0.864770353,0.498768568,0.0583279729,-0.0809080973,-0.253021687,0.964071512],"scale":0.785830021,"type":"deadpalm_01"}
{"ctxid":0,"pos":[482.975983,-491.164215,129.842316],"rotationMatrix":[0.705883861,-0.706662774,-0.0485345684,0.708164334,0.702591896,0.0697695762,-0.0152035765,-0.0836196691,0.99638176],"scale":0.916597724,"type":"deadpalm_01"}
{"ctxid":0,"pos":[611.681824,-862.119934,125.934784],"rotationMatrix":[0.964015305,-0.237348258,-0.119751044,0.211934417,0.958074868,-0.192811593,0.16049397,0.160493955,0.973901093],"scale":0.868786693,"type":"deadpalm_01"}
{"ctxid":0,"pos":[610.582275,-862.355103,126.357506],"rotationMatrix":[-0.0101290941,-0.983890891,0.178482398,0.991711378,-0.0327475071,-0.124241576,0.128085032,0.175744578,0.976067662],"scale":0.802042127,"type":"deadpalm_01"}
{"ctxid":0,"pos":[610.634705,-861.226868,125.852356],"rotationMatrix":[-0.731183887,-0.633911073,0.25204435,0.663320601,-0.746938705,0.0456925407,0.159296721,0.200595886,0.96663636],"scale":0.765960693,"type":"deadpalm_01"}
{"ctxid":0,"pos":[606.175476,-859.539246,126.180786],"rotationMatrix":[0.902702987,-0.417598128,-0.103629574,0.378562033,0.885321259,-0.269994617,0.2044947,0.204494715,0.957268953],"scale":0.904435694,"type":"deadpalm_01"}
{"ctxid":0,"pos":[608.552429,-862.841675,128.487808],"rotationMatrix":[-0.147376418,0.565939009,-0.811167598,-0.628244936,0.579870224,0.518708706,0.763929486,0.586057544,0.270089209],"scale":0.822288275,"type":"deadpalm_01"}
{"ctxid":0,"pos":[613.95459,-861.247864,124.610664],"rotationMatrix":[0.652269125,-0.755235434,0.0645308942,0.740600824,0.616864085,-0.26643759,0.161416382,0.221580654,0.961689532],"scale":0.826952875,"type":"deadpalm_01"}
{"ctxid":0,"pos":[615.995361,-865.289307,125.491974],"rotationMatrix":[0.822484016,-0.420759171,-0.382729381,0.29364273,0.890388608,-0.347824723,0.487128347,0.173694521,0.855883241],"scale":0.94984746,"type":"deadpalm_01"}
{"ctxid":0,"pos":[614.115662,-865.37146,127.444542],"rotationMatrix":[-0.49986279,0.820691764,-0.276770562,-0.783317149,-0.292037606,0.548751414,0.369528383,0.491099626,0.78884089],"scale":0.896090388,"type":"deadpalm_01"}
{"ctxid":0,"pos":[621.605225,-869.034851,124.513596],"rotationMatrix":[-0.17110312,-0.980994821,0.0915010422,0.977626204,-0.180577993,-0.107880473,0.1223533,0.0709951222,0.9899441],"scale":0.79130125,"type":"deadpalm_01"}
{"ctxid":0,"pos":[618.116577,-871.094421,126.452789],"rotationMatrix":[-0.948887229,-0.0498056076,0.311660022,0.0834995657,-0.991900563,0.0957115889,0.304368824,0.116843,0.945360959],"scale":0.962926745,"type":"deadpalm_01"}
{"ctxid":0,"pos":[616.315674,-866.468018,125.726501],"rotationMatrix":[-0.905992031,-0.241210103,0.347844541,0.282523513,-0.95651114,0.0725724548,0.315212011,0.164024353,0.934739232],"scale":0.820535064,"type":"deadpalm_01"}
{"ctxid":0,"pos":[617.219116,-866.747864,125.218018],"rotationMatrix":[-0.473033786,0.881036878,-0.00352057815,-0.832575083,-0.445700169,0.328891098,0.288196117,0.158507854,0.944361269],"scale":0.847842693,"type":"deadpalm_01"}
{"ctxid":0,"pos":[616.797424,-865.985962,125.232323],"rotationMatrix":[0.476569414,-0.879133463,-0.00241707265,0.820770383,0.445913076,-0.357067853,0.314988136,0.168183714,0.934075296],"scale":0.878562927,"type":"deadpalm_01"}
{"ctxid":0,"pos":[623.124634,-883.317078,125.079254],"rotationMatrix":[-0.818122983,-0.572037578,0.0587123632,0.563732266,-0.817990661,-0.114440247,0.113490313,-0.060528174,0.991693616],"scale":0.716792345,"type":"deadpalm_01"}
{"ctxid":0,"pos":[620.987122,-883.190552,125.666061],"rotationMatrix":[0.645528555,-0.747989893,-0.154284775,0.75439775,0.65598321,-0.0238747597,0.119066298,-0.100980267,0.987737894],"scale":0.932416439,"type":"deadpalm_01"}
{"ctxid":0,"pos":[620.234253,-886.419861,125.13649],"rotationMatrix":[-0.971208215,-0.231362328,0.0567948706,0.223245755,-0.96709311,-0.122032233,0.0831596032,-0.105839513,0.990899801],"scale":0.783111215,"type":"deadpalm_01"}
{"ctxid":0,"pos":[619.95752,-883.03418,125.978195],"rotationMatrix":[0.496279478,0.866659522,0.0510672443,-0.859596252,0.482288659,0.168795511,0.1216591,-0.127666965,0.984327316],"scale":0.924361587,"type":"deadpalm_01"}
{"ctxid":0,"pos":[333.081329,-555.80072,130.208191],"rotationMatrix":[0.400571316,-0.916265547,0,0.916265547,0.400571316,0,0,0,1],"scale":0.818146706,"type":"deadpalm_01"}
{"ctxid":0,"pos":[333.658325,-554.071106,129.91983],"rotationMatrix":[-0.967559993,-0.252641529,0,0.252641529,-0.967559993,0,0,0,1],"scale":0.761317074,"type":"deadpalm_01"}
{"ctxid":0,"pos":[334.234344,-555.898926,129.864197],"rotationMatrix":[-0.000739661802,-0.999999702,0,0.999999702,-0.000739661802,0,0,0,1],"scale":0.800251245,"type":"deadpalm_01"}
{"ctxid":0,"pos":[334.015259,-555.409729,129.893967],"rotationMatrix":[0.925690591,0.378281623,0,-0.378281623,0.925690591,0,0,0,1],"scale":0.939847708,"type":"deadpalm_01"}
{"ctxid":0,"pos":[333.830627,-554.568848,129.910187],"rotationMatrix":[-0.46108228,0.887357295,0,-0.887357295,-0.46108228,0,0,0,1],"scale":0.929857969,"type":"deadpalm_01"}
{"ctxid":0,"pos":[330.501129,-554.873291,130.894241],"rotationMatrix":[-0.163746461,0.986502409,0,-0.986502409,-0.163746461,0,0,0,1],"scale":0.967452288,"type":"deadpalm_01"}
{"ctxid":0,"pos":[333.400269,-555.287903,130.036896],"rotationMatrix":[0.999896705,-0.0143668484,0,0.0143668484,0.999896705,0,0,0,1],"scale":0.807104588,"type":"deadpalm_01"}
{"ctxid":0,"pos":[326.445007,-546.367188,129.846573],"rotationMatrix":[0.59211278,0.805855155,0,-0.805855155,0.59211278,0,0,0,1],"scale":0.969468355,"type":"deadpalm_01"}
{"ctxid":0,"pos":[324.064331,-544.526428,129.787659],"rotationMatrix":[-0.283334166,-0.95902127,0,0.95902127,-0.283334166,0,0,0,1],"scale":0.993330121,"type":"deadpalm_01"}
{"ctxid":0,"pos":[324.757874,-546.25061,130.100403],"rotationMatrix":[-0.900883555,0.434060991,0,-0.434060991,-0.900883555,0,0,0,1],"scale":0.707063496,"type":"deadpalm_01"}
{"ctxid":0,"pos":[373.901611,-634.173279,125.184479],"rotationMatrix":[0.995547414,-0.0942615345,0,0.0942615345,0.995547414,0,0,0,1],"scale":0.809898376,"type":"deadpalm_01"}
{"ctxid":0,"pos":[374.236908,-638.943848,125.375671],"rotationMatrix":[0.988182366,0.153282329,0,-0.153282329,0.988182366,0,0,0,1],"scale":0.753650367,"type":"deadpalm_01"}
{"ctxid":0,"pos":[376.924164,-633.889404,124.994354],"rotationMatrix":[-0.542889774,0.839803874,0,-0.839803874,-0.542889774,0,0,0,1],"scale":0.788648605,"type":"deadpalm_01"}
{"ctxid":0,"pos":[377.050598,-637.046936,125.045959],"rotationMatrix":[0.569358647,0.822089314,0,-0.822089314,0.569358647,0,0,0,1],"scale":0.723164856,"type":"deadpalm_01"}
{"ctxid":0,"pos":[376.400635,-640.840271,125.207817],"rotationMatrix":[0.69146204,0.722412944,0,-0.722412944,0.69146204,0,0,0,1],"scale":0.967987478,"type":"deadpalm_01"}
{"ctxid":0,"pos":[375.819611,-635.767822,125.108963],"rotationMatrix":[-0.592662275,0.805450976,0,-0.805450976,-0.592662275,0,0,0,1],"scale":0.786180139,"type":"deadpalm_01"}
{"ctxid":0,"pos":[376.164124,-637.330139,125.127777],"rotationMatrix":[0.391771615,-0.920062482,0,0.920062482,0.391771615,0,0,0,1],"scale":0.708347499,"type":"deadpalm_01"}
{"ctxid":0,"pos":[373.537506,-635.494141,125.275879],"rotationMatrix":[-0.432395428,-0.901684046,0,0.901684046,-0.432395428,0,0,0,1],"scale":0.743308902,"type":"deadpalm_01"}
{"ctxid":0,"pos":[377.76828,-641.096069,125.068283],"rotationMatrix":[0.178003013,0.984029949,0,-0.984029949,0.178003013,0,0,0,1],"scale":0.862112164,"type":"deadpalm_01"}
{"ctxid":0,"pos":[380.056519,-664.498352,125.816513],"rotationMatrix":[-0.490023106,-0.871709466,0,0.871709466,-0.490023106,0,0,0,1],"scale":0.873610377,"type":"deadpalm_01"}
{"ctxid":0,"pos":[376.28244,-663.299377,126.812897],"rotationMatrix":[0.680452764,-0.73279196,0,0.73279196,0.680452764,0,0,0,1],"scale":0.778849959,"type":"deadpalm_01"}
{"ctxid":0,"pos":[375.252014,-662.086975,126.978287],"rotationMatrix":[-0.322017968,-0.946733534,0,0.946733534,-0.322017968,0,0,0,1],"scale":0.935727,"type":"deadpalm_01"}
{"ctxid":0,"pos":[380.918762,-669.52478,125.9953],"rotationMatrix":[-0.989825726,0.142284676,0,-0.142284676,-0.989825726,0,0,0,1],"scale":0.788712382,"type":"deadpalm_01"}
{"ctxid":0,"pos":[379.363892,-666.140198,126.214973],"rotationMatrix":[0.973698735,0.22783947,0,-0.22783947,0.973698735,0,0,0,1],"scale":0.966301322,"type":"deadpalm_01"}
{"ctxid":0,"pos":[387.616608,-674.0578,125.151077],"rotationMatrix":[-0.704049528,-0.710150778,0,0.710150778,-0.704049528,0,0,0,1],"scale":0.870087087,"type":"deadpalm_01"}
{"ctxid":0,"pos":[384.697937,-672.001709,125.45845],"rotationMatrix":[0.666783094,0.745251954,0,-0.745251954,0.666783094,0,0,0,1],"scale":0.940110028,"type":"deadpalm_01"}
{"ctxid":0,"pos":[384.910706,-677.37439,125.718887],"rotationMatrix":[0.125518426,0.992091298,0,-0.992091298,0.125518426,0,0,0,1],"scale":0.964786291,"type":"deadpalm_01"}
{"ctxid":0,"pos":[387.349091,-676.971497,125.323929],"rotationMatrix":[-0.945638061,-0.325221151,0,0.325221151,-0.945638061,0,0,0,1],"scale":0.809054375,"type":"deadpalm_01"}
{"ctxid":0,"pos":[385.039673,-675.436707,125.591904],"rotationMatrix":[-0.111929074,-0.99371618,0,0.99371618,-0.111929074,0,0,0,1],"scale":0.895142913,"type":"deadpalm_01"}
{"ctxid":0,"pos":[385.597931,-687.561584,126.109924],"rotationMatrix":[0.967573822,-0.252588302,0,0.252588302,0.967573822,0,0,0,1],"scale":0.723710358,"type":"deadpalm_01"}
{"ctxid":0,"pos":[384.199585,-685.171387,126.249565],"rotationMatrix":[-0.374590069,-0.927190542,0,0.927190542,-0.374590069,0,0,0,1],"scale":0.813921869,"type":"deadpalm_01"}
{"ctxid":0,"pos":[388.094238,-684.000366,125.562134],"rotationMatrix":[0.999895453,0.0144613152,0,-0.0144613152,0.999895453,0,0,0,1],"scale":0.803690016,"type":"deadpalm_01"}
{"ctxid":0,"pos":[390.240845,-685.930054,125.330147],"rotationMatrix":[-0.952324152,-0.305088013,0,0.305088013,-0.952324152,0,0,0,1],"scale":0.795109272,"type":"deadpalm_01"}
{"ctxid":0,"pos":[399.863129,-752.045654,125.052307],"rotationMatrix":[-0.975621223,-0.219461158,0,0.219461158,-0.975621223,0,0,0,1],"scale":0.821665525,"type":"deadpalm_01"}
{"ctxid":0,"pos":[405.394745,-749.77948,124.89502],"rotationMatrix":[0.53887862,-0.842383504,0,0.842383504,0.53887862,0,0,0,1],"scale":0.740498424,"type":"deadpalm_01"}
{"ctxid":0,"pos":[404.084778,-753.707581,125.014801],"rotationMatrix":[-0.258189142,0.966094375,0,-0.966094375,-0.258189142,0,0,0,1],"scale":0.87100029,"type":"deadpalm_01"}
{"ctxid":0,"pos":[404.401031,-750.602539,124.938965],"rotationMatrix":[-0.785535753,0.618816137,0,-0.618816137,-0.785535753,0,0,0,1],"scale":0.908879757,"type":"deadpalm_01"}
{"ctxid":0,"pos":[408.31665,-755.516296,124.839279],"rotationMatrix":[-0.0872353613,0.996187687,0,-0.996187687,-0.0872353613,0,0,0,1],"scale":0.733035922,"type":"deadpalm_01"}
{"ctxid":0,"pos":[414.433105,-761.712158,124.538681],"rotationMatrix":[0.739853144,0.672768474,0,-0.672768474,0.739853144,0,0,0,1],"scale":0.886434019,"type":"deadpalm_01"}
{"ctxid":0,"pos":[413.430695,-761.29303,124.558716],"rotationMatrix":[-0.965144992,0.261715949,0,-0.261715949,-0.965144992,0,0,0,1],"scale":0.800859928,"type":"deadpalm_01"}
{"ctxid":0,"pos":[412.169434,-759.22699,124.614899],"rotationMatrix":[0.958562136,0.284883559,0,-0.284883559,0.958562136,0,0,0,1],"scale":0.808618128,"type":"deadpalm_01"}
{"ctxid":0,"pos":[418.274567,-765.559021,124.447449],"rotationMatrix":[-0.812460303,-0.583016396,0,0.583016396,-0.812460303,0,0,0,1],"scale":0.947384417,"type":"deadpalm_01"}
{"ctxid":0,"pos":[415.55957,-764.761719,124.520401],"rotationMatrix":[-0.742610991,0.669723034,0,-0.669723034,-0.742610991,0,0,0,1],"scale":0.76551199,"type":"deadpalm_01"}
{"ctxid":0,"pos":[419.661438,-771.42926,124.514236],"rotationMatrix":[0.131651625,-0.991296053,0,0.991296053,0.131651625,0,0,0,1],"scale":0.85374707,"type":"deadpalm_01"}
{"ctxid":0,"pos":[421.129883,-770.994324,124.483513],"rotationMatrix":[-0.834810495,0.550537407,0,-0.550537407,-0.834810495,0,0,0,1],"scale":0.862072349,"type":"deadpalm_01"}
{"ctxid":0,"pos":[430.484558,-795.370789,124.537354],"rotationMatrix":[-0.863368154,0.504574656,0,-0.504574656,-0.863368154,0,0,0,1],"scale":0.746516943,"type":"deadpalm_01"}
{"ctxid":0,"pos":[430.656097,-800.381897,124.601044],"rotationMatrix":[-0.242106393,-0.970249772,0,0.970249772,-0.242106393,0,0,0,1],"scale":0.864837885,"type":"deadpalm_01"}
{"ctxid":0,"pos":[428.852295,-796.858521,124.573334],"rotationMatrix":[0.812022567,-0.583625972,0,0.583625972,0.812022567,0,0,0,1],"scale":0.707866013,"type":"deadpalm_01"}
{"ctxid":0,"pos":[448.801483,-816.233093,124.522903],"rotationMatrix":[0.981851935,-0.189648807,0,0.189648807,0.981851935,0,0,0,1],"scale":0.736383021,"type":"deadpalm_01"}
{"ctxid":0,"pos":[419.659943,-789.464355,126.432457],"rotationMatrix":[0.996540904,0.0831029043,0,-0.0831029043,0.996540904,0,0,0,1],"scale":0.927151203,"type":"deadpalm_01"}
{"ctxid":0,"pos":[425.381592,-785.704529,124.539009],"rotationMatrix":[0.979725361,0.200345472,0,-0.200345472,0.979725361,0,0,0,1],"scale":0.888884544,"type":"deadpalm_01"}
{"ctxid":0,"pos":[385.644897,-745.2099,124.817322],"rotationMatrix":[-0.262737244,-0.964867473,0,0.964867473,-0.262737244,0,0,0,1],"scale":0.880288363,"type":"deadpalm_01"}
{"ctxid":0,"pos":[387.566193,-741.894897,125.018784],"rotationMatrix":[0.620196521,0.784446597,0,-0.784446597,0.620196521,0,0,0,1],"scale":0.879453301,"type":"deadpalm_01"}
{"ctxid":0,"pos":[378.247009,-745.23053,125.259125],"rotationMatrix":[0.887052476,0.46166864,0,-0.46166864,0.887052476,0,0,0,1],"scale":0.803137064,"type":"deadpalm_01"}
{"ctxid":0,"pos":[379.620697,-745.73999,125.146599],"rotationMatrix":[-0.305418074,-0.952218294,0,0.952218294,-0.305418074,0,0,0,1],"scale":0.858677149,"type":"deadpalm_01"}
{"ctxid":0,"pos":[376.978668,-742.131348,125.292435],"rotationMatrix":[0.629672289,-0.776860893,0,0.776860893,0.629672289,0,0,0,1],"scale":0.967493892,"type":"deadpalm_01"}
{"ctxid":0,"pos":[449.449524,-813.999084,124.508965],"rotationMatrix":[-0.999428272,-0.0338088535,0,0.0338088535,-0.999428272,0,0,0,1],"scale":0.79404372,"type":"deadpalm_01"}
{"ctxid":0,"pos":[449.520294,-816.452942,124.523636],"rotationMatrix":[0.235292897,0.971924543,0,-0.971924543,0.235292897,0,0,0,1],"scale":0.764894843,"type":"deadpalm_01"}
{"ctxid":0,"pos":[451.017914,-814.130432,124.503647],"rotationMatrix":[0.950813532,-0.309763849,0,0.309763849,0.950813532,0,0,0,1],"scale":0.910165966,"type":"deadpalm_01"}
{"ctxid":0,"pos":[451.590424,-818.575134,124.528687],"rotationMatrix":[-0.117232576,-0.993104458,0,0.993104458,-0.117232576,0,0,0,1],"scale":0.742372036,"type":"deadpalm_01"}
{"ctxid":0,"pos":[454.302704,-816.946472,124.513359],"rotationMatrix":[0.131897449,0.99126339,0,-0.99126339,0.131897449,0,0,0,1],"scale":0.952191293,"type":"deadpalm_01"}
{"ctxid":0,"pos":[448.327942,-814.671204,124.517868],"rotationMatrix":[0.688572586,0.725167513,0,-0.725167513,0.688572586,0,0,0,1],"scale":0.958515286,"type":"deadpalm_01"}
{"ctxid":0,"pos":[476.85849,-825.314209,124.926559],"rotationMatrix":[0.772324264,-0.635228515,0,0.635228515,0.772324264,0,0,0,1],"scale":0.959568799,"type":"deadpalm_01"}
{"ctxid":0,"pos":[475.943481,-823.686462,124.534241],"rotationMatrix":[-0.329862922,-0.944028854,0,0.944028854,-0.329862922,0,0,0,1],"scale":0.774189353,"type":"deadpalm_01"}
{"ctxid":0,"pos":[476.439056,-822.746948,124.430069],"rotationMatrix":[0.451766104,0.892136514,0,-0.892136514,0.451766104,0,0,0,1],"scale":0.755788445,"type":"deadpalm_01"}
{"ctxid":0,"pos":[480.479004,-823.074524,124.490189],"rotationMatrix":[-0.920930386,-0.389727294,0,0.389727294,-0.920930386,0,0,0,1],"scale":0.898825407,"type":"deadpalm_01"}
{"ctxid":0,"pos":[602.417297,-881.549927,126.063477],"rotationMatrix":[0.687544525,-0.72547698,-0.0310751721,0.711706519,0.664767981,0.227062494,-0.144070834,-0.178231984,0.973384261],"scale":0.962135732,"type":"deadpalm_01"}
{"ctxid":0,"pos":[601.105469,-879.887085,126.252213],"rotationMatrix":[-0.437739849,-0.87165463,-0.220457181,0.8827672,-0.46319294,0.0785726309,-0.170602515,-0.160218015,0.972226799],"scale":0.914252281,"type":"deadpalm_01"}
{"ctxid":0,"pos":[591.835938,-878.373474,124.367531],"rotationMatrix":[-0.526372552,-0.847406328,-0.0695283413,0.849260032,-0.527949095,0.00518172979,-0.041098468,-0.0563201271,0.997566521],"scale":0.805614412,"type":"deadpalm_01"}
{"ctxid":0,"pos":[595.401184,-877.299683,124.987442],"rotationMatrix":[-0.228125811,0.97269547,0.0426794589,-0.968638182,-0.222303987,-0.110996813,-0.0984783024,-0.066662237,0.992903888],"scale":0.755679369,"type":"deadpalm_01"}
{"ctxid":0,"pos":[623.273987,-874.894287,124.853622],"rotationMatrix":[0.0277846456,-0.99899137,0.0352661014,0.987501383,0.0219554305,-0.156072199,0.155140549,0.039161697,0.98711586],"scale":0.772692919,"type":"deadpalm_01"}
{"ctxid":0,"pos":[622.812317,-870.784058,124.474747],"rotationMatrix":[0.0284054875,-0.999570906,0.0071224384,0.991856992,0.027299881,-0.124394789,0.124146998,0.0105979107,0.992207229],"scale":0.989630461,"type":"deadpalm_01"}
{"ctxid":0,"pos":[626.406372,-882.548157,124.615631],"rotationMatrix":[-0.362252593,0.93172425,0.0257451832,-0.931236684,-0.362961411,0.0325141326,0.0396387205,-0.0121965278,0.999139667],"scale":0.762666166,"type":"deadpalm_01"}
{"ctxid":0,"pos":[625.130798,-879.983643,124.609276],"rotationMatrix":[0.794655144,-0.604213178,-0.058733277,0.601685941,0.796770453,-0.0559539497,0.0806050524,0.00912510045,0.99670434],"scale":0.944925785,"type":"deadpalm_01"}
{"ctxid":0,"pos":[443.152222,-806.90509,124.494492],"rotationMatrix":[-0.929051757,-0.369910151,0.00538173784,0.369920999,-0.929062366,0.00114190974,0.00457756687,0.00305171148,0.99998486],"scale":0.772981465,"type":"deadpalm_01"}
{"ctxid":0,"pos":[440.152466,-809.922668,124.528625],"rotationMatrix":[0.916898191,0.3991009,-0.00401611021,-0.399109423,0.916901946,-0.00158017687,0.00305172894,0.00305172894,0.999990702],"scale":0.958304822,"type":"deadpalm_01"}
{"ctxid":0,"pos":[440.527588,-811.942139,124.53418],"rotationMatrix":[0.771941781,-0.635692716,0.000762090669,0.635691285,0.771936178,-0.00332574989,0.00152586994,0.00305173988,0.999994159],"scale":0.891962945,"type":"deadpalm_01"}
{"ctxid":0,"pos":[416.043091,-778.341431,124.892975],"rotationMatrix":[0.467374325,0.872354627,-0.143382326,-0.881082892,0.472931266,0.00535831228,0.0724843293,0.123827398,0.989652872],"scale":0.810994327,"type":"deadpalm_01"}
{"ctxid":0,"pos":[418.682922,-773.942871,124.542862],"rotationMatrix":[0.000497221947,-0.999995053,0.00305098435,0.99999851,0.000492572784,-0.00152737927,0.00152586971,0.00305173965,0.999994159],"scale":0.952860773,"type":"deadpalm_01"}
{"ctxid":0,"pos":[260.564575,-540.828247,129.896149],"rotationMatrix":[0.725613415,0.62098074,-0.296425343,-0.0463432372,0.473911047,0.879352272,0.686540186,-0.624332488,0.372654498],"scale":0.975234151,"type":"deadpalm_01"}
{"ctxid":0,"pos":[257.532776,-539.821289,132.636185],"rotationMatrix":[0.762774229,-0.586762607,-0.271818042,0.631508648,0.585423946,0.508404791,-0.139184237,-0.559453547,0.817092061],"scale":0.721072018,"type":"deadpalm_01"}
{"ctxid":0,"pos":[261.32785,-537.606934,132.016724],"rotationMatrix":[0.0594152808,-0.945940197,-0.318852007,0.834503829,-0.128214359,0.53587687,-0.547789037,-0.297922432,0.78177321],"scale":0.884221494,"type":"deadpalm_01"}
{"ctxid":0,"pos":[258.865509,-538.261353,133.802277],"rotationMatrix":[0.994292259,-0.0697509125,-0.0807326287,0.0790857747,0.989752948,0.118888728,0.0716127604,-0.124594949,0.98961997],"scale":0.940889776,"type":"deadpalm_01"}
{"ctxid":0,"pos":[260.707031,-534.789612,135.492462],"rotationMatrix":[0.907945752,0.413610816,-0.0675326213,-0.370208442,0.867092013,0.333312303,0.196418583,-0.277628332,0.9403947],"scale":0.712657094,"type":"deadpalm_01"}
{"ctxid":0,"pos":[261.759277,-535.801025,132.965118],"rotationMatrix":[0.66907233,0.243043035,-0.70233345,0.122559905,0.895995259,0.42681551,0.733021975,-0.371648371,0.569698334],"scale":0.735107839,"type":"deadpalm_01"}
{"ctxid":0,"pos":[262.298553,-537.206177,132.035004],"rotationMatrix":[0.465477526,0.874318063,0.137471557,-0.530056775,0.151000023,0.834409118,0.708780885,-0.461266398,0.533725381],"scale":0.927321672,"type":"deadpalm_01"}
{"ctxid":0,"pos":[258.92749,-539.908813,132.701202],"rotationMatrix":[-0.960565567,0.211326763,0.180705339,-0.271998912,-0.849034548,-0.452942312,0.0577062592,-0.484232545,0.873034239],"scale":0.702286124,"type":"deadpalm_01"}
{"ctxid":0,"pos":[257.162994,-536.866455,133.977249],"rotationMatrix":[-0.552004457,-0.825612783,-0.116851747,0.82683444,-0.560093284,0.0513809845,-0.107868701,-0.0682545155,0.991819382],"scale":0.905364454,"type":"deadpalm_01"}
{"ctxid":0,"pos":[258.404175,-536.019531,134.856873],"rotationMatrix":[-0.322698593,0.874927223,0.361064464,-0.852850616,-0.1033355,-0.511827469,-0.410501033,-0.473100215,0.779528737],"scale":0.888432622,"type":"deadpalm_01"}
{"ctxid":0,"pos":[265.765625,-528.056213,132.708664],"rotationMatrix":[-0.965808034,0.191722333,0.174519569,-0.149382234,-0.961703777,0.229805425,0.211894989,0.195877835,0.957461417],"scale":0.708572567,"type":"deadpalm_01"}
{"ctxid":0,"pos":[242.832794,-519.467834,125.247787],"rotationMatrix":[0.728882313,0.651293814,-0.211061448,-0.683911502,0.678437829,-0.26830411,-0.0315527841,0.339909494,0.93992871],"scale":0.990860581,"type":"deadpalm_01"}
{"ctxid":0,"pos":[242.505493,-518.563049,124.589539],"rotationMatrix":[0.997138381,-0.0649409145,0.0386999249,0.0742236227,0.938164592,-0.338138998,-0.014347841,0.340043843,0.940300107],"scale":0.989981115,"type":"deadpalm_01"}
{"ctxid":0,"pos":[245.843582,-520.26532,127.025925],"rotationMatrix":[-0.0746139288,-0.216982096,0.973319709,0.942964792,0.302182615,0.13965258,-0.3244223,0.928226352,0.182059586],"scale":0.710357785,"type":"deadpalm_01"}
{"ctxid":0,"pos":[247.911118,-519.560303,127.036957],"rotationMatrix":[-0.948041916,0.142727494,-0.284332871,-0.312433511,-0.24909091,0.916699946,0.0600135177,0.957905233,0.280741692],"scale":0.824301004,"type":"deadpalm_01"}
{"ctxid":0,"pos":[245.750427,-518.279419,124.521652],"rotationMatrix":[-0.833606839,-0.522756159,0.178395838,0.552206933,-0.781170368,0.29127267,-0.0129069984,0.341318399,0.939859092],"scale":0.721380234,"type":"deadpalm_01"}
{"ctxid":0,"pos":[174.674194,-503.469757,125.831741],"rotationMatrix":[0.999946773,0.00523078395,0.00889139529,-0.00477681449,0.998721063,-0.050333336,-0.00914330687,0.0502881855,0.99869287],"scale":0.825222611,"type":"deadpalm_01"}
{"ctxid":0,"pos":[164.915665,-501.611969,125.802322],"rotationMatrix":[-0.10224402,0.99269557,-0.0640414506,-0.994702101,-0.10133636,0.017273536,0.0106576253,0.065468289,0.997797728],"scale":0.906504452,"type":"deadpalm_01"}
{"ctxid":0,"pos":[163.69838,-500.62558,125.666077],"rotationMatrix":[-0.354398489,-0.932410538,0.0707960725,0.935089409,-0.353625774,0.023586262,0.00304324925,0.0745595992,0.997211933],"scale":0.769645095,"type":"deadpalm_01"}
{"ctxid":0,"pos":[164.406342,-503.78479,126.065109],"rotationMatrix":[-0.414554477,0.909474313,-0.0316340961,-0.909610927,-0.413068175,0.0445222743,0.0274248235,0.0472316407,0.99850744],"scale":0.792158008,"type":"deadpalm_01"}
{"ctxid":0,"pos":[165.832489,-502.422913,125.857727],"rotationMatrix":[0.257969975,-0.965160728,0.0437743366,0.965845346,0.256479979,-0.0368863568,0.0243740287,0.0517948121,0.998360276],"scale":0.77368468,"type":"deadpalm_01"}
{"ctxid":0,"pos":[170.193542,-501.851013,125.682579],"rotationMatrix":[0.0698133111,0.9960289,-0.0552461371,-0.997530818,0.0701270103,0.00375837274,0.00761768408,0.0548473522,0.998465717],"scale":0.71040976,"type":"deadpalm_01"}
{"ctxid":0,"pos":[159.707748,-500.875763,125.63353],"rotationMatrix":[0.947378337,0.319695562,-0.0164016746,-0.319081038,0.938958168,-0.128626794,-0.025720939,0.127091706,0.991557419],"scale":0.938661456,"type":"deadpalm_01"}
{"ctxid":0,"pos":[217.837219,-511.448029,124.792755],"rotationMatrix":[0.953887463,0.298270553,-0.0336659923,-0.299292415,0.953658223,-0.0309840757,0.0228642095,0.0396312997,0.998952746],"scale":0.963828683,"type":"deadpalm_01"}
{"ctxid":0,"pos":[205.699356,-508.608185,125.070145],"rotationMatrix":[0.434024513,0.900092363,-0.0381627306,-0.900715232,0.434405863,0.00190987624,0.0182971749,0.0335448235,0.999269724],"scale":0.764756203,"type":"deadpalm_01"}
{"ctxid":0,"pos":[204.765396,-511.604523,125.319008],"rotationMatrix":[0.0277919173,-0.998848021,0.0391182639,0.999446332,0.0270498395,-0.019373551,0.0182930939,0.0396350324,0.999046743],"scale":0.886359811,"type":"deadpalm_01"}
{"ctxid":0,"pos":[200.985306,-506.158813,125.080414],"rotationMatrix":[-0.762153029,0.647370756,-0.00580074778,-0.647138059,-0.761564732,0.035090562,0.0182989594,0.0304982681,0.999367297],"scale":0.794980168,"type":"deadpalm_01"}
{"ctxid":0,"pos":[202.635605,-503.453583,124.866249],"rotationMatrix":[0.974833131,0.221802026,-0.0224542264,-0.222303629,0.974705219,-0.0230397843,0.0167759787,0.0274516009,0.999482334],"scale":0.97054261,"type":"deadpalm_01"}
{"ctxid":0,"pos":[179.249802,-510.774231,126.18573],"rotationMatrix":[-0.150236964,-0.98847127,0.018787181,0.988639235,-0.150296211,-0.00177362189,0.00457682088,0.0183072835,0.999821961],"scale":0.873117685,"type":"deadpalm_01"}
{"ctxid":0,"pos":[182.297821,-508.726837,126.058594],"rotationMatrix":[-0.15977025,-0.986583352,0.0335638635,0.987078667,-0.160085797,-0.00691959355,0.0121998601,0.0320246331,0.999412596],"scale":0.809346795,"type":"deadpalm_01"}
{"ctxid":0,"pos":[181.968292,-510.022461,126.136505],"rotationMatrix":[-0.787830234,-0.615664065,0.0167584047,0.615875065,-0.787719011,0.0140082445,0.00457654381,0.0213572066,0.999761462],"scale":0.87509644,"type":"deadpalm_01"}
{"ctxid":0,"pos":[181.543976,-502.728333,125.623543],"rotationMatrix":[0.999497056,0.0238953345,-0.0208473671,-0.0247585773,0.998803139,-0.0421823524,0.0198144522,0.042677287,0.998892426],"scale":0.920614958,"type":"deadpalm_01"}
{"ctxid":0,"pos":[181.03598,-505.602325,125.882553],"rotationMatrix":[0.444879591,0.894493461,-0.0443119258,-0.895371079,0.445320725,9.38251615e-05,0.0198169425,0.0396338813,0.999017715],"scale":0.828526497,"type":"deadpalm_01"}
{"ctxid":0,"pos":[191.068649,-518.097107,126.248222],"rotationMatrix":[0.947135031,0.320753276,-0.0072491453,-0.320777118,0.947151721,-0.00237784814,0.00610333821,0.00457750354,0.999970913],"scale":0.856087983,"type":"deadpalm_01"}
{"ctxid":0,"pos":[182.720215,-514.450195,126.254517],"rotationMatrix":[-0.122382164,0.992465615,-0.00587078929,-0.992481828,-0.12237072,0.00226129941,0.00152584864,0.00610339455,0.999980211],"scale":0.8347435,"type":"deadpalm_01"}
{"ctxid":0,"pos":[189.420029,-512.75116,126.079269],"rotationMatrix":[0.114692688,0.992720366,-0.0367648117,-0.993259311,0.115222633,0.0126277674,0.0167719796,0.0350686833,0.999244153],"scale":0.753531992,"type":"deadpalm_01"}
{"ctxid":0,"pos":[185.633118,-515.404602,126.247421],"rotationMatrix":[0.706781507,-0.707424462,0.00324029406,0.707425296,0.70674777,-0.00755094783,0.00305165467,0.00762913609,0.999966264],"scale":0.702304065,"type":"deadpalm_01"}
{"ctxid":0,"pos":[481.237885,-460.858826,125.244507],"rotationMatrix":[-0.123504043,0.992321432,0.0066612605,-0.989977062,-0.122743368,-0.0698492527,-0.0684953034,-0.0152211785,0.997535288],"scale":0.767817974,"type":"deadpalm_01"}
{"ctxid":0,"pos":[477.609833,-460.303436,124.720474],"rotationMatrix":[-0.258897066,-0.965464234,-0.0291674677,0.963579416,-0.260250092,0.0615165643,-0.0669828951,-0.0121787079,0.99767977],"scale":0.850049973,"type":"deadpalm_01"}
{"ctxid":0,"pos":[479.676239,-464.028809,124.965057],"rotationMatrix":[0.133608282,0.991020262,0.00524922833,-0.98833853,0.133633435,-0.0729998052,-0.0730457604,0.00456536189,0.997318149],"scale":0.953836143,"type":"deadpalm_01"}
{"ctxid":0,"pos":[481.684021,-459.193359,125.349533],"rotationMatrix":[-0.425818801,-0.90387845,-0.0410138257,0.900049567,-0.427786708,0.083122611,-0.0926779062,-0.00151930749,0.995694995],"scale":0.956577003,"type":"deadpalm_01"}
{"ctxid":0,"pos":[482.278748,-462.598511,125.375229],"rotationMatrix":[-0.445188761,0.895206511,-0.020305438,-0.892200291,-0.445391893,-0.0748656169,-0.0760640651,-0.0152128097,0.996986866],"scale":0.846072912,"type":"deadpalm_01"}
{"ctxid":0,"pos":[476.60318,-436.163727,125.684326],"rotationMatrix":[-0.935275555,-0.353673279,-0.0132277943,0.353759408,-0.935324192,-0.00478459056,-0.0106800944,-0.00915436726,0.999901056],"scale":0.817486942,"type":"deadpalm_01"}
{"ctxid":0,"pos":[475.550629,-438.475616,125.56765],"rotationMatrix":[-0.81644392,-0.575970352,-0.0409573279,0.576359093,-0.817191958,0.0027703438,-0.0350656323,-0.0213442985,0.999157071],"scale":0.788786232,"type":"deadpalm_01"}
{"ctxid":0,"pos":[477.742096,-438.52597,125.693802],"rotationMatrix":[-0.436244965,-0.899477899,-0.0250822995,0.899536669,-0.436643243,0.0132598439,-0.0228789654,-0.0167779084,0.99959743],"scale":0.959057152,"type":"deadpalm_01"}
{"ctxid":0,"pos":[473.617432,-430.668762,125.796547],"rotationMatrix":[-0.999004245,0.0429749675,-0.0119638704,-0.0394279547,-0.976076245,-0.213822797,-0.0208666809,-0.213138238,0.97679919],"scale":0.732895195,"type":"deadpalm_01"}
{"ctxid":0,"pos":[467.524994,-426.451416,125.478561],"rotationMatrix":[-0.510166764,-0.858521223,-0.0516797639,0.85916245,-0.511472106,0.0153547525,-0.0396151505,-0.0365678295,0.998545647],"scale":0.746099889,"type":"deadpalm_01"}
{"ctxid":0,"pos":[468.358398,-427.286407,125.503365],"rotationMatrix":[-0.572527528,-0.819668412,-0.0188611876,0.819645524,-0.572764993,0.0110150166,-0.0198316928,-0.00915308855,0.999761462],"scale":0.707213759,"type":"deadpalm_01"}
{"ctxid":0,"pos":[469.677826,-427.536163,125.551254],"rotationMatrix":[0.388713002,-0.921253622,0.0139266904,0.921111286,0.388914526,0.0173033159,-0.0213570353,0.00610200921,0.999753296],"scale":0.829654396,"type":"deadpalm_01"}
{"ctxid":0,"pos":[461.40152,-416.554016,125.598633],"rotationMatrix":[0.170326769,0.983864248,0.0547702089,-0.982567847,0.173778653,-0.0660400763,-0.0744923577,-0.0425670668,0.996312678],"scale":0.819662988,"type":"deadpalm_01"}
