{"ctxid":0,"pos":[780.19751,896.812683,154.489075],"rotationMatrix":[0.960655451,0.272842348,0.051941935,-0.0505243391,-0.0122239515,0.998647988,0.273108423,-0.961981058,0.00204217061],"scale":0.988384962,"type":"monstera02_wall_paint"}
{"ctxid":0,"pos":[781.483887,897.239258,151.382675],"rotationMatrix":[0.943921506,0.328694731,0.0311727859,-0.0307085197,-0.00660476414,0.999506533,0.328738511,-0.944413066,0.00385935791],"scale":0.912551165,"type":"monstera02_wall_paint"}
{"ctxid":0,"pos":[801.043945,930.072327,152.947922],"rotationMatrix":[-0.283446491,-0.955530643,-0.0813573822,-0.0179071091,-0.0795482099,0.996670187,-0.958820879,0.283959657,0.00543687493],"scale":0.890825272,"type":"monstera02_wall_paint"}
{"ctxid":0,"pos":[801.112427,930.261536,155.161041],"rotationMatrix":[-0.283446491,-0.955530643,-0.0813573822,-0.0179071091,-0.0795482099,0.996670187,-0.958820879,0.283959657,0.00543687493],"scale":0.835212827,"type":"monstera02_wall_paint"}
{"ctxid":0,"pos":[801.131226,930.354431,153.604782],"rotationMatrix":[-0.283446491,-0.955530643,-0.0813573822,-0.0179071091,-0.0795482099,0.996670187,-0.958820879,0.283959657,0.00543687493],"scale":0.864655972,"type":"monstera02_wall_paint"}
{"ctxid":0,"pos":[801.283997,930.874512,153.400513],"rotationMatrix":[-0.283446491,-0.955530643,-0.0813573822,-0.0179071091,-0.0795482099,0.996670187,-0.958820879,0.283959657,0.00543687493],"scale":0.834688365,"type":"monstera02_wall_paint"}
{"ctxid":0,"pos":[801.081116,930.823059,154.604645],"rotationMatrix":[-0.153440416,-0.984332085,-0.0868688226,0.0219824761,-0.0912883133,0.995581925,-0.98791343,0.150853068,0.0356453769],"scale":0.98941052,"type":"monstera02_wall_paint"}
{"ctxid":0,"pos":[792.339355,905.076599,152.571228],"rotationMatrix":[0.955253541,0.29391247,0.0332556441,-0.0458657444,0.0361143947,0.998294473,0.292210311,-0.95514977,0.0479789302],"scale":0.729212403,"type":"monstera02_wall_paint"}
{"ctxid":0,"pos":[441.432587,-180.930283,160.296249],"rotationMatrix":[0.762022316,0.646296799,0.0402801819,-0.0235574432,-0.0344946161,0.999127269,0.647122204,-0.762306035,-0.0110605694],"scale":0.703912497,"type":"monstera02_wall_paint"}
{"ctxid":0,"pos":[441.780823,-180.625198,159.642548],"rotationMatrix":[0.762022316,0.646296799,0.0402801819,-0.0235574432,-0.0344946161,0.999127269,0.647122204,-0.762306035,-0.0110605694],"scale":0.82049799,"type":"monstera02_wall_paint"}
{"ctxid":0,"pos":[601.696838,-703.504578,139.71106],"rotationMatrix":[0.130427182,-0.99145788,0,-0.00521056773,-0.000685454928,0.999986172,-0.99144417,-0.130425379,-0.00525546074],"scale":0.761399806,"type":"monstera02_wall_paint"}
{"ctxid":0,"pos":[623.8703,17.3814049,135.667389],"rotationMatrix":[-0.195610553,0.978119373,0.0708439276,-0.0555946864,-0.0831834748,0.994982123,0.9791044,0.190690473,0.0706498027],"scale":0.869642556,"type":"monstera02_wall_paint"}
{"ctxid":0,"pos":[623.68927,17.5168114,137.811523],"rotationMatrix":[-0.195610553,0.978119373,0.0708439276,-0.0555946864,-0.0831834748,0.994982123,0.9791044,0.190690473,0.0706498027],"scale":0.805308223,"type":"monstera02_wall_paint"}
{"ctxid":0,"pos":[623.873474,16.2397194,138.706284],"rotationMatrix":[-0.195610553,0.978119373,0.0708439276,-0.0555946864,-0.0831834748,0.994982123,0.9791044,0.190690473,0.0706498027],"scale":0.752016485,"type":"monstera02_wall_paint"}
{"ctxid":0,"pos":[623.911133,16.9996109,136.133652],"rotationMatrix":[-0.195610553,0.978119373,0.0708439276,-0.0555946864,-0.0831834748,0.994982123,0.9791044,0.190690473,0.0706498027],"scale":0.970800519,"type":"monstera02_wall_paint"}
{"ctxid":0,"pos":[-832.825256,777.112061,186.799545],"rotationMatrix":[-0.989124775,-0.0878071263,-0.117991157,-0.105820246,-0.132293284,0.985545695,-0.102147378,0.987313688,0.121562749],"scale":0.960528135,"type":"monstera02_wall_paint"}
{"ctxid":0,"pos":[-834.083679,776.894409,185.594345],"rotationMatrix":[-0.989124775,-0.0878071263,-0.117991157,-0.105820246,-0.132293284,0.985545695,-0.102147378,0.987313688,0.121562749],"scale":0.962065339,"type":"monstera02_wall_paint"}
{"ctxid":0,"pos":[-706.08606,377.457581,129.528244],"rotationMatrix":[-0.99999994,3.2584137e-07,0,1.06172598e-13,3.25841341e-07,1,3.2584137e-07,0.99999994,-3.2584137e-07],"scale":0.72809577,"type":"monstera02_wall_paint"}
{"ctxid":0,"pos":[-708.963135,377.457581,129.440018],"rotationMatrix":[-0.99999994,3.2584137e-07,0,1.06172598e-13,3.25841341e-07,1,3.2584137e-07,0.99999994,-3.2584137e-07],"scale":0.726175785,"type":"monstera02_wall_paint"}
{"ctxid":0,"pos":[-709.484985,377.457581,130.48082],"rotationMatrix":[-0.99999994,3.2584137e-07,0,1.06172598e-13,3.25841341e-07,1,3.2584137e-07,0.99999994,-3.2584137e-07],"scale":0.846930206,"type":"monstera02_wall_paint"}
{"ctxid":0,"pos":[-709.053589,377.457581,130.455612],"rotationMatrix":[-0.99999994,3.2584137e-07,0,1.06172598e-13,3.25841341e-07,1,3.2584137e-07,0.99999994,-3.2584137e-07],"scale":0.926554024,"type":"monstera02_wall_paint"}
{"ctxid":0,"pos":[-711.451599,376.875275,129.036545],"rotationMatrix":[0.70710665,-0.707106709,2.30404567e-07,1.06172598e-13,3.25841341e-07,1,-0.707106709,-0.70710665,2.30404694e-07],"scale":0.975872397,"type":"monstera02_wall_paint"}
{"ctxid":0,"pos":[-711.150879,377.457581,130.106461],"rotationMatrix":[-0.99999994,3.2584137e-07,0,1.06172598e-13,3.25841341e-07,1,3.2584137e-07,0.99999994,-3.2584137e-07],"scale":0.910405636,"type":"monstera02_wall_paint"}
{"ctxid":0,"pos":[-709.88092,377.457581,129.646805],"rotationMatrix":[-0.99999994,3.2584137e-07,0,1.06172598e-13,3.25841341e-07,1,3.2584137e-07,0.99999994,-3.2584137e-07],"scale":0.823244989,"type":"monstera02_wall_paint"}
{"ctxid":0,"pos":[-707.48053,377.457581,129.222733],"rotationMatrix":[-0.99999994,3.2584137e-07,0,1.06172598e-13,3.25841341e-07,1,3.2584137e-07,0.99999994,-3.2584137e-07],"scale":0.92825973,"type":"monstera02_wall_paint"}
{"ctxid":0,"pos":[-711.636963,377.286011,129.623383],"rotationMatrix":[-0.258819222,-0.965925753,3.147386e-07,1.06172598e-13,3.25841341e-07,1,-0.965925753,0.258819222,-8.43339123e-08],"scale":0.878355861,"type":"monstera02_wall_paint"}
{"ctxid":0,"pos":[-710.484558,377.457581,129.050888],"rotationMatrix":[-0.99999994,3.2584137e-07,0,1.06172598e-13,3.25841341e-07,1,3.2584137e-07,0.99999994,-3.2584137e-07],"scale":0.728112817,"type":"monstera02_wall_paint"}
{"ctxid":0,"pos":[-636.737,404.029297,129.768768],"rotationMatrix":[-3.2584137e-07,1,0,3.2584137e-07,1.06172598e-13,1,1,3.2584137e-07,-3.2584137e-07],"scale":0.771510839,"type":"monstera02_wall_paint"}
{"ctxid":0,"pos":[-636.737,405.278198,129.388733],"rotationMatrix":[-3.2584137e-07,1,0,3.2584137e-07,1.06172598e-13,1,1,3.2584137e-07,-3.2584137e-07],"scale":0.708874583,"type":"monstera02_wall_paint"}
{"ctxid":0,"pos":[-636.737,404.436401,129.673737],"rotationMatrix":[-3.2584137e-07,1,0,3.2584137e-07,1.06172598e-13,1,1,3.2584137e-07,-3.2584137e-07],"scale":0.848387241,"type":"monstera02_wall_paint"}
{"ctxid":0,"pos":[-636.737,407.187683,129.888733],"rotationMatrix":[-3.2584137e-07,1,0,3.2584137e-07,1.06172598e-13,1,1,3.2584137e-07,-3.2584137e-07],"scale":0.8704561,"type":"monstera02_wall_paint"}
{"ctxid":1,"pos":[-791.794434,-786.868713,164.4077],"rotationMatrix":[0.99999994,0,0,0,0.99999994,0,0,0,0.999999881],"scale":0.949776053,"type":"monstera02_wall_paint"}
{"ctxid":1,"pos":[-790.084961,-783.863953,164.614044],"rotationMatrix":[0.99999994,0,0,0,0.99999994,0,0,0,0.999999881],"scale":0.84276104,"type":"monstera02_wall_paint"}
{"ctxid":1,"pos":[-787.852539,-784.632263,159.805542],"rotationMatrix":[0.99999994,0,0,0,0.99999994,0,0,0,0.999999881],"scale":0.863779604,"type":"monstera02_wall_paint"}
{"ctxid":1,"pos":[-786.901917,-787.643555,159.93634],"rotationMatrix":[0.99999994,0,0,0,0.99999994,0,0,0,0.999999881],"scale":0.948606133,"type":"monstera02_wall_paint"}
{"ctxid":1,"pos":[-785.996948,-788.941711,159.804398],"rotationMatrix":[0.99999994,0,0,0,0.99999994,0,0,0,0.999999881],"scale":0.78807801,"type":"monstera02_wall_paint"}
{"ctxid":1,"pos":[-784.223755,-796.075256,168.281662],"rotationMatrix":[0.99999994,0,0,0,0.99999994,0,0,0,0.999999881],"scale":0.707899153,"type":"monstera02_wall_paint"}
{"ctxid":1,"pos":[-785.144775,-791.830627,167.210632],"rotationMatrix":[0.99999994,0,0,0,0.99999994,0,0,0,0.999999881],"scale":0.888520837,"type":"monstera02_wall_paint"}
{"ctxid":1,"pos":[-780.57019,-795.258118,172.637054],"rotationMatrix":[0.99999994,0,0,0,0.99999994,0,0,0,0.999999881],"scale":0.853745759,"type":"monstera02_wall_paint"}
{"ctxid":1,"pos":[-783.401489,-794.301392,167.024246],"rotationMatrix":[0.99999994,0,0,0,0.99999994,0,0,0,0.999999881],"scale":0.875377893,"type":"monstera02_wall_paint"}
{"ctxid":1,"pos":[-780.728027,-795.022644,169.684998],"rotationMatrix":[0.99999994,0,0,0,0.99999994,0,0,0,0.999999881],"scale":0.771315575,"type":"monstera02_wall_paint"}
{"ctxid":1,"pos":[-787.535706,-791.760742,171.416885],"rotationMatrix":[0.99999994,0,0,0,0.99999994,0,0,0,0.999999881],"scale":0.743513465,"type":"monstera02_wall_paint"}
{"ctxid":1,"pos":[-787.020264,-792.858582,178.983093],"rotationMatrix":[0.99999994,0,0,0,0.99999994,0,0,0,0.999999881],"scale":0.723485053,"type":"monstera02_wall_paint"}
{"ctxid":1,"pos":[-786.981506,-792.119202,178.964798],"rotationMatrix":[0.99999994,0,0,0,0.99999994,0,0,0,0.999999881],"scale":0.867604971,"type":"monstera02_wall_paint"}
{"ctxid":1,"pos":[-789.699402,-790.106873,178.696106],"rotationMatrix":[0.99999994,0,0,0,0.99999994,0,0,0,0.999999881],"scale":0.796002269,"type":"monstera02_wall_paint"}
{"ctxid":1,"pos":[-790.66571,-790.002563,178.870071],"rotationMatrix":[0.99999994,0,0,0,0.99999994,0,0,0,0.999999881],"scale":0.957537353,"type":"monstera02_wall_paint"}
{"ctxid":1,"pos":[-783.194519,-795.315063,182.20079],"rotationMatrix":[0.99999994,0,0,0,0.99999994,0,0,0,0.999999881],"scale":0.918093204,"type":"monstera02_wall_paint"}
{"ctxid":1,"pos":[-782.053162,-799.166321,178.285004],"rotationMatrix":[0.99999994,0,0,0,0.99999994,0,0,0,0.999999881],"scale":0.881500602,"type":"monstera02_wall_paint"}
{"ctxid":1,"pos":[-786.299194,-797.8078,178.152283],"rotationMatrix":[0.99999994,0,0,0,0.99999994,0,0,0,0.999999881],"scale":0.827117205,"type":"monstera02_wall_paint"}
{"ctxid":1,"pos":[-783.653198,-797.731201,181.56073],"rotationMatrix":[0.99999994,0,0,0,0.99999994,0,0,0,0.999999881],"scale":0.732137084,"type":"monstera02_wall_paint"}
{"ctxid":1,"pos":[-781.945435,-795.247742,177.567017],"rotationMatrix":[0.99999994,0,0,0,0.99999994,0,0,0,0.999999881],"scale":0.822906137,"type":"monstera02_wall_paint"}
{"ctxid":1,"pos":[-783.734741,-795.601257,178.695221],"rotationMatrix":[0.99999994,0,0,0,0.99999994,0,0,0,0.999999881],"scale":0.914862633,"type":"monstera02_wall_paint"}
{"ctxid":1,"pos":[-802.033997,-777.831421,184.011887],"rotationMatrix":[0.99999994,0,0,0,0.99999994,0,0,0,0.999999881],"scale":0.745376647,"type":"monstera02_wall_paint"}
{"ctxid":1,"pos":[-801.559692,-779.421814,183.68631],"rotationMatrix":[0.99999994,0,0,0,0.99999994,0,0,0,0.999999881],"scale":0.816274524,"type":"monstera02_wall_paint"}
{"ctxid":1,"pos":[-800.51355,-781.06781,183.550613],"rotationMatrix":[0.99999994,0,0,0,0.99999994,0,0,0,0.999999881],"scale":0.84256655,"type":"monstera02_wall_paint"}
{"ctxid":1,"pos":[-799.423706,-775.963623,178.574142],"rotationMatrix":[0.99999994,0,0,0,0.99999994,0,0,0,0.999999881],"scale":0.864863276,"type":"monstera02_wall_paint"}
{"ctxid":1,"pos":[-798.542114,-777.513245,178.519867],"rotationMatrix":[0.99999994,0,0,0,0.99999994,0,0,0,0.999999881],"scale":0.920122981,"type":"monstera02_wall_paint"}
{"ctxid":1,"pos":[-801.234009,-779.457703,183.620621],"rotationMatrix":[0.99999994,0,0,0,0.99999994,0,0,0,0.999999881],"scale":0.852854967,"type":"monstera02_wall_paint"}
{"ctxid":1,"pos":[-801.572021,-776.688049,183.518524],"rotationMatrix":[0.99999994,0,0,0,0.99999994,0,0,0,0.999999881],"scale":0.721724689,"type":"monstera02_wall_paint"}
{"ctxid":1,"pos":[-802.617004,-773.38678,182.673416],"rotationMatrix":[0.99999994,0,0,0,0.99999994,0,0,0,0.999999881],"scale":0.731968224,"type":"monstera02_wall_paint"}
{"ctxid":1,"pos":[-808.570312,-771.968567,184.823761],"rotationMatrix":[0.99999994,0,0,0,0.99999994,0,0,0,0.999999881],"scale":0.928636134,"type":"monstera02_wall_paint"}
{"ctxid":1,"pos":[-804.500793,-772.670776,183.694305],"rotationMatrix":[0.99999994,0,0,0,0.99999994,0,0,0,0.999999881],"scale":0.935291111,"type":"monstera02_wall_paint"}
{"ctxid":1,"pos":[-807.315247,-770.000977,184.421188],"rotationMatrix":[0.99999994,0,0,0,0.99999994,0,0,0,0.999999881],"scale":0.857346535,"type":"monstera02_wall_paint"}
{"ctxid":1,"pos":[-806.306091,-770.167175,183.855408],"rotationMatrix":[0.99999994,0,0,0,0.99999994,0,0,0,0.999999881],"scale":0.835305333,"type":"monstera02_wall_paint"}
{"ctxid":1,"pos":[-802.358154,-772.664551,175.849121],"rotationMatrix":[0.99999994,0,0,0,0.99999994,0,0,0,0.999999881],"scale":0.914475799,"type":"monstera02_wall_paint"}
{"ctxid":1,"pos":[-801.323181,-773.224731,175.628021],"rotationMatrix":[0.99999994,0,0,0,0.99999994,0,0,0,0.999999881],"scale":0.791249216,"type":"monstera02_wall_paint"}
{"ctxid":1,"pos":[-803.312256,-771.252319,170.862854],"rotationMatrix":[0.99999994,0,0,0,0.99999994,0,0,0,0.999999881],"scale":0.759497166,"type":"monstera02_wall_paint"}
{"ctxid":1,"pos":[-801.494751,-772.166382,165.910812],"rotationMatrix":[0.99999994,0,0,0,0.99999994,0,0,0,0.999999881],"scale":0.957648575,"type":"monstera02_wall_paint"}
{"ctxid":1,"pos":[-801.945862,-772.380493,168.80069],"rotationMatrix":[0.99999994,0,0,0,0.99999994,0,0,0,0.999999881],"scale":0.950096726,"type":"monstera02_wall_paint"}
{"ctxid":1,"pos":[-799.883423,-773.541626,165.515198],"rotationMatrix":[0.99999994,0,0,0,0.99999994,0,0,0,0.999999881],"scale":0.815250635,"type":"monstera02_wall_paint"}
{"ctxid":1,"pos":[-801.116699,-773.559875,165.458374],"rotationMatrix":[0.99999994,0,0,0,0.99999994,0,0,0,0.999999881],"scale":0.71723336,"type":"monstera02_wall_paint"}
{"ctxid":1,"pos":[-802.455688,-768.360962,171.540131],"rotationMatrix":[0.99999994,0,0,0,0.99999994,0,0,0,0.999999881],"scale":0.828919053,"type":"monstera02_wall_paint"}
{"ctxid":1,"pos":[-801.823242,-765.015381,169.604019],"rotationMatrix":[0.99999994,0,0,0,0.99999994,0,0,0,0.999999881],"scale":0.855197191,"type":"monstera02_wall_paint"}
{"ctxid":1,"pos":[-803.063049,-768.253601,176.740479],"rotationMatrix":[0.99999994,0,0,0,0.99999994,0,0,0,0.999999881],"scale":0.718012333,"type":"monstera02_wall_paint"}
{"ctxid":1,"pos":[-790.719482,-786.401184,171.330215],"rotationMatrix":[0.99999994,0,0,0,0.99999994,0,0,0,0.999999881],"scale":0.911909938,"type":"monstera02_wall_paint"}
{"ctxid":1,"pos":[-789.525085,-788.649841,173.578384],"rotationMatrix":[0.99999994,0,0,0,0.99999994,0,0,0,0.999999881],"scale":0.73917985,"type":"monstera02_wall_paint"}
{"ctxid":1,"pos":[-790.300903,-786.666626,171.370728],"rotationMatrix":[0.99999994,0,0,0,0.99999994,0,0,0,0.999999881],"scale":0.99777472,"type":"monstera02_wall_paint"}
{"ctxid":1,"pos":[-791.609192,-787.706909,173.18634],"rotationMatrix":[0.99999994,0,0,0,0.99999994,0,0,0,0.999999881],"scale":0.82441771,"type":"monstera02_wall_paint"}
{"ctxid":1,"pos":[-787.525818,-787.230408,164.591339],"rotationMatrix":[0.99999994,0,0,0,0.99999994,0,0,0,0.999999881],"scale":0.82293117,"type":"monstera02_wall_paint"}
{"ctxid":1,"pos":[-766.78833,-803.700012,167.837372],"rotationMatrix":[0.99999994,0,0,0,0.99999994,0,0,0,0.999999881],"scale":0.854430676,"type":"monstera02_wall_paint"}
{"ctxid":1,"pos":[-770.885376,-803.653076,168.341782],"rotationMatrix":[0.99999994,0,0,0,0.99999994,0,0,0,0.999999881],"scale":0.840647638,"type":"monstera02_wall_paint"}
{"ctxid":1,"pos":[-769.628967,-806.438599,164.62619],"rotationMatrix":[0.99999994,0,0,0,0.99999994,0,0,0,0.999999881],"scale":0.974762321,"type":"monstera02_wall_paint"}
{"ctxid":1,"pos":[-770.422729,-809.086243,159.805603],"rotationMatrix":[0.99999994,0,0,0,0.99999994,0,0,0,0.999999881],"scale":0.97070682,"type":"monstera02_wall_paint"}
{"ctxid":1,"pos":[-768.098999,-807.609131,160.206009],"rotationMatrix":[0.99999994,0,0,0,0.99999994,0,0,0,0.999999881],"scale":0.837147593,"type":"monstera02_wall_paint"}
{"ctxid":1,"pos":[-770.086975,-808.480652,158.375809],"rotationMatrix":[0.99999994,0,0,0,0.99999994,0,0,0,0.999999881],"scale":0.784950376,"type":"monstera02_wall_paint"}
{"ctxid":1,"pos":[-767.885315,-807.231628,160.115158],"rotationMatrix":[0.99999994,0,0,0,0.99999994,0,0,0,0.999999881],"scale":0.997523487,"type":"monstera02_wall_paint"}
{"ctxid":1,"pos":[-780.743835,-803.239807,154.948593],"rotationMatrix":[0.635846317,-0.771815181,0,0.771815181,0.635846317,0,0,0,0.999999404],"scale":0.821461499,"type":"monstera02_wall_paint"}
{"ctxid":1,"pos":[-781.83606,-797.81958,161.437805],"rotationMatrix":[0.99999994,0,0,0,0.99999994,0,0,0,0.999999881],"scale":0.80878067,"type":"monstera02_wall_paint"}
{"ctxid":1,"pos":[-782.81665,-794.562073,160.064774],"rotationMatrix":[0.99999994,0,0,0,0.99999994,0,0,0,0.999999881],"scale":0.801022768,"type":"monstera02_wall_paint"}
{"ctxid":1,"pos":[-779.435791,-798.428772,158.46463],"rotationMatrix":[0.99999994,0,0,0,0.99999994,0,0,0,0.999999881],"scale":0.878894687,"type":"monstera02_wall_paint"}
{"ctxid":1,"pos":[-775.230164,-799.612976,174.457062],"rotationMatrix":[0.99999994,0,0,0,0.99999994,0,0,0,0.999999881],"scale":0.892113566,"type":"monstera02_wall_paint"}
{"ctxid":1,"pos":[-764.392578,-803.839111,171.079773],"rotationMatrix":[0.99999994,0,0,0,0.99999994,0,0,0,0.999999881],"scale":0.808687091,"type":"monstera02_wall_paint"}
{"ctxid":1,"pos":[-766.90033,-804.75531,173.747803],"rotationMatrix":[0.99999994,0,0,0,0.99999994,0,0,0,0.999999881],"scale":0.753605843,"type":"monstera02_wall_paint"}
{"ctxid":1,"pos":[-764.468872,-804.567749,172.942825],"rotationMatrix":[0.99999994,0,0,0,0.99999994,0,0,0,0.999999881],"scale":0.878941417,"type":"monstera02_wall_paint"}
{"ctxid":1,"pos":[-767.676697,-804.511108,172.550629],"rotationMatrix":[0.99999994,0,0,0,0.99999994,0,0,0,0.999999881],"scale":0.894623518,"type":"monstera02_wall_paint"}
{"ctxid":1,"pos":[-767.936157,-805.089722,173.089493],"rotationMatrix":[0.99999994,0,0,0,0.99999994,0,0,0,0.999999881],"scale":0.809717894,"type":"monstera02_wall_paint"}
{"ctxid":1,"pos":[-768.728821,-805.671936,171.491745],"rotationMatrix":[0.99999994,0,0,0,0.99999994,0,0,0,0.999999881],"scale":0.849595547,"type":"monstera02_wall_paint"}
{"ctxid":1,"pos":[-765.248108,-804.267822,173.382568],"rotationMatrix":[0.99999994,0,0,0,0.99999994,0,0,0,0.999999881],"scale":0.954875171,"type":"monstera02_wall_paint"}
{"ctxid":1,"pos":[-762.929504,-807.72644,176.049744],"rotationMatrix":[0.99999994,0,0,0,0.99999994,0,0,0,0.999999881],"scale":0.744771123,"type":"monstera02_wall_paint"}
{"ctxid":1,"pos":[-762.498901,-808.679932,175.77739],"rotationMatrix":[0.99999994,0,0,0,0.99999994,0,0,0,0.999999881],"scale":0.978193402,"type":"monstera02_wall_paint"}
{"ctxid":1,"pos":[-763.461243,-805.807251,172.816284],"rotationMatrix":[0.99999994,0,0,0,0.99999994,0,0,0,0.999999881],"scale":0.917280614,"type":"monstera02_wall_paint"}
{"ctxid":1,"pos":[-763.53418,-807.173828,176.276184],"rotationMatrix":[0.99999994,0,0,0,0.99999994,0,0,0,0.999999881],"scale":0.965157211,"type":"monstera02_wall_paint"}
{"ctxid":1,"pos":[-763.372986,-806.283936,172.911255],"rotationMatrix":[0.99999994,0,0,0,0.99999994,0,0,0,0.999999881],"scale":0.796684146,"type":"monstera02_wall_paint"}
{"ctxid":1,"pos":[-764.794434,-805.567261,174.824051],"rotationMatrix":[0.99999994,0,0,0,0.99999994,0,0,0,0.999999881],"scale":0.763916612,"type":"monstera02_wall_paint"}
{"ctxid":1,"pos":[-762.982727,-809.796875,178.056335],"rotationMatrix":[0.99999994,0,0,0,0.99999994,0,0,0,0.999999881],"scale":0.845700502,"type":"monstera02_wall_paint"}
{"ctxid":1,"pos":[-768.749939,-809.898315,178.761017],"rotationMatrix":[0.99999994,0,0,0,0.99999994,0,0,0,0.999999881],"scale":0.850094199,"type":"monstera02_wall_paint"}
{"ctxid":1,"pos":[-766.523743,-809.112122,178.42395],"rotationMatrix":[0.99999994,0,0,0,0.99999994,0,0,0,0.999999881],"scale":0.912822783,"type":"monstera02_wall_paint"}
{"ctxid":1,"pos":[-764.642639,-812.268066,180.411926],"rotationMatrix":[0.99999994,0,0,0,0.99999994,0,0,0,0.999999881],"scale":0.709692121,"type":"monstera02_wall_paint"}
{"ctxid":1,"pos":[-769.329651,-808.853821,178.308929],"rotationMatrix":[0.99999994,0,0,0,0.99999994,0,0,0,0.999999881],"scale":0.807650268,"type":"monstera02_wall_paint"}
{"ctxid":1,"pos":[-766.4422,-810.368591,178.739197],"rotationMatrix":[0.99999994,0,0,0,0.99999994,0,0,0,0.999999881],"scale":0.93587029,"type":"monstera02_wall_paint"}
{"ctxid":1,"pos":[-769.265747,-810.271606,185.339371],"rotationMatrix":[0.99999994,0,0,0,0.99999994,0,0,0,0.999999881],"scale":0.885490656,"type":"monstera02_wall_paint"}
{"ctxid":1,"pos":[-766.5849,-812.154358,185.323151],"rotationMatrix":[0.99999994,0,0,0,0.99999994,0,0,0,0.999999881],"scale":0.907959521,"type":"monstera02_wall_paint"}
{"ctxid":1,"pos":[-766.920898,-810.3479,185.070648],"rotationMatrix":[0.99999994,0,0,0,0.99999994,0,0,0,0.999999881],"scale":0.703491032,"type":"monstera02_wall_paint"}
{"ctxid":1,"pos":[-764.610962,-811.932007,180.253143],"rotationMatrix":[0.99999994,0,0,0,0.99999994,0,0,0,0.999999881],"scale":0.797792792,"type":"monstera02_wall_paint"}
{"ctxid":1,"pos":[-768.436462,-811.447632,178.648407],"rotationMatrix":[0.99999994,0,0,0,0.99999994,0,0,0,0.999999881],"scale":0.784254134,"type":"monstera02_wall_paint"}
{"ctxid":1,"pos":[-767.856262,-811.193909,178.859543],"rotationMatrix":[0.99999994,0,0,0,0.99999994,0,0,0,0.999999881],"scale":0.998606503,"type":"monstera02_wall_paint"}
{"ctxid":1,"pos":[-768.490051,-809.200684,178.390747],"rotationMatrix":[0.99999994,0,0,0,0.99999994,0,0,0,0.999999881],"scale":0.725773335,"type":"monstera02_wall_paint"}
{"ctxid":1,"pos":[-766.383057,-810.169067,180.780716],"rotationMatrix":[0.99999994,0,0,0,0.99999994,0,0,0,0.999999881],"scale":0.817431152,"type":"monstera02_wall_paint"}
{"ctxid":1,"pos":[-827.103149,-749.086914,173.117752],"rotationMatrix":[0.99999994,0,0,0,0.99999994,0,0,0,0.999999881],"scale":0.716836691,"type":"monstera02_wall_paint"}
{"ctxid":1,"pos":[-828.794556,-748.638855,176.871063],"rotationMatrix":[0.99999994,0,0,0,0.99999994,0,0,0,0.999999881],"scale":0.847563267,"type":"monstera02_wall_paint"}
{"ctxid":1,"pos":[-825.568665,-752.212402,164.84433],"rotationMatrix":[0.99999994,0,0,0,0.99999994,0,0,0,0.999999881],"scale":0.956558228,"type":"monstera02_wall_paint"}
{"ctxid":1,"pos":[-826.668579,-751.532593,164.849258],"rotationMatrix":[0.99999994,0,0,0,0.99999994,0,0,0,0.999999881],"scale":0.857406139,"type":"monstera02_wall_paint"}
{"ctxid":1,"pos":[-827.080322,-748.450073,171.187943],"rotationMatrix":[0.99999994,0,0,0,0.99999994,0,0,0,0.999999881],"scale":0.941647172,"type":"monstera02_wall_paint"}
{"ctxid":1,"pos":[-826.784424,-752.54248,164.647644],"rotationMatrix":[0.99999994,0,0,0,0.99999994,0,0,0,0.999999881],"scale":0.734950662,"type":"monstera02_wall_paint"}
{"ctxid":1,"pos":[-823.280945,-752.909302,163.785019],"rotationMatrix":[0.99999994,0,0,0,0.99999994,0,0,0,0.999999881],"scale":0.846518338,"type":"monstera02_wall_paint"}
{"ctxid":1,"pos":[-825.171021,-746.839233,159.523849],"rotationMatrix":[0.99999994,0,0,0,0.99999994,0,0,0,0.999999881],"scale":0.906072199,"type":"monstera02_wall_paint"}
{"ctxid":1,"pos":[-827.700623,-750.346008,163.99527],"rotationMatrix":[0.99999994,0,0,0,0.99999994,0,0,0,0.999999881],"scale":0.732757568,"type":"monstera02_wall_paint"}
