{"ctxid":0,"pos":[960.060425,-819.363586,141.224289],"rotationMatrix":[-0.550440609,0.834874332,0,-0.834874332,-0.550440609,0,0,0,1],"scale":1.11891341,"type":"pac_rock_medium_2"}
{"ctxid":0,"pos":[959.150696,-818.483459,140.76239],"rotationMatrix":[0.438065976,-0.898942828,0,0.898942828,0.438065976,0,0,0,1],"scale":0.959477484,"type":"pac_rock_medium_2"}
{"ctxid":0,"pos":[764.439819,943.830688,154.997864],"rotationMatrix":[0.816834271,0.502301633,0.283681333,-0.474500626,0.864692628,-0.164791033,-0.328071862,0,0.944652736],"scale":0.963607669,"type":"pac_rock_medium_2"}
{"ctxid":0,"pos":[784.387573,956.65448,151.539398],"rotationMatrix":[0.996114433,0.037037205,0.079901509,0.0426458269,-0.996658087,-0.0696693659,0.0770541281,0.0728061795,-0.994364858],"scale":1.22740066,"type":"pac_rock_medium_2"}
{"ctxid":0,"pos":[778.048767,954.700439,154.035355],"rotationMatrix":[0.86728847,-0.497805893,0,0.497805893,0.86728847,0,0,0,1],"scale":1.13333797,"type":"pac_rock_medium_2"}
{"ctxid":0,"pos":[780.898315,928.53479,151.067154],"rotationMatrix":[-0.138052553,-0.0196590424,-0.990229785,-0.971523643,-0.191705331,0.139250636,-0.192569852,0.981255651,0.00736618042],"scale":0.955210686,"type":"pac_rock_medium_2"}
{"ctxid":0,"pos":[806.865601,917.556213,156.365784],"rotationMatrix":[0.0834638104,0.996500969,-0.00444586575,-0.381599963,0.0360823423,0.923623085,0.920551658,-0.0753925294,0.383276254],"scale":0.849079311,"type":"pac_rock_medium_2"}
{"ctxid":0,"pos":[684.98877,713.318054,155.186081],"rotationMatrix":[-0.786575198,0.617494524,0,-0.617494524,-0.786575198,0,0,0,1],"scale":0.822055876,"type":"pac_rock_medium_2"}
{"ctxid":0,"pos":[681.335999,713.247131,154.856445],"rotationMatrix":[0.975086927,0.221823007,0,-0.221823007,0.975086927,0,0,0,1],"scale":1.18773496,"type":"pac_rock_medium_2"}
{"ctxid":0,"pos":[677.388611,713.818359,154.502228],"rotationMatrix":[-0.591616035,-0.806219876,0,0.806219876,-0.591616035,0,0,0,1],"scale":0.892452955,"type":"pac_rock_medium_2"}
{"ctxid":0,"pos":[687.185364,709.691284,154.46051],"rotationMatrix":[0.0463276505,-0.998926282,0,0.998926282,0.0463276505,0,0,0,1],"scale":1.199036,"type":"pac_rock_medium_2"}
{"ctxid":0,"pos":[685.48468,710.270081,154.675293],"rotationMatrix":[0.868673861,-0.495384395,0,0.495384395,0.868673861,0,0,0,1],"scale":1.15600979,"type":"pac_rock_medium_2"}
{"ctxid":0,"pos":[664.269104,725.795837,151.305618],"rotationMatrix":[0.668977618,0.743282557,0,-0.743282557,0.668977618,0,0,0,1],"scale":1.19266403,"type":"pac_rock_medium_2"}
{"ctxid":0,"pos":[-75.1898346,-451.933533,128.977463],"rotationMatrix":[0.895665646,-0.444728017,0,0.444728017,0.895665646,0,0,0,1],"scale":0.871170223,"type":"pac_rock_medium_2"}
{"ctxid":0,"pos":[-84.7617035,-447.616638,128.82962],"rotationMatrix":[-0.796210051,-0.605020344,0,0.605020344,-0.796210051,0,0,0,1],"scale":0.956247926,"type":"pac_rock_medium_2"}
{"ctxid":0,"pos":[-98.5843277,-433.963745,128.699387],"rotationMatrix":[-0.943653584,0.330934972,0,-0.330934972,-0.943653584,0,0,0,1],"scale":1.08418429,"type":"pac_rock_medium_2"}
{"ctxid":0,"pos":[-108.379623,-422.866943,128.635849],"rotationMatrix":[-0.999377608,-0.0352766328,0,0.0352766328,-0.999377608,0,0,0,1],"scale":1.13226187,"type":"pac_rock_medium_2"}
{"ctxid":0,"pos":[-103.374893,-425.526306,128.615738],"rotationMatrix":[0.93219012,0.361969024,0,-0.361969024,0.93219012,0,0,0,1],"scale":1.05338466,"type":"pac_rock_medium_2"}
{"ctxid":0,"pos":[-107.477867,-431.268341,129.364014],"rotationMatrix":[-0.326254755,0.945281863,0,-0.945281863,-0.326254755,0,0,0,1],"scale":0.863386571,"type":"pac_rock_medium_2"}
{"ctxid":0,"pos":[-110.099945,-431.721985,129.446396],"rotationMatrix":[-0.278065205,0.960562229,0,-0.960562229,-0.278065205,0,0,0,1],"scale":0.802005887,"type":"pac_rock_medium_2"}
{"ctxid":0,"pos":[-114.740303,-430.052856,129.13092],"rotationMatrix":[0.389489591,0.921030879,0,-0.921030879,0.389489591,0,0,0,1],"scale":0.8847242,"type":"pac_rock_medium_2"}
{"ctxid":0,"pos":[-167.872849,-439.243347,129.922974],"rotationMatrix":[0.999998212,0.00190288108,0,-0.00190288108,0.999998212,0,0,0,1],"scale":1.0929265,"type":"pac_rock_medium_2"}
{"ctxid":0,"pos":[-179.111679,-438.977966,129.918839],"rotationMatrix":[-0.310497224,-0.950574279,0,0.950574279,-0.310497224,0,0,0,1],"scale":1.19738197,"type":"pac_rock_medium_2"}
{"ctxid":0,"pos":[-188.170715,-440.165802,130.597137],"rotationMatrix":[-0.363242328,0.931694686,0,-0.931694686,-0.363242328,0,0,0,1],"scale":1.11085153,"type":"pac_rock_medium_2"}
{"ctxid":0,"pos":[-181.98027,-440.225647,130.656281],"rotationMatrix":[-0.578652024,0.815574527,0,-0.815574527,-0.578652024,0,0,0,1],"scale":1.15711629,"type":"pac_rock_medium_2"}
{"ctxid":0,"pos":[-192.363266,-439.434113,130.373795],"rotationMatrix":[-0.9803738,-0.197147653,0,0.197147653,-0.9803738,0,0,0,1],"scale":0.936858177,"type":"pac_rock_medium_2"}
{"ctxid":0,"pos":[-195.663986,-440.0047,130.695801],"rotationMatrix":[-0.556546509,-0.830816448,0,0.830816448,-0.556546509,0,0,0,1],"scale":0.902864754,"type":"pac_rock_medium_2"}
{"ctxid":0,"pos":[-203.841125,-441.925323,131.064041],"rotationMatrix":[0.721889615,0.692008257,0,-0.692008257,0.721889615,0,0,0,1],"scale":0.873624027,"type":"pac_rock_medium_2"}
{"ctxid":0,"pos":[-213.271576,-443.342194,131.126846],"rotationMatrix":[-0.534553349,0.845134735,0,-0.845134735,-0.534553349,0,0,0,1],"scale":1.10330868,"type":"pac_rock_medium_2"}
{"ctxid":0,"pos":[-218.464539,-444.172058,130.993958],"rotationMatrix":[-0.524114907,-0.851647556,0,0.851647556,-0.524114907,0,0,0,1],"scale":0.999235153,"type":"pac_rock_medium_2"}
{"ctxid":0,"pos":[-205.0905,-442.016937,131.125076],"rotationMatrix":[-0.311623037,-0.950205803,0,0.950205803,-0.311623037,0,0,0,1],"scale":0.97038734,"type":"pac_rock_medium_2"}
{"ctxid":0,"pos":[-175.6026,-438.745819,130.22113],"rotationMatrix":[0.00902117137,0.99995929,0,-0.99995929,0.00902117137,0,0,0,1],"scale":0.83656019,"type":"pac_rock_medium_2"}
{"ctxid":0,"pos":[-155.384949,-440.454193,129.549957],"rotationMatrix":[-0.0578290373,0.99832648,0,-0.99832648,-0.0578290373,0,0,0,1],"scale":1.11375356,"type":"pac_rock_medium_2"}
{"ctxid":0,"pos":[-155.393051,-441.484497,130.094086],"rotationMatrix":[-0.0387658924,-0.999248326,0,0.999248326,-0.0387658924,0,0,0,1],"scale":0.956745267,"type":"pac_rock_medium_2"}
{"ctxid":0,"pos":[-206.628922,-422.88385,129.851868],"rotationMatrix":[0.0792381838,-0.996855736,0,0.996855736,0.0792381838,0,0,0,1],"scale":1.13063776,"type":"pac_rock_medium_2"}
{"ctxid":0,"pos":[-203.43512,-422.305817,129.909332],"rotationMatrix":[0.9690786,-0.246752143,0,0.246752143,0.9690786,0,0,0,1],"scale":1.18085897,"type":"pac_rock_medium_2"}
{"ctxid":0,"pos":[-177.001297,-424.476013,130.130981],"rotationMatrix":[-0.975217164,0.2212497,0,-0.2212497,-0.975217164,0,0,0,1],"scale":1.09080756,"type":"pac_rock_medium_2"}
{"ctxid":0,"pos":[-187.250427,-422.864868,130.267639],"rotationMatrix":[0.999940038,-0.0109495008,0,0.0109495008,0.999940038,0,0,0,1],"scale":1.00702071,"type":"pac_rock_medium_2"}
{"ctxid":0,"pos":[-181.851364,-423.020294,130.58609],"rotationMatrix":[-0.209905416,0.977721691,0,-0.977721691,-0.209905416,0,0,0,1],"scale":0.998467445,"type":"pac_rock_medium_2"}
{"ctxid":0,"pos":[-168.91954,-424.301758,129.668564],"rotationMatrix":[0.999266386,0.0382981226,0,-0.0382981226,0.999266386,0,0,0,1],"scale":1.15073323,"type":"pac_rock_medium_2"}
{"ctxid":0,"pos":[-168.715332,-425.357117,129.664047],"rotationMatrix":[0.676931083,0.736046433,0,-0.736046433,0.676931083,0,0,0,1],"scale":1.07251322,"type":"pac_rock_medium_2"}
{"ctxid":0,"pos":[-163.529739,-423.814484,129.533142],"rotationMatrix":[0.252025366,-0.967720628,0,0.967720628,0.252025366,0,0,0,1],"scale":1.10259056,"type":"pac_rock_medium_2"}
{"ctxid":0,"pos":[-160.855301,-423.789246,129.192886],"rotationMatrix":[0.362558365,-0.93196106,0,0.93196106,0.362558365,0,0,0,1],"scale":0.95712328,"type":"pac_rock_medium_2"}
{"ctxid":0,"pos":[-160.238205,-422.788788,129.638031],"rotationMatrix":[-0.963710666,0.266948879,0,-0.266948879,-0.963710666,0,0,0,1],"scale":1.1827662,"type":"pac_rock_medium_2"}
{"ctxid":0,"pos":[-155.876312,-422.721405,129.756973],"rotationMatrix":[-0.974813879,0.223019898,0,-0.223019898,-0.974813879,0,0,0,1],"scale":1.03593588,"type":"pac_rock_medium_2"}
{"ctxid":0,"pos":[-153.585037,-422.464905,129.863815],"rotationMatrix":[0.273966521,0.961739242,0,-0.961739242,0.273966521,0,0,0,1],"scale":0.923621058,"type":"pac_rock_medium_2"}
{"ctxid":0,"pos":[-151.409103,-422.385773,129.870834],"rotationMatrix":[0.297059804,-0.954858899,0,0.954858899,0.297059804,0,0,0,1],"scale":0.930597067,"type":"pac_rock_medium_2"}
{"ctxid":0,"pos":[-188.324432,-434.709564,129.452438],"rotationMatrix":[0.94787401,-0.318645388,0,0.318645388,0.94787401,0,0,0,1],"scale":0.909734786,"type":"pac_rock_medium_2"}
{"ctxid":0,"pos":[-210.729538,-436.351868,129.360962],"rotationMatrix":[0.957913756,0.287056208,0,-0.287056208,0.957913756,0,0,0,1],"scale":1.15200496,"type":"pac_rock_medium_2"}
{"ctxid":0,"pos":[-195.573395,-421.446777,130.568787],"rotationMatrix":[-0.782161474,0.623075783,0,-0.623075783,-0.782161474,0,0,0,1],"scale":0.969077349,"type":"pac_rock_medium_2"}
{"ctxid":0,"pos":[-196.846954,-426.014404,129.702087],"rotationMatrix":[0.971389055,0.237493798,0,-0.237493798,0.971389055,0,0,0,1],"scale":1.16876674,"type":"pac_rock_medium_2"}
{"ctxid":0,"pos":[-174.841904,-430.11441,129.249878],"rotationMatrix":[-0.729801118,-0.683659494,0,0.683659494,-0.729801118,0,0,0,1],"scale":0.913850605,"type":"pac_rock_medium_2"}
{"ctxid":0,"pos":[-158.686157,-432.583466,128.000214],"rotationMatrix":[0.999164164,0.0408776961,0,-0.0408776961,0.999164164,0,0,0,1],"scale":0.854825795,"type":"pac_rock_medium_2"}
{"ctxid":0,"pos":[-163.431168,-432.062408,128.571533],"rotationMatrix":[-0.569677889,0.821868062,0,-0.821868062,-0.569677889,0,0,0,1],"scale":1.05296838,"type":"pac_rock_medium_2"}
{"ctxid":0,"pos":[-162.478348,-434.899719,128.386734],"rotationMatrix":[-0.656984866,0.753903806,0,-0.753903806,-0.656984866,0,0,0,1],"scale":0.803442299,"type":"pac_rock_medium_2"}
{"ctxid":0,"pos":[-184.296265,-439.675964,130.710678],"rotationMatrix":[0.0764557272,-0.997072995,0,0.997072995,0.0764557272,0,0,0,1],"scale":0.806092918,"type":"pac_rock_medium_2"}
{"ctxid":0,"pos":[-120.253059,-452.435608,129.083038],"rotationMatrix":[0.161364526,0.986894846,0,-0.986894846,0.161364526,0,0,0,1],"scale":1.0739125,"type":"pac_rock_medium_2"}
{"ctxid":0,"pos":[-119.150192,-450.925751,129.025452],"rotationMatrix":[0.629171371,0.777266622,0,-0.777266622,0.629171371,0,0,0,1],"scale":0.98976481,"type":"pac_rock_medium_2"}
{"ctxid":0,"pos":[-117.586334,-450.423462,128.861191],"rotationMatrix":[0.315235645,0.949013412,0,-0.949013412,0.315235645,0,0,0,1],"scale":1.04722226,"type":"pac_rock_medium_2"}
{"ctxid":0,"pos":[-122.341309,-459.560272,129.660629],"rotationMatrix":[-0.582710743,0.812679648,0,-0.812679648,-0.582710743,0,0,0,1],"scale":0.974136949,"type":"pac_rock_medium_2"}
{"ctxid":0,"pos":[-120.470512,-457.167847,128.942535],"rotationMatrix":[-0.989238143,0.146314234,0,-0.146314234,-0.989238143,0,0,0,1],"scale":1.16968656,"type":"pac_rock_medium_2"}
{"ctxid":0,"pos":[-108.338989,-467.29776,128.980972],"rotationMatrix":[0.95228368,-0.305214286,0,0.305214286,0.95228368,0,0,0,1],"scale":0.835218608,"type":"pac_rock_medium_2"}
{"ctxid":0,"pos":[-112.834381,-471.26059,129.891388],"rotationMatrix":[-0.988932908,-0.148363307,0,0.148363307,-0.988932908,0,0,0,1],"scale":0.960205793,"type":"pac_rock_medium_2"}
{"ctxid":0,"pos":[-107.648605,-480.795654,130.287521],"rotationMatrix":[0.494345874,-0.869265318,0,0.869265318,0.494345874,0,0,0,1],"scale":1.16170275,"type":"pac_rock_medium_2"}
{"ctxid":0,"pos":[-97.739151,-482.283447,129.146255],"rotationMatrix":[-0.0901695043,-0.99592644,0,0.99592644,-0.0901695043,0,0,0,1],"scale":0.835961759,"type":"pac_rock_medium_2"}
{"ctxid":0,"pos":[-100.441078,-483.588257,129.658936],"rotationMatrix":[0.598684013,0.800985277,0,-0.800985277,0.598684013,0,0,0,1],"scale":1.15515327,"type":"pac_rock_medium_2"}
{"ctxid":0,"pos":[-101.020073,-488.860138,131.310638],"rotationMatrix":[-0.339752674,0.940514803,0,-0.940514803,-0.339752674,0,0,0,1],"scale":1.16485274,"type":"pac_rock_medium_2"}
{"ctxid":0,"pos":[-136.393097,-447.921478,129.336975],"rotationMatrix":[-0.995120704,-0.0986650586,0,0.0986650586,-0.995120704,0,0,0,1],"scale":0.903835535,"type":"pac_rock_medium_2"}
{"ctxid":0,"pos":[-138.338058,-447.080322,129.51683],"rotationMatrix":[0.499325871,-0.866414249,0,0.866414249,0.499325871,0,0,0,1],"scale":1.0053525,"type":"pac_rock_medium_2"}
{"ctxid":0,"pos":[-138.599747,-452.415985,130.277466],"rotationMatrix":[0.775017381,0.631939888,0,-0.631939888,0.775017381,0,0,0,1],"scale":0.952717543,"type":"pac_rock_medium_2"}
{"ctxid":0,"pos":[-141.210953,-449.133636,130.46106],"rotationMatrix":[-0.955238163,0.295837969,0,-0.295837969,-0.955238163,0,0,0,1],"scale":0.836234808,"type":"pac_rock_medium_2"}
{"ctxid":0,"pos":[-143.550461,-439.262909,129.307266],"rotationMatrix":[0.0143337231,0.999897242,0,-0.999897242,0.0143337231,0,0,0,1],"scale":1.06386733,"type":"pac_rock_medium_2"}
{"ctxid":0,"pos":[-141.161591,-438.455688,129.119202],"rotationMatrix":[-0.690638065,-0.72320056,0,0.72320056,-0.690638065,0,0,0,1],"scale":0.874432802,"type":"pac_rock_medium_2"}
{"ctxid":0,"pos":[-141.534424,-441.023224,129.14122],"rotationMatrix":[0.194249466,0.980952144,0,-0.980952144,0.194249466,0,0,0,1],"scale":0.965358615,"type":"pac_rock_medium_2"}
{"ctxid":0,"pos":[-140.71756,-440.231171,129.170486],"rotationMatrix":[0.121265747,-0.992620051,0,0.992620051,0.121265747,0,0,0,1],"scale":0.937172472,"type":"pac_rock_medium_2"}
{"ctxid":0,"pos":[-148.253281,-439.477966,129.532562],"rotationMatrix":[-0.430167913,0.902748883,0,-0.902748883,-0.430167913,0,0,0,1],"scale":0.820699871,"type":"pac_rock_medium_2"}
{"ctxid":0,"pos":[-134.985107,-423.012421,129.733841],"rotationMatrix":[-0.997465014,0.0711583868,0,-0.0711583868,-0.997465014,0,0,0,1],"scale":1.08956599,"type":"pac_rock_medium_2"}
{"ctxid":0,"pos":[-139.223801,-423.015839,130.030533],"rotationMatrix":[0.252066046,0.967710018,0,-0.967710018,0.252066046,0,0,0,1],"scale":0.816567004,"type":"pac_rock_medium_2"}
{"ctxid":0,"pos":[-444.16922,-463.2742,130.740829],"rotationMatrix":[-0.689073503,0.724691451,0,-0.724691451,-0.689073503,0,0,0,1],"scale":1.09777689,"type":"pac_rock_medium_2"}
{"ctxid":0,"pos":[-442.173035,-460.653381,131.005417],"rotationMatrix":[-0.759961724,-0.649967849,0,0.649967849,-0.759961724,0,0,0,1],"scale":0.963497519,"type":"pac_rock_medium_2"}
{"ctxid":0,"pos":[-422.360565,-466.502258,132.416107],"rotationMatrix":[0.0979125574,0.995195031,0,-0.995195031,0.0979125574,0,0,0,1],"scale":0.972036958,"type":"pac_rock_medium_2"}
{"ctxid":0,"pos":[-411.708313,-468.29776,132.312241],"rotationMatrix":[-0.0593632981,-0.998236418,0,0.998236418,-0.0593632981,0,0,0,1],"scale":1.04109871,"type":"pac_rock_medium_2"}
{"ctxid":0,"pos":[-411.80542,-473.335144,131.00145],"rotationMatrix":[0.72984165,-0.683616221,0,0.683616221,0.72984165,0,0,0,1],"scale":0.898219764,"type":"pac_rock_medium_2"}
{"ctxid":0,"pos":[-373.86673,-472.950775,131.790344],"rotationMatrix":[-0.407774001,0.913082898,0,-0.913082898,-0.407774001,0,0,0,1],"scale":0.919097006,"type":"pac_rock_medium_2"}
{"ctxid":0,"pos":[-417.957886,-478.727753,130.445541],"rotationMatrix":[-0.0748862326,0.997192085,0,-0.997192085,-0.0748862326,0,0,0,1],"scale":1.08240581,"type":"pac_rock_medium_2"}
{"ctxid":0,"pos":[-430.471039,-474.558075,130.90387],"rotationMatrix":[-0.943610191,-0.331058532,0,0.331058532,-0.943610191,0,0,0,1],"scale":1.04426324,"type":"pac_rock_medium_2"}
{"ctxid":0,"pos":[-436.11795,-474.90506,129.769974],"rotationMatrix":[-0.303566009,0.952810407,0,-0.952810407,-0.303566009,0,0,0,1],"scale":1.04045141,"type":"pac_rock_medium_2"}
{"ctxid":0,"pos":[-435.222534,-474.046204,130.049316],"rotationMatrix":[0.156757683,-0.987637103,0,0.987637103,0.156757683,0,0,0,1],"scale":0.978417635,"type":"pac_rock_medium_2"}
{"ctxid":0,"pos":[-425.518738,-479.570374,129.653076],"rotationMatrix":[-0.46203801,0.886860132,0,-0.886860132,-0.46203801,0,0,0,1],"scale":0.832222641,"type":"pac_rock_medium_2"}
{"ctxid":0,"pos":[-431.769135,-477.930664,128.721222],"rotationMatrix":[0.443778366,-0.896136582,0,0.896136582,0.443778366,0,0,0,1],"scale":0.836292088,"type":"pac_rock_medium_2"}
{"ctxid":0,"pos":[-447.211639,-455.172668,130.776123],"rotationMatrix":[-0.0490906611,0.998794317,0,-0.998794317,-0.0490906611,0,0,0,1],"scale":1.14706123,"type":"pac_rock_medium_2"}
{"ctxid":0,"pos":[-453.36496,-449.644562,129.759354],"rotationMatrix":[-0.607589781,-0.794251025,0,0.794251025,-0.607589781,0,0,0,1],"scale":1.14159095,"type":"pac_rock_medium_2"}
{"ctxid":0,"pos":[-451.144623,-443.171112,131.847198],"rotationMatrix":[-0.998567879,0.0534997433,0,-0.0534997433,-0.998567879,0,0,0,1],"scale":1.14667106,"type":"pac_rock_medium_2"}
{"ctxid":0,"pos":[-443.671387,-450.878448,133.223145],"rotationMatrix":[-0.284686685,0.958620608,0,-0.958620608,-0.284686685,0,0,0,1],"scale":0.847796619,"type":"pac_rock_medium_2"}
{"ctxid":0,"pos":[-444.452209,-452.023254,132.090149],"rotationMatrix":[-0.20076938,-0.979638517,0,0.979638517,-0.20076938,0,0,0,1],"scale":1.14047587,"type":"pac_rock_medium_2"}
{"ctxid":0,"pos":[-439.999603,-453.649017,132.685425],"rotationMatrix":[0.466642141,-0.884446204,0,0.884446204,0.466642141,0,0,0,1],"scale":0.830969274,"type":"pac_rock_medium_2"}
{"ctxid":0,"pos":[-430.078369,-459.127563,132.789169],"rotationMatrix":[0.812927246,0.582365274,0,-0.582365274,0.812927246,0,0,0,1],"scale":0.82218647,"type":"pac_rock_medium_2"}
{"ctxid":0,"pos":[-429.74469,-460.63205,132.549881],"rotationMatrix":[-0.327216506,-0.944949389,0,0.944949389,-0.327216506,0,0,0,1],"scale":0.984925628,"type":"pac_rock_medium_2"}
{"ctxid":0,"pos":[-434.679047,-491.158173,131.74762],"rotationMatrix":[0.387874126,0.921712339,0,-0.921712339,0.387874126,0,0,0,1],"scale":1.19092715,"type":"pac_rock_medium_2"}
{"ctxid":0,"pos":[-434.637939,-489.730103,131.222214],"rotationMatrix":[-0.62729466,-0.77878201,0,0.77878201,-0.62729466,0,0,0,1],"scale":0.975561857,"type":"pac_rock_medium_2"}
{"ctxid":0,"pos":[-433.399719,-492.069458,132.321442],"rotationMatrix":[-0.91480881,-0.403887212,0,0.403887212,-0.91480881,0,0,0,1],"scale":0.937240779,"type":"pac_rock_medium_2"}
{"ctxid":0,"pos":[-447.682831,-484.071808,130.850357],"rotationMatrix":[-0.25359261,0.967311144,0,-0.967311144,-0.25359261,0,0,0,1],"scale":1.12627804,"type":"pac_rock_medium_2"}
{"ctxid":0,"pos":[-353.901489,-497.424866,132.364075],"rotationMatrix":[0.9448874,-0.327395499,0,0.327395499,0.9448874,0,0,0,1],"scale":0.978711128,"type":"pac_rock_medium_2"}
{"ctxid":0,"pos":[-353.853851,-498.642365,132.686386],"rotationMatrix":[-0.822472632,0.568804741,0,-0.568804741,-0.822472632,0,0,0,1],"scale":1.0100491,"type":"pac_rock_medium_2"}
{"ctxid":0,"pos":[-344.610901,-498.596985,132.54425],"rotationMatrix":[-0.755254507,-0.655431628,0,0.655431628,-0.755254507,0,0,0,1],"scale":1.12924421,"type":"pac_rock_medium_2"}
{"ctxid":0,"pos":[-340.856567,-492.107941,131.121078],"rotationMatrix":[0.718304694,0.69572866,0,-0.69572866,0.718304694,0,0,0,1],"scale":1.13127398,"type":"pac_rock_medium_2"}
{"ctxid":0,"pos":[-329.336365,-489.195465,130.318924],"rotationMatrix":[0.295533001,-0.955332518,0,0.955332518,0.295533001,0,0,0,1],"scale":1.11931098,"type":"pac_rock_medium_2"}
{"ctxid":0,"pos":[-327.198792,-490.763885,130.857697],"rotationMatrix":[0.418152332,0.908376932,0,-0.908376932,0.418152332,0,0,0,1],"scale":0.911127746,"type":"pac_rock_medium_2"}
{"ctxid":0,"pos":[-326.133942,-491.879852,131.186646],"rotationMatrix":[0.05021815,-0.998738289,0,0.998738289,0.05021815,0,0,0,1],"scale":0.898083985,"type":"pac_rock_medium_2"}
{"ctxid":0,"pos":[-320.83197,-489.551849,130.757538],"rotationMatrix":[0.992069304,-0.125692099,0,0.125692099,0.992069304,0,0,0,1],"scale":1.13961875,"type":"pac_rock_medium_2"}
{"ctxid":0,"pos":[-351.88443,-495.795288,131.648697],"rotationMatrix":[-0.614501297,0.788915813,0,-0.788915813,-0.614501297,0,0,0,1],"scale":1.14924109,"type":"pac_rock_medium_2"}
{"ctxid":0,"pos":[-351.505066,-497.63913,131.977905],"rotationMatrix":[0.978339195,0.207008213,0,-0.207008213,0.978339195,0,0,0,1],"scale":0.86335367,"type":"pac_rock_medium_2"}
{"ctxid":0,"pos":[-353.76944,-501.319397,133.358139],"rotationMatrix":[-0.049161084,-0.99879086,0,0.99879086,-0.049161084,0,0,0,1],"scale":0.953645587,"type":"pac_rock_medium_2"}
{"ctxid":0,"pos":[-361.551117,-498.024109,132.424744],"rotationMatrix":[-0.797733188,-0.603010535,0,0.603010535,-0.797733188,0,0,0,1],"scale":1.1830107,"type":"pac_rock_medium_2"}
{"ctxid":0,"pos":[-361.583496,-496.329651,132.151489],"rotationMatrix":[0.741711199,0.670719385,0,-0.670719385,0.741711199,0,0,0,1],"scale":0.919809997,"type":"pac_rock_medium_2"}
{"ctxid":0,"pos":[-369.36731,-497.984619,132.30748],"rotationMatrix":[0.944290698,0.329112619,0,-0.329112619,0.944290698,0,0,0,1],"scale":0.947784007,"type":"pac_rock_medium_2"}
{"ctxid":0,"pos":[-369.486816,-494.733948,131.009613],"rotationMatrix":[0.948771656,0.315962583,0,-0.315962583,0.948771656,0,0,0,1],"scale":0.933285236,"type":"pac_rock_medium_2"}
{"ctxid":0,"pos":[-371.648071,-495.039612,130.784164],"rotationMatrix":[0.795681417,0.605715394,0,-0.605715394,0.795681417,0,0,0,1],"scale":0.918940961,"type":"pac_rock_medium_2"}
{"ctxid":0,"pos":[-364.472076,-499.132385,132.872971],"rotationMatrix":[-0.902447522,0.430799812,0,-0.430799812,-0.902447522,0,0,0,1],"scale":0.929163873,"type":"pac_rock_medium_2"}
{"ctxid":0,"pos":[-356.495972,-491.003326,130.217117],"rotationMatrix":[-0.151140511,0.988512278,0,-0.988512278,-0.151140511,0,0,0,1],"scale":1.06054556,"type":"pac_rock_medium_2"}
{"ctxid":0,"pos":[-370.946289,-490.164703,130.181213],"rotationMatrix":[-0.0625644773,0.998040915,0,-0.998040915,-0.0625644773,0,0,0,1],"scale":0.923006535,"type":"pac_rock_medium_2"}
{"ctxid":0,"pos":[-364.839325,-503.783997,133.686737],"rotationMatrix":[0.570917249,0.821007609,0,-0.821007609,0.570917249,0,0,0,1],"scale":0.885838509,"type":"pac_rock_medium_2"}
{"ctxid":0,"pos":[-384.707642,-471.469299,131.773438],"rotationMatrix":[-0.294574529,0.955628514,0,-0.955628514,-0.294574529,0,0,0,1],"scale":0.941766262,"type":"pac_rock_medium_2"}
{"ctxid":0,"pos":[-401.966553,-464.272949,132.50441],"rotationMatrix":[-0.428097099,0.903732717,0,-0.903732717,-0.428097099,0,0,0,1],"scale":0.835155129,"type":"pac_rock_medium_2"}
{"ctxid":0,"pos":[-413.023987,-459.093262,135.056366],"rotationMatrix":[0.0352648199,0.999378026,0,-0.999378026,0.0352648199,0,0,0,1],"scale":0.917956471,"type":"pac_rock_medium_2"}
{"ctxid":0,"pos":[-417.447937,-460.406738,134.74852],"rotationMatrix":[0.579896629,-0.814690053,0,0.814690053,0.579896629,0,0,0,1],"scale":1.04968047,"type":"pac_rock_medium_2"}
{"ctxid":0,"pos":[-422.318146,-457.765045,135.376511],"rotationMatrix":[0.370091021,0.92899549,0,-0.92899549,0.370091021,0,0,0,1],"scale":1.11390495,"type":"pac_rock_medium_2"}
{"ctxid":0,"pos":[-422.087524,-454.119568,135.59082],"rotationMatrix":[0.253269911,-0.967395663,0,0.967395663,0.253269911,0,0,0,1],"scale":1.07692266,"type":"pac_rock_medium_2"}
{"ctxid":0,"pos":[-428.334686,-447.268341,135.904556],"rotationMatrix":[-0.841429472,-0.540366948,0,0.540366948,-0.841429472,0,0,0,1],"scale":0.88790381,"type":"pac_rock_medium_2"}
{"ctxid":0,"pos":[-399.320496,-459.615356,133.468628],"rotationMatrix":[-0.239294454,0.970947027,0,-0.970947027,-0.239294454,0,0,0,1],"scale":0.945273221,"type":"pac_rock_medium_2"}
{"ctxid":0,"pos":[-349.534393,-477.944427,131.36351],"rotationMatrix":[-0.751774669,-0.659420133,0,0.659420133,-0.751774669,0,0,0,1],"scale":0.823617578,"type":"pac_rock_medium_2"}
{"ctxid":0,"pos":[-348.972321,-479.838348,131.098007],"rotationMatrix":[0.516923785,0.856031418,0,-0.856031418,0.516923785,0,0,0,1],"scale":0.939361453,"type":"pac_rock_medium_2"}
{"ctxid":0,"pos":[-361.12381,-486.725769,130.956039],"rotationMatrix":[-0.841163218,0.540781319,0,-0.540781319,-0.841163218,0,0,0,1],"scale":0.829938591,"type":"pac_rock_medium_2"}
{"ctxid":0,"pos":[-361.19458,-488.775177,131.609802],"rotationMatrix":[-0.168149814,0.985761464,0,-0.985761464,-0.168149814,0,0,0,1],"scale":1.15021348,"type":"pac_rock_medium_2"}
{"ctxid":0,"pos":[-367.037292,-495.188293,131.435516],"rotationMatrix":[-0.00572438678,0.999983609,0,-0.999983609,-0.00572438678,0,0,0,1],"scale":1.1230377,"type":"pac_rock_medium_2"}
{"ctxid":0,"pos":[-368.013428,-495.927277,131.180664],"rotationMatrix":[-0.0588310696,0.998267949,0,-0.998267949,-0.0588310696,0,0,0,1],"scale":0.855687201,"type":"pac_rock_medium_2"}
{"ctxid":0,"pos":[-350.912415,-490.375214,130.860306],"rotationMatrix":[-0.700708985,-0.713447213,0,0.713447213,-0.700708985,0,0,0,1],"scale":1.12022257,"type":"pac_rock_medium_2"}
{"ctxid":0,"pos":[-352.029724,-494.555023,131.4142],"rotationMatrix":[-0.585169137,-0.810911238,0,0.810911238,-0.585169137,0,0,0,1],"scale":1.15831232,"type":"pac_rock_medium_2"}
{"ctxid":0,"pos":[-353.288605,-494.63205,131.451385],"rotationMatrix":[0.968622983,-0.248534739,0,0.248534739,0.968622983,0,0,0,1],"scale":1.15828836,"type":"pac_rock_medium_2"}
{"ctxid":0,"pos":[-352.92215,-496.346771,131.44989],"rotationMatrix":[-0.555488765,0.831524074,0,-0.831524074,-0.555488765,0,0,0,1],"scale":1.07059884,"type":"pac_rock_medium_2"}
{"ctxid":0,"pos":[-348.674408,-497.240234,132.184631],"rotationMatrix":[-0.789420307,-0.613853037,0,0.613853037,-0.789420307,0,0,0,1],"scale":1.01908052,"type":"pac_rock_medium_2"}
{"ctxid":0,"pos":[-344.697998,-497.49292,131.90451],"rotationMatrix":[-0.385122836,0.922865331,0,-0.922865331,-0.385122836,0,0,0,1],"scale":1.18592548,"type":"pac_rock_medium_2"}
{"ctxid":0,"pos":[-346.429871,-499.098175,132.072205],"rotationMatrix":[0.888010383,-0.4598234,0,0.4598234,0.888010383,0,0,0,1],"scale":1.08332932,"type":"pac_rock_medium_2"}
{"ctxid":0,"pos":[-347.287415,-492.462921,130.889923],"rotationMatrix":[0.889905393,-0.456145108,0,0.456145108,0.889905393,0,0,0,1],"scale":0.961067557,"type":"pac_rock_medium_2"}
{"ctxid":0,"pos":[-348.262421,-486.618164,131.109528],"rotationMatrix":[-0.991948307,0.126643211,0,-0.126643211,-0.991948307,0,0,0,1],"scale":0.858385503,"type":"pac_rock_medium_2"}
{"ctxid":0,"pos":[534.691833,-954.800049,124.171631],"rotationMatrix":[0.35250777,0.935808897,0,-0.935808897,0.35250777,0,0,0,1],"scale":1.13369524,"type":"pac_rock_medium_2"}
{"ctxid":0,"pos":[530.726013,-953.815613,123.795403],"rotationMatrix":[0.720312655,-0.69364953,0,0.69364953,0.720312655,0,0,0,1],"scale":0.911129534,"type":"pac_rock_medium_2"}
{"ctxid":0,"pos":[594.926575,-884.991455,123.264038],"rotationMatrix":[0.947238922,-0.320528418,0,0.320528418,0.947238922,0,0,0,1],"scale":1.00828969,"type":"pac_rock_medium_2"}
{"ctxid":0,"pos":[592.663269,-883.781921,123.210655],"rotationMatrix":[0.98449254,-0.175426349,0,0.175426349,0.98449254,0,0,0,1],"scale":0.927494228,"type":"pac_rock_medium_2"}
{"ctxid":0,"pos":[586.226746,-877.071899,123.813049],"rotationMatrix":[-0.844618499,-0.535368681,0,0.535368681,-0.844618499,0,0,0,1],"scale":1.02123439,"type":"pac_rock_medium_2"}
{"ctxid":0,"pos":[576.179321,-870.746216,123.854675],"rotationMatrix":[-0.643588901,0.765371323,0,-0.765371323,-0.643588901,0,0,0,1],"scale":0.948471963,"type":"pac_rock_medium_2"}
{"ctxid":0,"pos":[575.302368,-865.698425,123.829361],"rotationMatrix":[0.050083492,-0.998745024,0,0.998745024,0.050083492,0,0,0,1],"scale":0.872108459,"type":"pac_rock_medium_2"}
{"ctxid":0,"pos":[567.910889,-847.499023,123.552742],"rotationMatrix":[-0.799971223,-0.600038409,0,0.600038409,-0.799971223,0,0,0,1],"scale":1.07589805,"type":"pac_rock_medium_2"}
{"ctxid":0,"pos":[568.732117,-845.730408,123.804489],"rotationMatrix":[0.818164468,-0.574984252,0,0.574984252,0.818164468,0,0,0,1],"scale":0.837295592,"type":"pac_rock_medium_2"}
{"ctxid":0,"pos":[628.567444,-901.72345,123.669884],"rotationMatrix":[-0.975260258,-0.221059799,0,0.221059799,-0.975260258,0,0,0,1],"scale":1.18278337,"type":"pac_rock_medium_2"}
{"ctxid":0,"pos":[637.767334,-902.401123,123.672775],"rotationMatrix":[0.285900295,-0.958259344,0,0.958259344,0.285900295,0,0,0,1],"scale":0.923323333,"type":"pac_rock_medium_2"}
{"ctxid":0,"pos":[635.831604,-900.402039,123.956085],"rotationMatrix":[-0.254508823,-0.96707046,0,0.96707046,-0.254508823,0,0,0,1],"scale":0.817810595,"type":"pac_rock_medium_2"}
{"ctxid":0,"pos":[637.398376,-906.751099,123.457619],"rotationMatrix":[-0.98920095,-0.146565706,0,0.146565706,-0.98920095,0,0,0,1],"scale":0.882888794,"type":"pac_rock_medium_2"}
{"ctxid":0,"pos":[638.176575,-908.077576,123.513252],"rotationMatrix":[-0.956794381,0.290765315,0,-0.290765315,-0.956794381,0,0,0,1],"scale":0.97653091,"type":"pac_rock_medium_2"}
{"ctxid":0,"pos":[637.160156,-903.464294,123.950836],"rotationMatrix":[0.0356307998,0.999365032,0,-0.999365032,0.0356307998,0,0,0,1],"scale":0.858455062,"type":"pac_rock_medium_2"}
{"ctxid":0,"pos":[636.888123,-930.216309,123.682465],"rotationMatrix":[-0.271584183,0.962414682,0,-0.962414682,-0.271584183,0,0,0,1],"scale":0.99783814,"type":"pac_rock_medium_2"}
{"ctxid":0,"pos":[639.75,-933.220581,126.959419],"rotationMatrix":[-0.885676622,0.464302629,0,-0.464302629,-0.885676622,0,0,0,1],"scale":1.1588254,"type":"pac_rock_medium_2"}
{"ctxid":0,"pos":[647.715637,-936.86731,123.992317],"rotationMatrix":[-0.0819658861,0.996635139,0,-0.996635139,-0.0819658861,0,0,0,1],"scale":0.938467801,"type":"pac_rock_medium_2"}
{"ctxid":0,"pos":[648.061646,-941.180298,125.029991],"rotationMatrix":[-0.415485948,-0.909599602,0,0.909599602,-0.415485948,0,0,0,1],"scale":1.08651114,"type":"pac_rock_medium_2"}
{"ctxid":0,"pos":[652.835327,-942.36499,123.838646],"rotationMatrix":[-0.988351405,-0.152189136,0,0.152189136,-0.988351405,0,0,0,1],"scale":1.09144008,"type":"pac_rock_medium_2"}
{"ctxid":0,"pos":[657.175537,-945.386536,123.1371],"rotationMatrix":[-0.406197429,-0.913785338,0,0.913785338,-0.406197429,0,0,0,1],"scale":0.954759955,"type":"pac_rock_medium_2"}
{"ctxid":0,"pos":[657.989624,-947.944153,123.108513],"rotationMatrix":[-0.0583203025,0.99829793,0,-0.99829793,-0.0583203025,0,0,0,1],"scale":1.00640416,"type":"pac_rock_medium_2"}
{"ctxid":0,"pos":[655.643127,-929.784058,121.342773],"rotationMatrix":[0.921491623,-0.38839823,0,0.38839823,0.921491623,0,0,0,1],"scale":1.07281244,"type":"pac_rock_medium_2"}
{"ctxid":0,"pos":[652.17511,-934.746094,122.485748],"rotationMatrix":[0.350352168,-0.93661803,0,0.93661803,0.350352168,0,0,0,1],"scale":1.19778371,"type":"pac_rock_medium_2"}
{"ctxid":0,"pos":[653.699341,-936.905151,123.139069],"rotationMatrix":[0.996180356,0.0873194337,0,-0.0873194337,0.996180356,0,0,0,1],"scale":1.00891364,"type":"pac_rock_medium_2"}
{"ctxid":0,"pos":[655.766174,-933.499817,122.30085],"rotationMatrix":[-0.628515244,-0.777797222,0,0.777797222,-0.628515244,0,0,0,1],"scale":1.18412817,"type":"pac_rock_medium_2"}
{"ctxid":0,"pos":[642.608398,-927.998962,123.242249],"rotationMatrix":[0.582090557,0.813123941,0,-0.813123941,0.582090557,0,0,0,1],"scale":0.861287475,"type":"pac_rock_medium_2"}
{"ctxid":0,"pos":[649.236389,-929.394714,123.002098],"rotationMatrix":[0.338780731,-0.940865338,0,0.940865338,0.338780731,0,0,0,1],"scale":0.961651504,"type":"pac_rock_medium_2"}
{"ctxid":0,"pos":[638.46991,-931.385925,123.739296],"rotationMatrix":[-0.976281822,-0.216503501,0,0.216503501,-0.976281822,0,0,0,1],"scale":0.86982286,"type":"pac_rock_medium_2"}
{"ctxid":0,"pos":[633.293701,-925.739929,123.362778],"rotationMatrix":[-0.116522178,-0.993188083,0,0.993188083,-0.116522178,0,0,0,1],"scale":1.02032542,"type":"pac_rock_medium_2"}
{"ctxid":0,"pos":[640.784851,-924.346497,123.249641],"rotationMatrix":[0.896392047,0.44326207,0,-0.44326207,0.896392047,0,0,0,1],"scale":0.886395514,"type":"pac_rock_medium_2"}
{"ctxid":0,"pos":[620.316223,-922.483154,125.851601],"rotationMatrix":[0.933814645,-0.357757151,0,0.357757151,0.933814645,0,0,0,1],"scale":0.821928501,"type":"pac_rock_medium_2"}
{"ctxid":0,"pos":[661.195557,-956.32843,121.882065],"rotationMatrix":[-0.99415499,-0.107962206,0,0.107962206,-0.99415499,0,0,0,1],"scale":1.03477693,"type":"pac_rock_medium_2"}
{"ctxid":0,"pos":[649.410889,-969.401428,123.908066],"rotationMatrix":[0.830118775,-0.557586551,0,0.557586551,0.830118775,0,0,0,1],"scale":0.92802155,"type":"pac_rock_medium_2"}
{"ctxid":0,"pos":[652.928345,-971.837708,122.213028],"rotationMatrix":[0.895320773,0.445421904,0,-0.445421904,0.895320773,0,0,0,1],"scale":0.838696778,"type":"pac_rock_medium_2"}
{"ctxid":0,"pos":[655.759155,-964.636719,123.139359],"rotationMatrix":[-0.290737897,-0.956802726,0,0.956802726,-0.290737897,0,0,0,1],"scale":1.16489589,"type":"pac_rock_medium_2"}
{"ctxid":0,"pos":[645.240051,-977.115051,122.761078],"rotationMatrix":[-0.0541893393,0.998530686,0,-0.998530686,-0.0541893393,0,0,0,1],"scale":1.05386984,"type":"pac_rock_medium_2"}
{"ctxid":0,"pos":[648.272217,-975.577454,122.903343],"rotationMatrix":[-0.930534184,-0.366205007,0,0.366205007,-0.930534184,0,0,0,1],"scale":0.803318799,"type":"pac_rock_medium_2"}
{"ctxid":0,"pos":[644.69574,-980.123535,122.243202],"rotationMatrix":[0.517941594,-0.855416,0,0.855416,0.517941594,0,0,0,1],"scale":1.13615537,"type":"pac_rock_medium_2"}
{"ctxid":0,"pos":[624.942932,-981.183228,124.135216],"rotationMatrix":[0.324508011,0.945882916,0,-0.945882916,0.324508011,0,0,0,1],"scale":0.994540274,"type":"pac_rock_medium_2"}
{"ctxid":0,"pos":[616.466675,-977.812439,124.009636],"rotationMatrix":[-0.999999881,0.000479547161,0,-0.000479547161,-0.999999881,0,0,0,1],"scale":1.06144917,"type":"pac_rock_medium_2"}
{"ctxid":0,"pos":[609.456055,-980.461182,123.811836],"rotationMatrix":[0.767366827,0.641208351,0,-0.641208351,0.767366827,0,0,0,1],"scale":1.04713655,"type":"pac_rock_medium_2"}
{"ctxid":0,"pos":[605.385986,-976.578186,123.884132],"rotationMatrix":[0.366099209,-0.930575848,0,0.930575848,0.366099209,0,0,0,1],"scale":0.958986759,"type":"pac_rock_medium_2"}
{"ctxid":0,"pos":[598.365479,-979.26178,123.316818],"rotationMatrix":[0.847256958,-0.531183243,0,0.531183243,0.847256958,0,0,0,1],"scale":0.813086689,"type":"pac_rock_medium_2"}
{"ctxid":0,"pos":[594.058777,-978.190735,123.666054],"rotationMatrix":[-0.929273307,0.369392872,0,-0.369392872,-0.929273307,0,0,0,1],"scale":1.0237,"type":"pac_rock_medium_2"}
{"ctxid":0,"pos":[603.674194,-979.313599,123.229042],"rotationMatrix":[0.679428875,0.733741343,0,-0.733741343,0.679428875,0,0,0,1],"scale":0.843243897,"type":"pac_rock_medium_2"}
{"ctxid":0,"pos":[603.113037,-980.921509,123.503044],"rotationMatrix":[-0.201222837,-0.979545474,0,0.979545474,-0.201222837,0,0,0,1],"scale":0.954081774,"type":"pac_rock_medium_2"}
{"ctxid":0,"pos":[643.554443,-981.950317,121.792625],"rotationMatrix":[-0.168534711,-0.98569572,0,0.98569572,-0.168534711,0,0,0,1],"scale":1.07287931,"type":"pac_rock_medium_2"}
{"ctxid":0,"pos":[570.652832,-977.784729,123.76873],"rotationMatrix":[-0.177110463,-0.984191,0,0.984191,-0.177110463,0,0,0,1],"scale":0.811819375,"type":"pac_rock_medium_2"}
{"ctxid":0,"pos":[572.631714,-978.970947,123.941689],"rotationMatrix":[-0.965413928,-0.260722011,0,0.260722011,-0.965413928,0,0,0,1],"scale":0.93232739,"type":"pac_rock_medium_2"}
{"ctxid":0,"pos":[561.994263,-975.491516,123.621582],"rotationMatrix":[-0.422043025,-0.906575799,0,0.906575799,-0.422043025,0,0,0,1],"scale":0.944292665,"type":"pac_rock_medium_2"}
{"ctxid":0,"pos":[563.435913,-975.728943,123.872116],"rotationMatrix":[-0.851647556,-0.524114847,0,0.524114847,-0.851647556,0,0,0,1],"scale":1.03029311,"type":"pac_rock_medium_2"}
{"ctxid":0,"pos":[549.719177,-967.061829,123.684868],"rotationMatrix":[0.781697631,-0.623657644,0,0.623657644,0.781697631,0,0,0,1],"scale":1.11596072,"type":"pac_rock_medium_2"}
{"ctxid":0,"pos":[549.3797,-972.739258,123.578156],"rotationMatrix":[-0.924794197,0.380467743,0,-0.380467743,-0.924794197,0,0,0,1],"scale":0.955065012,"type":"pac_rock_medium_2"}
{"ctxid":0,"pos":[643.03833,-884.229797,123.091957],"rotationMatrix":[-0.988396943,-0.15189293,0,0.15189293,-0.988396943,0,0,0,1],"scale":1.1225673,"type":"pac_rock_medium_2"}
{"ctxid":0,"pos":[633.799805,-864.680603,122.678146],"rotationMatrix":[0.480306655,-0.877100646,0,0.877100646,0.480306655,0,0,0,1],"scale":0.910799861,"type":"pac_rock_medium_2"}
{"ctxid":0,"pos":[640.832947,-880.240479,122.93644],"rotationMatrix":[0.800593972,-0.599207222,0,0.599207222,0.800593972,0,0,0,1],"scale":1.00395966,"type":"pac_rock_medium_2"}
{"ctxid":0,"pos":[639.572083,-877.776611,123.256126],"rotationMatrix":[-0.927529335,-0.373750389,0,0.373750389,-0.927529335,0,0,0,1],"scale":0.812527716,"type":"pac_rock_medium_2"}
{"ctxid":0,"pos":[644.230164,-891.41925,123.290131],"rotationMatrix":[-0.452980042,0.891520679,0,-0.891520679,-0.452980042,0,0,0,1],"scale":1.11502516,"type":"pac_rock_medium_2"}
{"ctxid":0,"pos":[589.188538,-841.385132,122.80751],"rotationMatrix":[0.953859746,-0.300252587,0,0.300252587,0.953859746,0,0,0,1],"scale":1.19212329,"type":"pac_rock_medium_2"}
{"ctxid":0,"pos":[612.78363,-856.046143,123.636955],"rotationMatrix":[-0.996156752,0.0875883102,0,-0.0875883102,-0.996156752,0,0,0,1],"scale":1.1385206,"type":"pac_rock_medium_2"}
{"ctxid":0,"pos":[606.549377,-854.825317,124.35479],"rotationMatrix":[-0.677766442,0.735277236,0,-0.735277236,-0.677766442,0,0,0,1],"scale":0.986874819,"type":"pac_rock_medium_2"}
{"ctxid":0,"pos":[618.850037,-854.66803,123.221367],"rotationMatrix":[-0.462582588,0.886576176,0,-0.886576176,-0.462582588,0,0,0,1],"scale":0.802052915,"type":"pac_rock_medium_2"}
{"ctxid":0,"pos":[614.893738,-857.544189,124.037895],"rotationMatrix":[-0.579565525,-0.814925611,0,0.814925611,-0.579565525,0,0,0,1],"scale":0.893393338,"type":"pac_rock_medium_2"}
{"ctxid":0,"pos":[604.886536,-856.602356,124.655823],"rotationMatrix":[-0.999416411,-0.0341591239,0,0.0341591239,-0.999416411,0,0,0,1],"scale":0.9362818,"type":"pac_rock_medium_2"}
{"ctxid":0,"pos":[609.689514,-853.546082,123.745667],"rotationMatrix":[-0.493465245,0.86976552,0,-0.86976552,-0.493465245,0,0,0,1],"scale":1.18306863,"type":"pac_rock_medium_2"}
{"ctxid":0,"pos":[568.983887,-847.040955,123.560791],"rotationMatrix":[0.778001368,-0.628262579,0,0.628262579,0.778001368,0,0,0,1],"scale":0.802922964,"type":"pac_rock_medium_2"}
{"ctxid":0,"pos":[568.950684,-844.695557,123.532028],"rotationMatrix":[0.985344827,0.170574114,0,-0.170574114,0.985344827,0,0,0,1],"scale":0.980364442,"type":"pac_rock_medium_2"}
{"ctxid":0,"pos":[566.79425,-850.626282,123.47052],"rotationMatrix":[-0.978256583,-0.207398295,0,0.207398295,-0.978256583,0,0,0,1],"scale":1.10726845,"type":"pac_rock_medium_2"}
{"ctxid":0,"pos":[578.854187,-842.570374,123.651543],"rotationMatrix":[0.584599137,-0.811322331,0,0.811322331,0.584599137,0,0,0,1],"scale":0.806168139,"type":"pac_rock_medium_2"}
{"ctxid":0,"pos":[576.851868,-840.475342,123.170372],"rotationMatrix":[-0.0896117911,0.995976746,0,-0.995976746,-0.0896117911,0,0,0,1],"scale":0.982931614,"type":"pac_rock_medium_2"}
{"ctxid":0,"pos":[575.466431,-845.31311,123.943871],"rotationMatrix":[0.502638042,-0.864496946,0,0.864496946,0.502638042,0,0,0,1],"scale":1.00070477,"type":"pac_rock_medium_2"}
{"ctxid":0,"pos":[576.467712,-846.344116,123.969627],"rotationMatrix":[0.946450531,-0.322848916,0,0.322848916,0.946450531,0,0,0,1],"scale":1.06658316,"type":"pac_rock_medium_2"}
{"ctxid":0,"pos":[521.280151,-903.749634,123.750633],"rotationMatrix":[-0.986151695,0.165845752,0,-0.165845752,-0.986151695,0,0,0,1],"scale":0.80035609,"type":"pac_rock_medium_2"}
{"ctxid":0,"pos":[524.508911,-897.877563,123.090981],"rotationMatrix":[0.528299332,0.849058211,0,-0.849058211,0.528299332,0,0,0,1],"scale":1.01595914,"type":"pac_rock_medium_2"}
{"ctxid":0,"pos":[523.789856,-903.132568,123.4692],"rotationMatrix":[-0.968919277,0.247377023,0,-0.247377023,-0.968919277,0,0,0,1],"scale":0.928603172,"type":"pac_rock_medium_2"}
