{"ctxid":0,"pos":[4.5624342,295.064636,283.362762],"rotationMatrix":[0.959732652,0.182376593,0.21366334,-0.280898899,0.631188273,0.722977936,-0.00300750881,-0.753883302,0.657001376],"scale":1.00974941,"type":"pac_rock_tiny_2"}
{"ctxid":0,"pos":[979.163086,-808.829041,145.094604],"rotationMatrix":[0.718164682,0.695873201,0,-0.695873201,0.718164682,0,0,0,1],"scale":1.00523996,"type":"pac_rock_tiny_2"}
{"ctxid":0,"pos":[980.536438,-811.934387,145.055618],"rotationMatrix":[-0.457255602,-0.889335334,0,0.889335334,-0.457255602,0,0,0,1],"scale":1.10885978,"type":"pac_rock_tiny_2"}
{"ctxid":0,"pos":[974.449585,-810.734192,145.08252],"rotationMatrix":[0.968036115,-0.250810832,0,0.250810832,0.968036115,0,0,0,1],"scale":1.10584807,"type":"pac_rock_tiny_2"}
{"ctxid":0,"pos":[961.413147,-818.740295,145.164551],"rotationMatrix":[-0.813138306,-0.582070529,0,0.582070529,-0.813138306,0,0,0,1],"scale":1.19881988,"type":"pac_rock_tiny_2"}
{"ctxid":0,"pos":[961.581543,-818.027466,145.032394],"rotationMatrix":[0.975698411,-0.21911779,0,0.21911779,0.975698411,0,0,0,1],"scale":1.17094696,"type":"pac_rock_tiny_2"}
{"ctxid":0,"pos":[974.056152,-792.197021,127.866013],"rotationMatrix":[0.843361616,-0.537346423,0,0.537346423,0.843361616,0,0,0,1],"scale":1.02966166,"type":"pac_rock_tiny_2"}
{"ctxid":0,"pos":[973.32196,-792.505127,127.782265],"rotationMatrix":[0.62348479,-0.781835496,0,0.781835496,0.62348479,0,0,0,1],"scale":1.14090168,"type":"pac_rock_tiny_2"}
{"ctxid":0,"pos":[971.863403,-790.067749,128.086212],"rotationMatrix":[0.7840271,-0.620726585,0,0.620726585,0.7840271,0,0,0,1],"scale":1.00001788,"type":"pac_rock_tiny_2"}
{"ctxid":0,"pos":[964.253174,-788.118835,125.653755],"rotationMatrix":[0.998260498,0.0589570478,0,-0.0589570478,0.998260498,0,0,0,1],"scale":1.02499378,"type":"pac_rock_tiny_2"}
{"ctxid":0,"pos":[969.377197,-784.469543,125.844574],"rotationMatrix":[-0.00320003671,0.999994874,0,-0.999994874,-0.00320003671,0,0,0,1],"scale":1.14260542,"type":"pac_rock_tiny_2"}
{"ctxid":0,"pos":[962.166321,-788.553162,126.030083],"rotationMatrix":[0.99772656,-0.0673918203,0,0.0673918203,0.99772656,0,0,0,1],"scale":1.09593916,"type":"pac_rock_tiny_2"}
{"ctxid":0,"pos":[777.022217,937.463074,148.922882],"rotationMatrix":[0.955907226,0.293668807,0,-0.293668807,0.955907226,0,0,0,1],"scale":1.14683366,"type":"pac_rock_tiny_2"}
{"ctxid":0,"pos":[775.270874,935.069336,150.273346],"rotationMatrix":[0.926526606,-0.376229227,0,0.376229227,0.926526606,0,0,0,1],"scale":1.02209699,"type":"pac_rock_tiny_2"}
{"ctxid":0,"pos":[766.115906,941.619263,152.672546],"rotationMatrix":[0.66735673,-0.744738221,0,0.744738221,0.66735673,0,0,0,1],"scale":1.02971292,"type":"pac_rock_tiny_2"}
{"ctxid":0,"pos":[765.674805,939.971985,152.635391],"rotationMatrix":[0.151189566,0.988504767,0,-0.988504767,0.151189566,0,0,0,1],"scale":1.01035535,"type":"pac_rock_tiny_2"}
{"ctxid":0,"pos":[765.174561,940.467651,152.65155],"rotationMatrix":[0.996202052,0.0870719478,0,-0.0870719478,0.996202052,0,0,0,1],"scale":1.07678342,"type":"pac_rock_tiny_2"}
{"ctxid":0,"pos":[765.799255,938.118042,152.637589],"rotationMatrix":[-0.877239347,-0.480053246,0,0.480053246,-0.877239347,0,0,0,1],"scale":1.04337776,"type":"pac_rock_tiny_2"}
{"ctxid":0,"pos":[766.151367,938.015991,152.639618],"rotationMatrix":[0.672114253,-0.740447462,0,0.740447462,0.672114253,0,0,0,1],"scale":1.02433848,"type":"pac_rock_tiny_2"}
{"ctxid":0,"pos":[765.189636,938.537842,152.653275],"rotationMatrix":[-0.705176771,0.709031582,0,-0.709031582,-0.705176771,0,0,0,1],"scale":1.04079902,"type":"pac_rock_tiny_2"}
{"ctxid":0,"pos":[764.736206,939.497864,152.632462],"rotationMatrix":[0.100960575,0.994890451,0,-0.994890451,0.100960575,0,0,0,1],"scale":1.16954994,"type":"pac_rock_tiny_2"}
{"ctxid":0,"pos":[771.345642,923.497192,152.507263],"rotationMatrix":[-0.0964949653,0.995333493,0,-0.995333493,-0.0964949653,0,0,0,1],"scale":1.00927401,"type":"pac_rock_tiny_2"}
{"ctxid":0,"pos":[771.793762,921.430115,152.630432],"rotationMatrix":[0.813687682,0.581302285,0,-0.581302285,0.813687682,0,0,0,1],"scale":1.14323783,"type":"pac_rock_tiny_2"}
{"ctxid":0,"pos":[782.482788,954.030273,152.075348],"rotationMatrix":[-0.287107944,-0.957898259,0,0.957898259,-0.287107944,0,0,0,1],"scale":1.02020431,"type":"pac_rock_tiny_2"}
{"ctxid":0,"pos":[781.857178,955.11084,152.118439],"rotationMatrix":[-0.660930455,-0.750447154,0,0.750447154,-0.660930455,0,0,0,1],"scale":1.00235057,"type":"pac_rock_tiny_2"}
{"ctxid":0,"pos":[782.412659,955.045349,151.995041],"rotationMatrix":[-0.936864436,-0.349692822,0,0.349692822,-0.936864436,0,0,0,1],"scale":1.11339426,"type":"pac_rock_tiny_2"}
{"ctxid":0,"pos":[781.108521,955.493347,152.246582],"rotationMatrix":[0.437186033,0.899371088,0,-0.899371088,0.437186033,0,0,0,1],"scale":1.16757882,"type":"pac_rock_tiny_2"}
{"ctxid":0,"pos":[786.404419,958.833923,151.303253],"rotationMatrix":[0.564118862,0.825693607,0,-0.825693607,0.564118862,0,0,0,1],"scale":1.12956095,"type":"pac_rock_tiny_2"}
{"ctxid":0,"pos":[786.864014,959.103271,151.352463],"rotationMatrix":[0.236708507,-0.971580684,0,0.971580684,0.236708507,0,0,0,1],"scale":1.14901936,"type":"pac_rock_tiny_2"}
{"ctxid":0,"pos":[781.669861,952.801147,152.412399],"rotationMatrix":[-0.0310351327,-0.999518275,0,0.999518275,-0.0310351327,0,0,0,1],"scale":1.07077861,"type":"pac_rock_tiny_2"}
{"ctxid":0,"pos":[782.710388,950.511047,151.610168],"rotationMatrix":[0.793409109,0.608688712,0,-0.608688712,0.793409109,0,0,0,1],"scale":1.18210816,"type":"pac_rock_tiny_2"}
{"ctxid":0,"pos":[804.581604,915.215637,156.391266],"rotationMatrix":[0.18878825,0.982017815,0,-0.982017815,0.18878825,0,0,0,1],"scale":1.19100976,"type":"pac_rock_tiny_2"}
{"ctxid":0,"pos":[804.156372,915.059204,156.376266],"rotationMatrix":[0.992829263,-0.119540922,0,0.119540922,0.992829263,0,0,0,1],"scale":1.11270785,"type":"pac_rock_tiny_2"}
{"ctxid":0,"pos":[804.89624,915.437378,156.399261],"rotationMatrix":[0.21832186,-0.975876808,0,0.975876808,0.21832186,0,0,0,1],"scale":1.14941335,"type":"pac_rock_tiny_2"}
{"ctxid":0,"pos":[805.973755,915.127197,156.434601],"rotationMatrix":[0.913611412,-0.406588435,0,0.406588435,0.913611412,0,0,0,1],"scale":1.15066099,"type":"pac_rock_tiny_2"}
{"ctxid":0,"pos":[805.148682,916.080627,156.264618],"rotationMatrix":[-0.972709358,-0.232027009,0,0.232027009,-0.972709358,0,0,0,1],"scale":1.01852381,"type":"pac_rock_tiny_2"}
{"ctxid":0,"pos":[805.138916,914.560852,156.434601],"rotationMatrix":[-0.924352467,0.381539732,0,-0.381539732,-0.924352467,0,0,0,1],"scale":1.1678133,"type":"pac_rock_tiny_2"}
{"ctxid":0,"pos":[816.259338,938.007568,156.434601],"rotationMatrix":[-0.800525367,0.599298835,0,-0.599298835,-0.800525367,0,0,0,1],"scale":1.17174721,"type":"pac_rock_tiny_2"}
{"ctxid":0,"pos":[817.78064,937.654724,156.434601],"rotationMatrix":[0.987712264,-0.156283319,0,0.156283319,0.987712264,0,0,0,1],"scale":1.06097817,"type":"pac_rock_tiny_2"}
{"ctxid":0,"pos":[818.435669,943.506592,156.442505],"rotationMatrix":[-0.789728582,-0.613456368,0,0.613456368,-0.789728582,0,0,0,1],"scale":1.12228405,"type":"pac_rock_tiny_2"}
{"ctxid":0,"pos":[818.111938,937.604431,156.434601],"rotationMatrix":[-0.930765569,0.3656165,0,-0.3656165,-0.930765569,0,0,0,1],"scale":1.14220083,"type":"pac_rock_tiny_2"}
{"ctxid":0,"pos":[787.357178,836.89325,141.209625],"rotationMatrix":[0.986756682,-0.162207276,0,0.162207276,0.986756682,0,0,0,1],"scale":1.02354348,"type":"pac_rock_tiny_2"}
{"ctxid":0,"pos":[786.923401,832.562439,140.885101],"rotationMatrix":[-0.594168425,0.804340661,0,-0.804340661,-0.594168425,0,0,0,1],"scale":1.05706394,"type":"pac_rock_tiny_2"}
{"ctxid":0,"pos":[784.569397,833.306641,140.806229],"rotationMatrix":[0.787847817,-0.615869999,0,0.615869999,0.787847817,0,0,0,1],"scale":1.01377833,"type":"pac_rock_tiny_2"}
{"ctxid":0,"pos":[784.840454,832.397827,140.910812],"rotationMatrix":[-0.0596721582,0.998218,0,-0.998218,-0.0596721582,0,0,0,1],"scale":1.05039322,"type":"pac_rock_tiny_2"}
{"ctxid":0,"pos":[786.048523,832.752014,140.953751],"rotationMatrix":[0.997241497,0.0742251128,0,-0.0742251128,0.997241497,0,0,0,1],"scale":1.1293931,"type":"pac_rock_tiny_2"}
{"ctxid":0,"pos":[786.564819,833.488464,140.954178],"rotationMatrix":[0.62516737,-0.780490696,0,0.780490696,0.62516737,0,0,0,1],"scale":1.03042114,"type":"pac_rock_tiny_2"}
{"ctxid":0,"pos":[787.746948,833.966614,140.87468],"rotationMatrix":[0.892679453,0.450692177,0,-0.450692177,0.892679453,0,0,0,1],"scale":1.03848195,"type":"pac_rock_tiny_2"}
{"ctxid":0,"pos":[784.638611,832.331421,140.896179],"rotationMatrix":[0.85354948,0.52101177,0,-0.52101177,0.85354948,0,0,0,1],"scale":1.00628495,"type":"pac_rock_tiny_2"}
{"ctxid":0,"pos":[786.045593,831.356934,140.94928],"rotationMatrix":[-0.927640319,-0.373474836,0,0.373474836,-0.927640319,0,0,0,1],"scale":1.1892333,"type":"pac_rock_tiny_2"}
{"ctxid":0,"pos":[786.078796,844.081177,140.229385],"rotationMatrix":[-0.414684087,0.909965456,0,-0.909965456,-0.414684087,0,0,0,1],"scale":1.00801289,"type":"pac_rock_tiny_2"}
{"ctxid":0,"pos":[784.734375,844.654297,139.768845],"rotationMatrix":[0.973877013,-0.227076188,0,0.227076188,0.973877013,0,0,0,1],"scale":1.19022417,"type":"pac_rock_tiny_2"}
{"ctxid":0,"pos":[787.422302,844.601624,140.295547],"rotationMatrix":[0.642120242,0.766603887,0,-0.766603887,0.642120242,0,0,0,1],"scale":1.13593948,"type":"pac_rock_tiny_2"}
{"ctxid":0,"pos":[786.356201,846.436829,140.156982],"rotationMatrix":[0.730936229,-0.682445765,0,0.682445765,0.730936229,0,0,0,1],"scale":1.10351694,"type":"pac_rock_tiny_2"}
{"ctxid":0,"pos":[788.250488,844.366943,141.589081],"rotationMatrix":[0.997056067,-0.076676026,0,0.076676026,0.997056067,0,0,0,1],"scale":1.13736534,"type":"pac_rock_tiny_2"}
{"ctxid":0,"pos":[785.124207,844.58551,139.783249],"rotationMatrix":[-0.410639048,0.911798,0,-0.911798,-0.410639048,0,0,0,1],"scale":1.01783049,"type":"pac_rock_tiny_2"}
{"ctxid":0,"pos":[786.918091,846.516418,140.148346],"rotationMatrix":[-0.509098172,-0.860708475,0,0.860708475,-0.509098172,0,0,0,1],"scale":1.13686609,"type":"pac_rock_tiny_2"}
{"ctxid":0,"pos":[783.379578,847.658936,140.374283],"rotationMatrix":[0.70520705,-0.709001422,0,0.709001422,0.70520705,0,0,0,1],"scale":1.08272862,"type":"pac_rock_tiny_2"}
{"ctxid":0,"pos":[784.186279,846.273376,139.782425],"rotationMatrix":[-0.340525329,-0.940235317,0,0.940235317,-0.340525329,0,0,0,1],"scale":1.13248277,"type":"pac_rock_tiny_2"}
{"ctxid":0,"pos":[785.248779,847.527649,140.33815],"rotationMatrix":[0.291444927,-0.956587613,0,0.956587613,0.291444927,0,0,0,1],"scale":1.04440987,"type":"pac_rock_tiny_2"}
{"ctxid":0,"pos":[784.945557,861.763855,143.599731],"rotationMatrix":[-0.889567316,-0.456804127,0,0.456804127,-0.889567316,0,0,0,1],"scale":1.03764653,"type":"pac_rock_tiny_2"}
{"ctxid":0,"pos":[785.736633,861.342529,143.308136],"rotationMatrix":[-0.802468061,-0.596695065,0,0.596695065,-0.802468061,0,0,0,1],"scale":1.01052535,"type":"pac_rock_tiny_2"}
{"ctxid":0,"pos":[786.784363,863.015259,143.29364],"rotationMatrix":[-0.933854938,-0.357652009,0,0.357652009,-0.933854938,0,0,0,1],"scale":1.16826749,"type":"pac_rock_tiny_2"}
{"ctxid":0,"pos":[785.443787,863.216431,143.438965],"rotationMatrix":[-0.286791891,0.957992911,0,-0.957992911,-0.286791891,0,0,0,1],"scale":1.14278865,"type":"pac_rock_tiny_2"}
{"ctxid":0,"pos":[787.284485,860.596619,142.934113],"rotationMatrix":[-0.75715667,-0.653233349,0,0.653233349,-0.75715667,0,0,0,1],"scale":1.07814252,"type":"pac_rock_tiny_2"}
{"ctxid":0,"pos":[787.695068,860.796082,142.886261],"rotationMatrix":[0.890861869,0.454274297,0,-0.454274297,0.890861869,0,0,0,1],"scale":1.00139189,"type":"pac_rock_tiny_2"}
{"ctxid":0,"pos":[787.102234,860.756165,143.01889],"rotationMatrix":[0.135615155,-0.990761578,0,0.990761578,0.135615155,0,0,0,1],"scale":1.12700641,"type":"pac_rock_tiny_2"}
{"ctxid":0,"pos":[769.741516,923.841858,153.285385],"rotationMatrix":[-0.830489516,-0.557034254,0,0.557034254,-0.830489516,0,0,0,1],"scale":1.06190956,"type":"pac_rock_tiny_2"}
{"ctxid":0,"pos":[767.776855,923.763794,152.673538],"rotationMatrix":[0.985921741,-0.167207316,0,0.167207316,0.985921741,0,0,0,1],"scale":1.00672817,"type":"pac_rock_tiny_2"}
{"ctxid":0,"pos":[770.892517,924.256348,152.39357],"rotationMatrix":[-0.78428638,0.620398939,0,-0.620398939,-0.78428638,0,0,0,1],"scale":1.13127077,"type":"pac_rock_tiny_2"}
{"ctxid":0,"pos":[770.2453,923.172485,153.580124],"rotationMatrix":[-0.0679432079,-0.997689188,0,0.997689188,-0.0679432079,0,0,0,1],"scale":1.16997957,"type":"pac_rock_tiny_2"}
{"ctxid":0,"pos":[768.959839,925.611755,152.97821],"rotationMatrix":[0.531246364,0.847217381,0,-0.847217381,0.531246364,0,0,0,1],"scale":1.08840072,"type":"pac_rock_tiny_2"}
{"ctxid":0,"pos":[770.946777,924.911438,152.248108],"rotationMatrix":[-0.267520845,0.963552058,0,-0.963552058,-0.267520845,0,0,0,1],"scale":1.15713501,"type":"pac_rock_tiny_2"}
{"ctxid":0,"pos":[768.002808,925.454651,152.757889],"rotationMatrix":[-0.369558483,0.929207444,0,-0.929207444,-0.369558483,0,0,0,1],"scale":1.09179878,"type":"pac_rock_tiny_2"}
{"ctxid":0,"pos":[764.508545,929.971985,151.066833],"rotationMatrix":[-0.315509826,0.948922276,0,-0.948922276,-0.315509826,0,0,0,1],"scale":1.16636324,"type":"pac_rock_tiny_2"}
{"ctxid":0,"pos":[763.29126,930.90741,150.514999],"rotationMatrix":[-0.076365903,0.997079849,0,-0.997079849,-0.076365903,0,0,0,1],"scale":1.13676345,"type":"pac_rock_tiny_2"}
{"ctxid":0,"pos":[792.064758,890.143433,146.72438],"rotationMatrix":[-0.903291464,-0.429027408,0,0.429027408,-0.903291464,0,0,0,1],"scale":1.08783019,"type":"pac_rock_tiny_2"}
{"ctxid":0,"pos":[790.449768,891.677002,147.344452],"rotationMatrix":[-0.905050337,0.425304443,0,-0.425304443,-0.905050337,0,0,0,1],"scale":1.12764764,"type":"pac_rock_tiny_2"}
{"ctxid":0,"pos":[791.796326,890.802368,146.750275],"rotationMatrix":[0.542034507,-0.840356231,0,0.840356231,0.542034507,0,0,0,1],"scale":1.14077461,"type":"pac_rock_tiny_2"}
{"ctxid":0,"pos":[791.93988,883.186584,146.354004],"rotationMatrix":[0.634288609,-0.773096383,0,0.773096383,0.634288609,0,0,0,1],"scale":1.15418446,"type":"pac_rock_tiny_2"}
{"ctxid":0,"pos":[791.810181,881.474182,146.424957],"rotationMatrix":[-0.921384633,0.388651967,0,-0.388651967,-0.921384633,0,0,0,1],"scale":1.12326038,"type":"pac_rock_tiny_2"}
{"ctxid":0,"pos":[791.390381,881.979858,146.446915],"rotationMatrix":[0.932343841,0.361572921,0,-0.361572921,0.932343841,0,0,0,1],"scale":1.0269109,"type":"pac_rock_tiny_2"}
{"ctxid":0,"pos":[791.566162,878.408569,146.05368],"rotationMatrix":[0.853165627,0.521640062,0,-0.521640062,0.853165627,0,0,0,1],"scale":1.08181274,"type":"pac_rock_tiny_2"}
{"ctxid":0,"pos":[806.027649,892.24176,146.736816],"rotationMatrix":[0.055145897,0.998478293,0,-0.998478293,0.055145897,0,0,0,1],"scale":1.09449291,"type":"pac_rock_tiny_2"}
{"ctxid":0,"pos":[677.213684,721.948059,153.797394],"rotationMatrix":[-0.995697558,-0.0926628783,0,0.0926628783,-0.995697558,0,0,0,1],"scale":1.18998957,"type":"pac_rock_tiny_2"}
{"ctxid":0,"pos":[680.053467,721.617859,153.926147],"rotationMatrix":[0.419828326,0.907603562,0,-0.907603562,0.419828326,0,0,0,1],"scale":1.18136132,"type":"pac_rock_tiny_2"}
{"ctxid":0,"pos":[676.688599,720.118835,154.165527],"rotationMatrix":[-0.980211258,-0.197954223,0,0.197954223,-0.980211258,0,0,0,1],"scale":1.03311992,"type":"pac_rock_tiny_2"}
{"ctxid":0,"pos":[676.813904,722.835754,153.578766],"rotationMatrix":[0.693801343,0.720166445,0,-0.720166445,0.693801343,0,0,0,1],"scale":1.0787158,"type":"pac_rock_tiny_2"}
{"ctxid":0,"pos":[669.995728,725.655823,152.550842],"rotationMatrix":[-0.59456259,-0.804049313,0,0.804049313,-0.59456259,0,0,0,1],"scale":1.01252246,"type":"pac_rock_tiny_2"}
{"ctxid":0,"pos":[668.616333,725.766602,152.320129],"rotationMatrix":[-0.288592845,-0.95745194,0,0.95745194,-0.288592845,0,0,0,1],"scale":1.16408992,"type":"pac_rock_tiny_2"}
{"ctxid":0,"pos":[669.429871,726.741516,151.986115],"rotationMatrix":[-0.132637009,-0.991164684,0,0.991164684,-0.132637009,0,0,0,1],"scale":1.19931006,"type":"pac_rock_tiny_2"}
{"ctxid":0,"pos":[770.855957,797.454468,144.366989],"rotationMatrix":[-0.533934355,-0.84552592,0,0.84552592,-0.533934355,0,0,0,1],"scale":1.16400146,"type":"pac_rock_tiny_2"}
{"ctxid":0,"pos":[772.697083,798.916626,144.610077],"rotationMatrix":[-0.77341181,0.633903921,0,-0.633903921,-0.77341181,0,0,0,1],"scale":1.03471148,"type":"pac_rock_tiny_2"}
{"ctxid":0,"pos":[771.490479,799.612854,144.561157],"rotationMatrix":[0.245956615,-0.969280839,0,0.969280839,0.245956615,0,0,0,1],"scale":1.07935107,"type":"pac_rock_tiny_2"}
{"ctxid":0,"pos":[772.83313,799.940002,144.612518],"rotationMatrix":[0.262282878,-0.964991033,0,0.964991033,0.262282878,0,0,0,1],"scale":1.05665243,"type":"pac_rock_tiny_2"}
{"ctxid":0,"pos":[759.94696,793.876221,141.999573],"rotationMatrix":[0.425446779,0.904983461,0,-0.904983461,0.425446779,0,0,0,1],"scale":1.11443114,"type":"pac_rock_tiny_2"}
{"ctxid":0,"pos":[758.317322,788.71759,141.031555],"rotationMatrix":[-0.326011777,0.945365727,0,-0.945365727,-0.326011777,0,0,0,1],"scale":1.19239593,"type":"pac_rock_tiny_2"}
{"ctxid":0,"pos":[760.463013,791.253601,141.775055],"rotationMatrix":[-0.550216079,0.83502233,0,-0.83502233,-0.550216079,0,0,0,1],"scale":1.12884939,"type":"pac_rock_tiny_2"}
{"ctxid":0,"pos":[737.337463,773.649902,135.965851],"rotationMatrix":[0.725759864,-0.687948108,0,0.687948108,0.725759864,0,0,0,1],"scale":1.17820191,"type":"pac_rock_tiny_2"}
{"ctxid":0,"pos":[736.072144,774.663452,135.918777],"rotationMatrix":[0.415754259,0.909476995,0,-0.909476995,0.415754259,0,0,0,1],"scale":1.1459322,"type":"pac_rock_tiny_2"}
{"ctxid":0,"pos":[737.112488,776.298462,136.241821],"rotationMatrix":[-0.502819359,0.864391506,0,-0.864391506,-0.502819359,0,0,0,1],"scale":1.16648293,"type":"pac_rock_tiny_2"}
{"ctxid":0,"pos":[735.958252,777.253479,136.171143],"rotationMatrix":[-0.786254585,0.617902696,0,-0.617902696,-0.786254585,0,0,0,1],"scale":1.10875845,"type":"pac_rock_tiny_2"}
{"ctxid":0,"pos":[781.703369,962.869263,150.215729],"rotationMatrix":[0.927082181,0.374858171,0,-0.374858171,0.927082181,0,0,0,1],"scale":1.01360834,"type":"pac_rock_tiny_2"}
{"ctxid":0,"pos":[783.102295,962.182434,150.262619],"rotationMatrix":[0.499449521,-0.866343021,0,0.866343021,0.499449521,0,0,0,1],"scale":1.17635155,"type":"pac_rock_tiny_2"}
{"ctxid":0,"pos":[788.490234,961.476379,151.123215],"rotationMatrix":[0.990924418,0.134420261,0,-0.134420261,0.990924418,0,0,0,1],"scale":1.04342353,"type":"pac_rock_tiny_2"}
{"ctxid":0,"pos":[786.754517,960.917297,150.721939],"rotationMatrix":[-0.960825145,-0.27715534,0,0.27715534,-0.960825145,0,0,0,1],"scale":1.03458762,"type":"pac_rock_tiny_2"}
{"ctxid":0,"pos":[786.018555,959.823669,150.904572],"rotationMatrix":[0.49672991,0.8679052,0,-0.8679052,0.49672991,0,0,0,1],"scale":1.13029313,"type":"pac_rock_tiny_2"}
{"ctxid":0,"pos":[785.465637,946.773193,149.444733],"rotationMatrix":[-0.608941913,-0.793214858,0,0.793214858,-0.608941913,0,0,0,1],"scale":1.12208104,"type":"pac_rock_tiny_2"}
{"ctxid":0,"pos":[795.31189,948.32373,148.970032],"rotationMatrix":[0.99227649,0.124045759,0,-0.124045759,0.99227649,0,0,0,1],"scale":1.07137144,"type":"pac_rock_tiny_2"}
{"ctxid":0,"pos":[793.881226,947.095032,148.754822],"rotationMatrix":[-0.240032315,-0.970764875,0,0.970764875,-0.240032315,0,0,0,1],"scale":1.00485551,"type":"pac_rock_tiny_2"}
{"ctxid":0,"pos":[793.293091,947.086487,148.785797],"rotationMatrix":[-0.353361607,-0.935486794,0,0.935486794,-0.353361607,0,0,0,1],"scale":1.06102014,"type":"pac_rock_tiny_2"}
{"ctxid":0,"pos":[785.403198,945.554993,149.044449],"rotationMatrix":[0.258906692,-0.965902328,0,0.965902328,0.258906692,0,0,0,1],"scale":1.05229282,"type":"pac_rock_tiny_2"}
{"ctxid":0,"pos":[784.502808,947.868164,149.977661],"rotationMatrix":[-0.44606787,0.894999146,0,-0.894999146,-0.44606787,0,0,0,1],"scale":1.19601214,"type":"pac_rock_tiny_2"}
{"ctxid":0,"pos":[784.954468,947.728271,149.855865],"rotationMatrix":[0.0797321051,0.996816337,0,-0.996816337,0.0797321051,0,0,0,1],"scale":1.01639986,"type":"pac_rock_tiny_2"}
{"ctxid":0,"pos":[787.087036,946.305908,149.226593],"rotationMatrix":[0.754244804,0.656593323,0,-0.656593323,0.754244804,0,0,0,1],"scale":1.0349313,"type":"pac_rock_tiny_2"}
{"ctxid":0,"pos":[786.761536,945.775635,149.113434],"rotationMatrix":[-0.0347997434,-0.999394298,0,0.999394298,-0.0347997434,0,0,0,1],"scale":1.05370831,"type":"pac_rock_tiny_2"}
{"ctxid":0,"pos":[772.614746,930.704346,152.124084],"rotationMatrix":[0.527813792,0.849360108,0,-0.849360108,0.527813792,0,0,0,1],"scale":1.10097945,"type":"pac_rock_tiny_2"}
{"ctxid":0,"pos":[771.442505,928.901001,152.753723],"rotationMatrix":[0.181692556,-0.983355403,0,0.983355403,0.181692556,0,0,0,1],"scale":1.04901767,"type":"pac_rock_tiny_2"}
{"ctxid":0,"pos":[774.825623,929.183044,151.688354],"rotationMatrix":[0.950065792,0.312049747,0,-0.312049747,0.950065792,0,0,0,1],"scale":1.00415933,"type":"pac_rock_tiny_2"}
{"ctxid":0,"pos":[774.590942,929.177185,151.773071],"rotationMatrix":[0.0219041035,-0.999760091,0,0.999760091,0.0219041035,0,0,0,1],"scale":1.03823042,"type":"pac_rock_tiny_2"}
{"ctxid":0,"pos":[771.872803,929.603394,152.552765],"rotationMatrix":[0.795309842,0.606203198,0,-0.606203198,0.795309842,0,0,0,1],"scale":1.01507878,"type":"pac_rock_tiny_2"}
{"ctxid":0,"pos":[775.140381,929.310547,151.566391],"rotationMatrix":[0.137067139,-0.990561783,0,0.990561783,0.137067139,0,0,0,1],"scale":1.11919022,"type":"pac_rock_tiny_2"}
{"ctxid":0,"pos":[772.835693,931.687256,151.874268],"rotationMatrix":[-0.727617025,0.685983539,0,-0.685983539,-0.727617025,0,0,0,1],"scale":1.08781576,"type":"pac_rock_tiny_2"}
{"ctxid":0,"pos":[330.127228,-303.731262,124.46032],"rotationMatrix":[0.183278561,0.983047426,0.00516106328,-0.983050287,0.183249593,0.00561851356,0.00457750307,-0.00610333774,0.999970913],"scale":1.15284443,"type":"pac_rock_tiny_2"}
{"ctxid":0,"pos":[304.794128,-296.301605,124.519234],"rotationMatrix":[0.827352047,-0.561590374,0.010237148,0.56167537,0.827301383,-0.00964715611,-0.00305145513,0.0137315495,0.999901056],"scale":1.13199461,"type":"pac_rock_tiny_2"}
{"ctxid":0,"pos":[301.076813,-292.363312,124.455643],"rotationMatrix":[0.944199204,0.329374909,-6.70252484e-05,-0.329371393,0.944188118,-0.00482473103,-0.00152586098,0.00457758317,0.999988377],"scale":1.16937566,"type":"pac_rock_tiny_2"}
{"ctxid":0,"pos":[316.640686,-297.986237,124.65123],"rotationMatrix":[-0.176232815,0.984330058,-0.00600787392,-0.984348416,-0.176229477,0.00107562006,0,0.00610340107,0.999981403],"scale":1.01790905,"type":"pac_rock_tiny_2"}
{"ctxid":0,"pos":[316.693695,-298.739685,124.614639],"rotationMatrix":[-0.894448519,0.447165996,-0.00204678578,-0.447168082,-0.89441824,0.00750619499,0.00152583257,0.0076291631,0.999969721],"scale":1.09042716,"type":"pac_rock_tiny_2"}
{"ctxid":0,"pos":[317.212006,-299.536835,124.642891],"rotationMatrix":[-0.454993963,0.890450418,-0.00884658284,-0.890493095,-0.454987884,0.00280675502,-0.00152581278,0.00915487856,0.999956906],"scale":1.06646419,"type":"pac_rock_tiny_2"}
{"ctxid":0,"pos":[317.585449,-299.260254,124.645813],"rotationMatrix":[0.261149526,0.9652614,-0.00843874924,-0.965297043,0.261125386,-0.00386359985,-0.00152581255,0.00915487763,0.999956906],"scale":1.11048281,"type":"pac_rock_tiny_2"}
{"ctxid":0,"pos":[317.476318,-301.478729,124.66658],"rotationMatrix":[0.995699942,0.0926167816,-0.00194328348,-0.0926246047,0.995691299,-0.00441657845,0.00152586098,0.0045775827,0.999988377],"scale":1.06394291,"type":"pac_rock_tiny_2"}
{"ctxid":0,"pos":[317.582184,-297.9133,124.601143],"rotationMatrix":[0.996153295,-0.0876001716,0.00218834542,0.0876142085,0.996126473,-0.00746615231,-0.00152583257,0.00762916263,0.999969721],"scale":1.09236646,"type":"pac_rock_tiny_2"}
{"ctxid":0,"pos":[317.709656,-299.519958,124.626411],"rotationMatrix":[-0.810993433,0.585050225,-0.00233338517,-0.585052848,-0.810973883,0.00584251247,0.00152584864,0.00610339455,0.999980211],"scale":1.04950333,"type":"pac_rock_tiny_2"}
{"ctxid":0,"pos":[317.885712,-300.595947,124.668411],"rotationMatrix":[0.752242029,-0.658886254,0.000862931251,0.658885062,0.752236366,-0.00330102188,0.00152586994,0.00305173988,0.999994159],"scale":1.10743856,"type":"pac_rock_tiny_2"}
{"ctxid":0,"pos":[299.554565,-292.542938,124.437531],"rotationMatrix":[0.879600883,-0.475680798,0.00547815533,0.475690335,0.879612684,-0.000506827142,-0.0045775664,0.00305171125,0.99998486],"scale":1.04629505,"type":"pac_rock_tiny_2"}
{"ctxid":0,"pos":[300.784271,-292.801453,124.481178],"rotationMatrix":[0.886406183,-0.462866992,0.00617648289,0.462885588,0.886415899,-0.00193876785,-0.00457754079,0.00457754079,0.999979019],"scale":1.13948846,"type":"pac_rock_tiny_2"}
{"ctxid":0,"pos":[223.082886,-319.322205,124.831947],"rotationMatrix":[0.13027072,-0.991126359,-0.0264188293,0.990124285,0.131438732,-0.0487602614,0.0518000424,-0.019805897,0.998461068],"scale":1.08272982,"type":"pac_rock_tiny_2"}
{"ctxid":0,"pos":[225.942734,-317.703949,124.665031],"rotationMatrix":[-0.892652631,0.447758734,0.0517983809,-0.44857347,-0.893733382,-0.00469752867,0.0441905931,-0.0274286456,0.998646498],"scale":1.06818151,"type":"pac_rock_tiny_2"}
{"ctxid":0,"pos":[210.235046,-325.169281,126.348907],"rotationMatrix":[0.517045379,-0.822911859,-0.235541999,0.850851297,0.524132013,0.0365721062,0.0933594778,-0.219320685,0.97117579],"scale":1.02458251,"type":"pac_rock_tiny_2"}
{"ctxid":0,"pos":[211.581299,-326.682983,125.552788],"rotationMatrix":[0.852062762,0.52343446,-0.00231850147,-0.517065108,0.842367113,0.151859596,0.0814415887,-0.128195092,0.988399327],"scale":1.00118947,"type":"pac_rock_tiny_2"}
{"ctxid":0,"pos":[209.225861,-326.490387,125.94416],"rotationMatrix":[-0.993001342,-0.106986605,0.0500174426,0.0978068039,-0.982347369,-0.159458831,0.0661944747,-0.153450832,0.985936701],"scale":1.13319993,"type":"pac_rock_tiny_2"}
{"ctxid":0,"pos":[197.923508,-336.032379,125.494431],"rotationMatrix":[-0.627413511,0.767151058,0.133533388,-0.7751531,-0.631631851,-0.0133640356,0.0740917251,-0.111893624,0.99095422],"scale":1.17773271,"type":"pac_rock_tiny_2"}
{"ctxid":0,"pos":[197.591263,-335.94873,125.527382],"rotationMatrix":[-0.750540614,0.647858799,0.130258054,-0.65665859,-0.753274202,-0.0371083133,0.0740791038,-0.113386378,0.99078548],"scale":1.11958468,"type":"pac_rock_tiny_2"}
{"ctxid":0,"pos":[195.761765,-336.430542,125.762131],"rotationMatrix":[-0.741100192,-0.671328008,0.00943502039,0.66079098,-0.731811643,-0.166753843,0.118851192,-0.117346749,0.985953391],"scale":1.14602757,"type":"pac_rock_tiny_2"}
{"ctxid":0,"pos":[197.821121,-336.788757,125.302681],"rotationMatrix":[0.476474583,-0.871293664,-0.117554992,0.876990438,0.480464041,-0.0064788647,0.0621259362,-0.100007594,0.993045211],"scale":1.05438328,"type":"pac_rock_tiny_2"}
{"ctxid":0,"pos":[196.200424,-335.9729,125.768227],"rotationMatrix":[0.49144274,-0.858006477,-0.149361283,0.865710258,0.499983311,-0.0237137713,0.0950247124,-0.117649645,0.988498271],"scale":1.03349054,"type":"pac_rock_tiny_2"}
{"ctxid":0,"pos":[197.706375,-337.255768,125.254829],"rotationMatrix":[0.971055984,0.235737085,-0.0384484753,-0.23062107,0.967259884,0.105935022,0.0621624812,-0.0940018147,0.993629456],"scale":1.0136795,"type":"pac_rock_tiny_2"}
{"ctxid":0,"pos":[196.565735,-342.976074,124.899925],"rotationMatrix":[0.441777527,0.896989882,-0.0155452751,-0.896656454,0.442040384,0.0246465951,0.0289793871,0.00305046141,0.999575377],"scale":1.13223243,"type":"pac_rock_tiny_2"}
{"ctxid":0,"pos":[196.274323,-344.676788,124.868393],"rotationMatrix":[0.989364445,0.144044757,-0.0202270094,-0.143647403,0.989428937,0.0198950619,0.0228789691,-0.0167779103,0.99959743],"scale":1.08709621,"type":"pac_rock_tiny_2"}
{"ctxid":0,"pos":[196.285095,-343.639313,124.913284],"rotationMatrix":[-0.234840393,0.971824825,0.0201544091,-0.971601784,-0.23530376,0.0249369796,0.0289767906,-0.0137258489,0.99948585],"scale":1.0622648,"type":"pac_rock_tiny_2"}
{"ctxid":0,"pos":[196.218521,-342.68512,124.956352],"rotationMatrix":[0.0488433838,-0.998774588,-0.00795925502,0.998078644,0.049110353,-0.0377739295,0.0381185301,-0.00609896518,0.999254584],"scale":1.11862624,"type":"pac_rock_tiny_2"}
{"ctxid":0,"pos":[196.913376,-344.276733,124.8927],"rotationMatrix":[0.751227021,-0.659683466,-0.0218081549,0.65978992,0.751444399,-0.00290821213,0.0183061138,-0.0122040743,0.999757946],"scale":1.10153866,"type":"pac_rock_tiny_2"}
{"ctxid":0,"pos":[197.228455,-344.589172,124.834084],"rotationMatrix":[0.105621696,0.994350553,0.0105264094,-0.994289279,0.105440974,0.0164587703,0.0152558759,-0.0122047001,0.999809146],"scale":1.15947032,"type":"pac_rock_tiny_2"}
{"ctxid":0,"pos":[187.320847,-355.537903,124.656731],"rotationMatrix":[-0.843871951,0.535851896,0.0272464342,-0.536281765,-0.843958974,-0.0116031626,0.0167773031,-0.024403356,0.999561429],"scale":1.08841479,"type":"pac_rock_tiny_2"}
{"ctxid":0,"pos":[187.684464,-356.124481,124.598686],"rotationMatrix":[-0.95456636,-0.297978878,0.00337567367,0.297806621,-0.954298019,-0.0250230674,0.0106777456,-0.0228808839,0.999681175],"scale":1.11099517,"type":"pac_rock_tiny_2"}
{"ctxid":0,"pos":[186.855179,-354.072449,124.739037],"rotationMatrix":[-0.376461625,-0.926334739,-0.0134246349,0.926110625,-0.375909925,-0.031787619,0.0243995227,-0.0243995227,0.99940449],"scale":1.08028769,"type":"pac_rock_tiny_2"}
{"ctxid":0,"pos":[186.655014,-354.177582,124.691696],"rotationMatrix":[0.141280949,0.989752769,0.0207146481,-0.989668727,0.1406914,0.0275966823,0.0243995227,-0.0243995227,0.99940449],"scale":1.037045,"type":"pac_rock_tiny_2"}
{"ctxid":0,"pos":[187.265762,-353.188141,124.719482],"rotationMatrix":[0.999194801,-0.0284290835,-0.0283112898,0.0292684175,0.999130666,0.0296871625,0.0274426974,-0.0304918848,0.999158204],"scale":1.19440806,"type":"pac_rock_tiny_2"}
{"ctxid":0,"pos":[166.49736,-367.583893,125.420639],"rotationMatrix":[-0.930713534,-0.365667403,0.00770795997,0.364719152,-0.929467797,-0.0554014817,0.0274228193,-0.0487516746,0.998434424],"scale":1.19031358,"type":"pac_rock_tiny_2"}
{"ctxid":0,"pos":[166.174622,-367.802643,125.410316],"rotationMatrix":[-0.676077127,0.734130621,0.0630224645,-0.736068845,-0.676791787,-0.0124679394,0.0334999897,-0.0548181646,0.997934222],"scale":1.12662482,"type":"pac_rock_tiny_2"}
{"ctxid":0,"pos":[157.837021,-372.628754,125.614418],"rotationMatrix":[-0.920245886,0.382426918,0.0830470175,-0.383883536,-0.923379779,-0.00170926191,0.0760302842,-0.0334533229,0.996544182],"scale":1.19492769,"type":"pac_rock_tiny_2"}
{"ctxid":0,"pos":[158.51738,-373.877655,125.474487],"rotationMatrix":[-0.409752369,-0.912168682,0.00713827275,0.911267459,-0.409675598,-0.0419188738,0.0411614627,-0.0106714889,0.9990955],"scale":1.08946037,"type":"pac_rock_tiny_2"}
{"ctxid":0,"pos":[141.402969,-389.207275,125.621025],"rotationMatrix":[0.418747842,0.908091605,-0.00445060432,-0.90540117,0.417874932,0.0750277787,0.0699918941,-0.0273881294,0.997171521],"scale":1.04442489,"type":"pac_rock_tiny_2"}
{"ctxid":0,"pos":[138.644531,-399.525726,125.153496],"rotationMatrix":[0.980064571,0.198075354,-0.0154803973,-0.197358906,0.979559422,0.0388950333,0.0228681173,-0.0350644514,0.999123394],"scale":1.19833517,"type":"pac_rock_tiny_2"}
{"ctxid":0,"pos":[139.810257,-399.131439,125.135155],"rotationMatrix":[-0.776546836,0.628871918,0.0386592299,-0.629697442,-0.776717424,-0.0138072837,0.0213442966,-0.0350656286,0.999157071],"scale":1.19927621,"type":"pac_rock_tiny_2"}
{"ctxid":0,"pos":[139.014893,-398.870972,125.203224],"rotationMatrix":[0.904126644,-0.425601691,-0.0376594067,0.426567882,0.904170692,0.0226974636,0.0243904497,-0.0365856737,0.999032855],"scale":1.12219238,"type":"pac_rock_tiny_2"}
{"ctxid":0,"pos":[131.60675,-412.650238,124.985077],"rotationMatrix":[0.91797924,-0.395077884,-0.0350358374,0.395206988,0.918585598,-0.00345528335,0.0335485227,-0.0106745306,0.999380112],"scale":1.11220634,"type":"pac_rock_tiny_2"}
{"ctxid":0,"pos":[128.690918,-411.06723,125.222214],"rotationMatrix":[-0.891570687,0.447838336,0.067394495,-0.448559016,-0.893739581,0.00487875938,0.0624180436,-0.0258806515,0.99771446],"scale":1.13687348,"type":"pac_rock_tiny_2"}
{"ctxid":0,"pos":[131.714874,-411.636505,124.989426],"rotationMatrix":[0.51304841,-0.857869506,-0.0290037375,0.857703805,0.513684273,-0.0217381679,0.0335472748,-0.0137238866,0.999342918],"scale":1.02187252,"type":"pac_rock_tiny_2"}
{"ctxid":0,"pos":[124.249352,-434.100616,126.440796],"rotationMatrix":[-0.923169017,0.383881927,0.0198199656,-0.377211273,-0.914636135,0.145435825,0.0739582554,0.126785591,0.989169121],"scale":1.10385418,"type":"pac_rock_tiny_2"}
{"ctxid":0,"pos":[126.143066,-434.49939,126.321373],"rotationMatrix":[0.96456027,0.217326015,-0.149642542,-0.230834663,0.969734907,-0.0795584545,0.127823487,0.111281611,0.985534132],"scale":1.12023306,"type":"pac_rock_tiny_2"}
{"ctxid":0,"pos":[125.825249,-436.069855,126.563004],"rotationMatrix":[0.119468808,-0.992687166,0.0172951259,0.988219678,0.117216825,-0.0983962417,0.0956494212,0.0288466513,0.994997025],"scale":1.14856708,"type":"pac_rock_tiny_2"}
{"ctxid":0,"pos":[123.066933,-435.068298,127.098],"rotationMatrix":[0.738283217,-0.672825754,-0.0473632738,0.64432615,0.724289656,-0.245455265,0.199453384,0.150698096,0.968250215],"scale":1.04748189,"type":"pac_rock_tiny_2"}
{"ctxid":0,"pos":[124.167915,-434.794708,126.664886],"rotationMatrix":[0.213662803,-0.970867455,0.108464643,0.974103868,0.203326762,-0.0988930389,0.0739582628,0.126785591,0.989169121],"scale":1.10444283,"type":"pac_rock_tiny_2"}
{"ctxid":0,"pos":[125.650375,-435.095123,126.463699],"rotationMatrix":[-0.511973023,-0.854551077,0.0873236358,0.857352257,-0.514638782,-0.00966481306,0.0531992428,0.069919005,0.996133089],"scale":1.04894388,"type":"pac_rock_tiny_2"}
{"ctxid":0,"pos":[125.321487,-434.707825,126.475662],"rotationMatrix":[0.765174508,-0.643039882,0.0317441449,0.641638219,0.757592082,-0.119810715,0.0529939532,0.112044364,0.992289126],"scale":1.1531955,"type":"pac_rock_tiny_2"}
{"ctxid":0,"pos":[122.967514,-433.963654,126.883301],"rotationMatrix":[0.560573578,0.775572956,-0.290247828,-0.792559206,0.604064107,0.0834048539,0.240014836,0.183284059,0.953309953],"scale":1.18222046,"type":"pac_rock_tiny_2"}
{"ctxid":0,"pos":[129.574265,-442.851471,125.763535],"rotationMatrix":[-0.702332139,-0.703232527,0.110422261,0.702968001,-0.709601164,-0.0479754545,0.112093695,0.043928612,0.992726207],"scale":1.13788867,"type":"pac_rock_tiny_2"}
{"ctxid":0,"pos":[132.676056,-420.162933,124.96833],"rotationMatrix":[-0.444110394,-0.894975126,0.0422518887,0.895639837,-0.444735646,-0.00625811052,0.0243917815,0.0350631848,0.999087393],"scale":1.10221148,"type":"pac_rock_tiny_2"}
{"ctxid":0,"pos":[131.070984,-424.605469,125.110924],"rotationMatrix":[-0.071947813,-0.997397363,0.00469056889,0.997145832,-0.0720359087,-0.0226030201,0.0228820816,0.00305094384,0.999733508],"scale":1.10467398,"type":"pac_rock_tiny_2"}
{"ctxid":0,"pos":[127.373863,-423.029388,125.314354],"rotationMatrix":[0.854769707,0.517698884,-0.0368322209,-0.517715693,0.855496287,0.00982163288,0.0365944803,0.0106733888,0.999273181],"scale":1.10494912,"type":"pac_rock_tiny_2"}
{"ctxid":0,"pos":[128.359741,-419.419983,125.181992],"rotationMatrix":[-0.951045036,0.303462148,0.0585102402,-0.302987218,-0.952841878,0.0170389507,0.06092171,-0.00152304256,0.998141408],"scale":1.19432688,"type":"pac_rock_tiny_2"}
{"ctxid":0,"pos":[131.833847,-418.127411,124.939011],"rotationMatrix":[0.0260980129,0.999593496,-0.0114732552,-0.999193907,0.0264343619,0.0302106291,0.0305016357,0.0106755728,0.999477684],"scale":1.15584445,"type":"pac_rock_tiny_2"}
{"ctxid":0,"pos":[137.043243,-423.819519,124.757034],"rotationMatrix":[-0.999650598,-0.0261289645,0.00393812358,0.0260247905,-0.999360323,-0.0245175846,0.00457622483,-0.0244065337,0.999691665],"scale":1.09273505,"type":"pac_rock_tiny_2"}
{"ctxid":0,"pos":[136.635483,-424.099487,124.718727],"rotationMatrix":[-0.210088015,0.976892054,0.0393011197,-0.977538407,-0.210576892,0.00869609974,0.0167710632,-0.0365914106,0.999189556],"scale":1.07491386,"type":"pac_rock_tiny_2"}
{"ctxid":0,"pos":[133.379105,-417.908508,124.830673],"rotationMatrix":[0.273725152,0.961717308,-0.0131959487,-0.96174854,0.273834825,0.00734771322,0.0106799323,0.0106799332,0.999885917],"scale":1.14162445,"type":"pac_rock_tiny_2"}
{"ctxid":0,"pos":[134.392639,-422.452637,124.933754],"rotationMatrix":[-0.923737288,0.381393492,0.0353285633,-0.381417096,-0.924381137,0.00633344613,0.0350725986,-0.00762447808,0.999355674],"scale":1.18083906,"type":"pac_rock_tiny_2"}
{"ctxid":0,"pos":[130.885391,-419.761963,125.037476],"rotationMatrix":[-0.110490203,-0.993694723,0.0190391596,0.993647635,-0.110855937,-0.0193659216,0.0213544238,0.0167784728,0.999631166],"scale":1.07209373,"type":"pac_rock_tiny_2"}
{"ctxid":0,"pos":[130.168564,-422.395111,125.162628],"rotationMatrix":[0.369780421,-0.929112732,0.00342812156,0.929017603,0.369682968,-0.0161426645,0.0137310382,0.00915402547,0.999863803],"scale":1.0458498,"type":"pac_rock_tiny_2"}
{"ctxid":0,"pos":[129.487137,-424.347839,125.178116],"rotationMatrix":[-0.719573021,-0.69388628,0.0271359757,0.693932414,-0.719981074,-0.00921173394,0.0259292871,0.012202017,0.999589324],"scale":1.03699708,"type":"pac_rock_tiny_2"}
{"ctxid":0,"pos":[134.050385,-421.833527,124.939781],"rotationMatrix":[-0.719916701,-0.69360888,0.0250247791,0.693575621,-0.720293403,-0.0113968272,0.025930129,0.00915181078,0.999621868],"scale":1.09915495,"type":"pac_rock_tiny_2"}
{"ctxid":0,"pos":[130.018585,-424.216553,125.161613],"rotationMatrix":[-0.0740807056,0.997242391,-0.00439110771,-0.996989548,-0.0739594698,0.0232706927,0.0228817612,0.00610180292,0.99971956],"scale":1.12599909,"type":"pac_rock_tiny_2"}
{"ctxid":0,"pos":[134.713608,-417.923248,124.773552],"rotationMatrix":[0.672052681,0.739824355,-0.0317034721,-0.740346253,0.672175765,-0.00819072779,0.0152506065,0.0289761499,0.999463737],"scale":1.09976888,"type":"pac_rock_tiny_2"}
{"ctxid":0,"pos":[130.025314,-421.169708,125.144241],"rotationMatrix":[-0.99786365,0.0636880174,0.0145459324,-0.0635216311,-0.997912526,0.0116281193,0.0152561422,0.010679299,0.99982661],"scale":1.19704771,"type":"pac_rock_tiny_2"}
{"ctxid":0,"pos":[132.818054,-420.559784,125.020058],"rotationMatrix":[-0.230012417,-0.97277236,0.0284215808,0.972380042,-0.230912924,-0.0339966007,0.0396338776,0.0198169388,0.999017715],"scale":1.15714884,"type":"pac_rock_tiny_2"}
{"ctxid":0,"pos":[131.395401,-417.17514,124.935387],"rotationMatrix":[-0.521491289,0.853139818,0.0141068129,-0.852655113,-0.521673203,0.0289140418,0.0320268683,0.00305017829,0.999482334],"scale":1.04391074,"type":"pac_rock_tiny_2"}
{"ctxid":0,"pos":[137.586472,-423.831238,124.706726],"rotationMatrix":[0.531849146,0.846652985,0.0177552719,-0.846833587,0.531653225,0.0147529058,0.00305094337,-0.0228820816,0.999733508],"scale":1.16060185,"type":"pac_rock_tiny_2"}
{"ctxid":0,"pos":[135.956131,-423.940887,124.746918],"rotationMatrix":[0.77894634,-0.626072228,-0.0357240513,0.62648958,0.779429555,0.000632674433,0.0274482798,-0.0228735693,0.999361515],"scale":1.09632039,"type":"pac_rock_tiny_2"}
{"ctxid":0,"pos":[131.883499,-419.636963,124.961632],"rotationMatrix":[-0.905886531,0.423390478,0.0104876049,-0.422817022,-0.905531287,0.0351938419,0.024397593,0.0274472926,0.999325454],"scale":1.18011665,"type":"pac_rock_tiny_2"}
{"ctxid":0,"pos":[131.631378,-422.116272,125.076256],"rotationMatrix":[0.751825511,0.659229875,-0.0132011771,-0.659249067,0.751916647,0.00345814019,0.0122058932,0.00610294659,0.999906898],"scale":1.1410625,"type":"pac_rock_tiny_2"}
{"ctxid":0,"pos":[127.102303,-422.151001,125.350121],"rotationMatrix":[-0.704182744,-0.709285617,0.0322505087,0.708734155,-0.704914331,-0.0281291604,0.042685464,0.00304896198,0.999083936],"scale":1.08561659,"type":"pac_rock_tiny_2"}
{"ctxid":0,"pos":[133.497253,-423.254486,124.959824],"rotationMatrix":[0.996499896,0.0747963041,-0.0373286717,-0.0743973255,0.997156858,0.0119672753,0.0381176509,-0.00914823636,0.999231398],"scale":1.03606153,"type":"pac_rock_tiny_2"}
