{"ctxid":0,"pos":[978.956665,-809.115784,145.074371],"rotationMatrix":[-0.13057135,-0.991438925,0,0.991438925,-0.13057135,0,0,0,1],"scale":1.12924731,"type":"pac_rock_tiny_1"}
{"ctxid":0,"pos":[980.946655,-811.297302,145.075989],"rotationMatrix":[-0.37334463,0.927692711,0,-0.927692711,-0.37334463,0,0,0,1],"scale":1.01846397,"type":"pac_rock_tiny_1"}
{"ctxid":0,"pos":[981.955444,-812.342224,145.083374],"rotationMatrix":[-0.455395281,-0.890289366,0,0.890289366,-0.455395281,0,0,0,1],"scale":1.03802621,"type":"pac_rock_tiny_1"}
{"ctxid":0,"pos":[975.303223,-809.70813,145.013336],"rotationMatrix":[0.991302669,0.131601676,0,-0.131601676,0.991302669,0,0,0,1],"scale":1.08921981,"type":"pac_rock_tiny_1"}
{"ctxid":0,"pos":[973.238037,-793.376892,127.818214],"rotationMatrix":[0.497066349,0.867712557,0,-0.867712557,0.497066349,0,0,0,1],"scale":1.13204718,"type":"pac_rock_tiny_1"}
{"ctxid":0,"pos":[973.333435,-793.81189,127.86335],"rotationMatrix":[0.587098956,0.809515178,0,-0.809515178,0.587098956,0,0,0,1],"scale":1.11898589,"type":"pac_rock_tiny_1"}
{"ctxid":0,"pos":[971.21167,-792.558472,128.119064],"rotationMatrix":[0.638579726,0.769555688,0,-0.769555688,0.638579726,0,0,0,1],"scale":1.15451169,"type":"pac_rock_tiny_1"}
{"ctxid":0,"pos":[965.098022,-789.231262,125.761673],"rotationMatrix":[-0.0314465053,0.99950546,0,-0.99950546,-0.0314465053,0,0,0,1],"scale":1.11656332,"type":"pac_rock_tiny_1"}
{"ctxid":0,"pos":[969.210083,-785.026611,125.801651],"rotationMatrix":[0.0848758221,-0.996391535,0,0.996391535,0.0848758221,0,0,0,1],"scale":1.16901779,"type":"pac_rock_tiny_1"}
{"ctxid":0,"pos":[968.509216,-784.72699,125.645813],"rotationMatrix":[-0.480044484,-0.877244174,0,0.877244174,-0.480044484,0,0,0,1],"scale":1.16319656,"type":"pac_rock_tiny_1"}
{"ctxid":0,"pos":[962.769775,-787.775879,125.552658],"rotationMatrix":[-0.888698459,0.4584921,0,-0.4584921,-0.888698459,0,0,0,1],"scale":1.11028683,"type":"pac_rock_tiny_1"}
{"ctxid":0,"pos":[775.746521,936.585266,149.674255],"rotationMatrix":[0.0299046859,0.999552727,0,-0.999552727,0.0299046859,0,0,0,1],"scale":1.13764131,"type":"pac_rock_tiny_1"}
{"ctxid":0,"pos":[777.541748,936.778198,149.069778],"rotationMatrix":[-0.36307618,0.931759477,0,-0.931759477,-0.36307618,0,0,0,1],"scale":1.1101079,"type":"pac_rock_tiny_1"}
{"ctxid":0,"pos":[774.961792,936.064026,150.09491],"rotationMatrix":[0.822192073,0.569210172,0,-0.569210172,0.822192073,0,0,0,1],"scale":1.0937171,"type":"pac_rock_tiny_1"}
{"ctxid":0,"pos":[765.134094,938.958069,152.649872],"rotationMatrix":[0.366900682,-0.930260122,0,0.930260122,0.366900682,0,0,0,1],"scale":1.03587008,"type":"pac_rock_tiny_1"}
{"ctxid":0,"pos":[766.996338,937.886902,152.658844],"rotationMatrix":[-0.956234694,-0.292600751,0,0.292600751,-0.956234694,0,0,0,1],"scale":1.00357568,"type":"pac_rock_tiny_1"}
{"ctxid":0,"pos":[766.361328,938.360596,152.659088],"rotationMatrix":[-0.742204249,-0.670173764,0,0.670173764,-0.742204249,0,0,0,1],"scale":1.17243314,"type":"pac_rock_tiny_1"}
{"ctxid":0,"pos":[766.266052,939.472534,152.629745],"rotationMatrix":[0.702079237,0.712098837,0,-0.712098837,0.702079237,0,0,0,1],"scale":1.08534622,"type":"pac_rock_tiny_1"}
{"ctxid":0,"pos":[764.025269,938.667297,152.641373],"rotationMatrix":[-0.260363013,0.965510786,0,-0.965510786,-0.260363013,0,0,0,1],"scale":1.11664438,"type":"pac_rock_tiny_1"}
{"ctxid":0,"pos":[764.280579,939.057251,152.671738],"rotationMatrix":[-0.891037703,0.453929365,0,-0.453929365,-0.891037703,0,0,0,1],"scale":1.0935874,"type":"pac_rock_tiny_1"}
{"ctxid":0,"pos":[771.523743,923.079285,152.534988],"rotationMatrix":[-0.988666177,-0.150130719,0,0.150130719,-0.988666177,0,0,0,1],"scale":1.16030049,"type":"pac_rock_tiny_1"}
{"ctxid":0,"pos":[770.761047,922.174805,152.519882],"rotationMatrix":[0.96483624,0.262851775,0,-0.262851775,0.96483624,0,0,0,1],"scale":1.16134572,"type":"pac_rock_tiny_1"}
{"ctxid":0,"pos":[771.945618,922.148132,152.623215],"rotationMatrix":[0.160360679,0.987058461,0,-0.987058461,0.160360679,0,0,0,1],"scale":1.17886162,"type":"pac_rock_tiny_1"}
{"ctxid":0,"pos":[772.373535,921.761414,152.580627],"rotationMatrix":[-0.133847073,-0.991002023,0,0.991002023,-0.133847073,0,0,0,1],"scale":1.09016728,"type":"pac_rock_tiny_1"}
{"ctxid":0,"pos":[782.084534,954.270386,152.166031],"rotationMatrix":[-0.453418851,-0.891297579,0,0.891297579,-0.453418851,0,0,0,1],"scale":1.02130866,"type":"pac_rock_tiny_1"}
{"ctxid":0,"pos":[780.814148,953.447083,152.744278],"rotationMatrix":[0.576785028,0.816895962,0,-0.816895962,0.576785028,0,0,0,1],"scale":1.1405251,"type":"pac_rock_tiny_1"}
{"ctxid":0,"pos":[781.662781,955.74292,152.056915],"rotationMatrix":[-0.631011367,-0.775773585,0,0.775773585,-0.631011367,0,0,0,1],"scale":1.13246942,"type":"pac_rock_tiny_1"}
{"ctxid":0,"pos":[782.480042,955.843567,151.858261],"rotationMatrix":[-0.957935035,-0.28698504,0,0.28698504,-0.957935035,0,0,0,1],"scale":1.01295269,"type":"pac_rock_tiny_1"}
{"ctxid":0,"pos":[779.805115,954.843201,152.867233],"rotationMatrix":[0.566828549,0.82383579,0,-0.82383579,0.566828549,0,0,0,1],"scale":1.01437235,"type":"pac_rock_tiny_1"}
{"ctxid":0,"pos":[788.246094,959.73877,151.778992],"rotationMatrix":[-0.87247473,-0.488659203,0,0.488659203,-0.87247473,0,0,0,1],"scale":1.07493043,"type":"pac_rock_tiny_1"}
{"ctxid":0,"pos":[787.122253,959.333557,151.370468],"rotationMatrix":[-0.370735466,0.928738534,0,-0.928738534,-0.370735466,0,0,0,1],"scale":1.0796051,"type":"pac_rock_tiny_1"}
{"ctxid":0,"pos":[782.240845,953.726624,152.157257],"rotationMatrix":[0.928230345,0.372005969,0,-0.372005969,0.928230345,0,0,0,1],"scale":1.05146265,"type":"pac_rock_tiny_1"}
{"ctxid":0,"pos":[782.371643,951.421509,151.897873],"rotationMatrix":[0.0418229438,-0.999125063,0,0.999125063,0.0418229438,0,0,0,1],"scale":1.1229918,"type":"pac_rock_tiny_1"}
{"ctxid":0,"pos":[803.973389,913.645569,156.409027],"rotationMatrix":[0.853679359,-0.520798981,0,0.520798981,0.853679359,0,0,0,1],"scale":1.19805765,"type":"pac_rock_tiny_1"}
{"ctxid":0,"pos":[803.370361,914.527039,156.355652],"rotationMatrix":[-0.431068242,0.902319312,0,-0.902319312,-0.431068242,0,0,0,1],"scale":1.13361037,"type":"pac_rock_tiny_1"}
{"ctxid":0,"pos":[806.549683,915.49823,156.434601],"rotationMatrix":[0.950687468,-0.310150474,0,0.310150474,0.950687468,0,0,0,1],"scale":1.15657234,"type":"pac_rock_tiny_1"}
{"ctxid":0,"pos":[819.612793,939.491089,156.434616],"rotationMatrix":[0.120261714,0.99274224,0,-0.99274224,0.120261714,0,0,0,1],"scale":1.16248202,"type":"pac_rock_tiny_1"}
{"ctxid":0,"pos":[818.991699,938.852234,156.434616],"rotationMatrix":[0.265160471,-0.964204311,0,0.964204311,0.265160471,0,0,0,1],"scale":1.0714643,"type":"pac_rock_tiny_1"}
{"ctxid":0,"pos":[819.174805,937.555664,156.434616],"rotationMatrix":[0.820943534,-0.571009398,0,0.571009398,0.820943534,0,0,0,1],"scale":1.04512095,"type":"pac_rock_tiny_1"}
{"ctxid":0,"pos":[817.576233,942.8526,156.500031],"rotationMatrix":[0.523570895,0.851982117,0,-0.851982117,0.523570895,0,0,0,1],"scale":1.10784602,"type":"pac_rock_tiny_1"}
{"ctxid":0,"pos":[821.180542,939.14679,156.434616],"rotationMatrix":[0.997420192,0.0717845187,0,-0.0717845187,0.997420192,0,0,0,1],"scale":1.02307212,"type":"pac_rock_tiny_1"}
{"ctxid":0,"pos":[821.016479,938.421692,156.434616],"rotationMatrix":[-0.312853903,0.949801266,0,-0.949801266,-0.312853903,0,0,0,1],"scale":1.13469744,"type":"pac_rock_tiny_1"}
{"ctxid":0,"pos":[787.245605,837.598145,141.204041],"rotationMatrix":[-0.141082078,0.989997923,0,-0.989997923,-0.141082078,0,0,0,1],"scale":1.06820345,"type":"pac_rock_tiny_1"}
{"ctxid":0,"pos":[787.863647,837.565063,141.149414],"rotationMatrix":[-0.311776519,-0.950155437,0,0.950155437,-0.311776519,0,0,0,1],"scale":1.17593288,"type":"pac_rock_tiny_1"}
{"ctxid":0,"pos":[788.134521,838.064087,141.115143],"rotationMatrix":[0.998805463,0.0488637984,0,-0.0488637984,0.998805463,0,0,0,1],"scale":1.00190425,"type":"pac_rock_tiny_1"}
{"ctxid":0,"pos":[789.497498,837.291382,141.064499],"rotationMatrix":[0.987137258,0.159875229,0,-0.159875229,0.987137258,0,0,0,1],"scale":1.11999893,"type":"pac_rock_tiny_1"}
{"ctxid":0,"pos":[788.8396,836.592834,141.077423],"rotationMatrix":[0.06001091,-0.998197734,0,0.998197734,0.06001091,0,0,0,1],"scale":1.11108327,"type":"pac_rock_tiny_1"}
{"ctxid":0,"pos":[787.708252,831.600037,141.27832],"rotationMatrix":[-0.603752494,0.797171831,0,-0.797171831,-0.603752494,0,0,0,1],"scale":1.12831128,"type":"pac_rock_tiny_1"}
{"ctxid":0,"pos":[786.061035,834.373901,141.065887],"rotationMatrix":[0.103620946,-0.994616866,0,0.994616866,0.103620946,0,0,0,1],"scale":1.19366193,"type":"pac_rock_tiny_1"}
{"ctxid":0,"pos":[787.177917,834.237305,140.976959],"rotationMatrix":[-0.967168927,-0.254134446,0,0.254134446,-0.967168927,0,0,0,1],"scale":1.1293,"type":"pac_rock_tiny_1"}
{"ctxid":0,"pos":[785.092896,845.966797,139.981659],"rotationMatrix":[-0.935706377,-0.352779835,0,0.352779835,-0.935706377,0,0,0,1],"scale":1.08302355,"type":"pac_rock_tiny_1"}
{"ctxid":0,"pos":[786.045959,844.525208,140.265884],"rotationMatrix":[-0.256770611,0.966472387,0,-0.966472387,-0.256770611,0,0,0,1],"scale":1.15206623,"type":"pac_rock_tiny_1"}
{"ctxid":0,"pos":[786.011292,845.842468,140.193817],"rotationMatrix":[0.234191433,0.972190499,0,-0.972190499,0.234191433,0,0,0,1],"scale":1.05670953,"type":"pac_rock_tiny_1"}
{"ctxid":0,"pos":[784.328674,847.804688,140.614777],"rotationMatrix":[-0.251205027,-0.967933893,0,0.967933893,-0.251205027,0,0,0,1],"scale":1.19523668,"type":"pac_rock_tiny_1"}
{"ctxid":0,"pos":[785.776367,846.733093,140.17865],"rotationMatrix":[-0.577989161,0.81604445,0,-0.81604445,-0.577989161,0,0,0,1],"scale":1.01740003,"type":"pac_rock_tiny_1"}
{"ctxid":0,"pos":[783.596008,845.90155,139.780487],"rotationMatrix":[-0.404820532,-0.914396167,0,0.914396167,-0.404820532,0,0,0,1],"scale":1.04673958,"type":"pac_rock_tiny_1"}
{"ctxid":0,"pos":[783.348267,845.191467,139.689209],"rotationMatrix":[-0.780353069,-0.62533921,0,0.62533921,-0.780353069,0,0,0,1],"scale":1.00136745,"type":"pac_rock_tiny_1"}
{"ctxid":0,"pos":[786.485352,861.622437,143.313431],"rotationMatrix":[0.750999928,-0.660302281,0,0.660302281,0.750999928,0,0,0,1],"scale":1.08671129,"type":"pac_rock_tiny_1"}
{"ctxid":0,"pos":[785.961121,861.985657,143.445435],"rotationMatrix":[-0.999783099,0.020827543,0,-0.020827543,-0.999783099,0,0,0,1],"scale":1.04175079,"type":"pac_rock_tiny_1"}
{"ctxid":0,"pos":[786.686401,860.052979,142.914993],"rotationMatrix":[-0.46922338,-0.883079529,0,0.883079529,-0.46922338,0,0,0,1],"scale":1.01685429,"type":"pac_rock_tiny_1"}
{"ctxid":0,"pos":[785.621277,862.321228,143.420639],"rotationMatrix":[-0.543283463,0.839549303,0,-0.839549303,-0.543283463,0,0,0,1],"scale":1.04206109,"type":"pac_rock_tiny_1"}
{"ctxid":0,"pos":[770.532227,925.602051,151.747757],"rotationMatrix":[-0.968960345,-0.247216299,0,0.247216299,-0.968960345,0,0,0,1],"scale":1.01041126,"type":"pac_rock_tiny_1"}
{"ctxid":0,"pos":[768.69696,924.397156,152.991287],"rotationMatrix":[-0.65453738,-0.756029665,0,0.756029665,-0.65453738,0,0,0,1],"scale":1.07237411,"type":"pac_rock_tiny_1"}
{"ctxid":0,"pos":[769.048767,925.119873,153.00528],"rotationMatrix":[-0.377639443,0.925952733,0,-0.925952733,-0.377639443,0,0,0,1],"scale":1.09981346,"type":"pac_rock_tiny_1"}
{"ctxid":0,"pos":[764.847595,932.674011,151.683151],"rotationMatrix":[-0.992400348,-0.123051219,0,0.123051219,-0.992400348,0,0,0,1],"scale":1.13878226,"type":"pac_rock_tiny_1"}
{"ctxid":0,"pos":[764.833496,931.530457,151.468048],"rotationMatrix":[0.944855332,-0.327488065,0,0.327488065,0.944855332,0,0,0,1],"scale":1.08725286,"type":"pac_rock_tiny_1"}
{"ctxid":0,"pos":[763.731262,929.877747,150.581375],"rotationMatrix":[0.519916415,-0.854217112,0,0.854217112,0.519916415,0,0,0,1],"scale":1.15602088,"type":"pac_rock_tiny_1"}
{"ctxid":0,"pos":[765.800781,932.312622,151.929901],"rotationMatrix":[-0.77969873,-0.62615484,0,0.62615484,-0.77969873,0,0,0,1],"scale":1.17650115,"type":"pac_rock_tiny_1"}
{"ctxid":0,"pos":[791.646667,890.103821,146.699112],"rotationMatrix":[-0.964492083,-0.264111757,0,0.264111757,-0.964492083,0,0,0,1],"scale":1.11426902,"type":"pac_rock_tiny_1"}
{"ctxid":0,"pos":[793.50708,891.639954,146.864349],"rotationMatrix":[0.549745679,-0.835332096,0,0.835332096,0.549745679,0,0,0,1],"scale":1.19860291,"type":"pac_rock_tiny_1"}
{"ctxid":0,"pos":[789.331848,888.292114,146.559204],"rotationMatrix":[0.452654809,0.891685843,0,-0.891685843,0.452654809,0,0,0,1],"scale":1.19822097,"type":"pac_rock_tiny_1"}
{"ctxid":0,"pos":[790.065552,889.85907,146.574219],"rotationMatrix":[0.559811652,-0.828619897,0,0.828619897,0.559811652,0,0,0,1],"scale":1.06619668,"type":"pac_rock_tiny_1"}
{"ctxid":0,"pos":[793.088989,890.465027,146.809814],"rotationMatrix":[-0.886478722,0.46276933,0,-0.46276933,-0.886478722,0,0,0,1],"scale":1.0335685,"type":"pac_rock_tiny_1"}
{"ctxid":0,"pos":[790.753845,881.463318,146.364807],"rotationMatrix":[0.691595852,0.722284675,0,-0.722284675,0.691595852,0,0,0,1],"scale":1.12473321,"type":"pac_rock_tiny_1"}
{"ctxid":0,"pos":[791.249634,880.721191,146.429611],"rotationMatrix":[0.99953413,-0.0305210557,0,0.0305210557,0.99953413,0,0,0,1],"scale":1.0033226,"type":"pac_rock_tiny_1"}
{"ctxid":0,"pos":[793.001099,881.621521,146.499237],"rotationMatrix":[-0.830833614,0.556520879,0,-0.556520879,-0.830833614,0,0,0,1],"scale":1.0682528,"type":"pac_rock_tiny_1"}
{"ctxid":0,"pos":[808.020142,894.339417,146.771103],"rotationMatrix":[0.918902814,-0.394483924,0,0.394483924,0.918902814,0,0,0,1],"scale":1.11355627,"type":"pac_rock_tiny_1"}
{"ctxid":0,"pos":[807.23999,892.85791,146.852798],"rotationMatrix":[0.980069041,-0.19865714,0,0.19865714,0.980069041,0,0,0,1],"scale":1.04069769,"type":"pac_rock_tiny_1"}
{"ctxid":0,"pos":[807.489258,893.687805,146.818726],"rotationMatrix":[0.943027854,0.332713753,0,-0.332713753,0.943027854,0,0,0,1],"scale":1.01361072,"type":"pac_rock_tiny_1"}
{"ctxid":0,"pos":[811.380432,893.226868,146.810059],"rotationMatrix":[0.398188472,0.917303622,0,-0.917303622,0.398188472,0,0,0,1],"scale":1.10353482,"type":"pac_rock_tiny_1"}
{"ctxid":0,"pos":[810.414124,894.010315,146.688995],"rotationMatrix":[-0.290488064,0.956878603,0,-0.956878603,-0.290488064,0,0,0,1],"scale":1.17277884,"type":"pac_rock_tiny_1"}
{"ctxid":0,"pos":[675.96344,724.180298,153.261139],"rotationMatrix":[0.37030986,0.928908288,0,-0.928908288,0.37030986,0,0,0,1],"scale":1.00895226,"type":"pac_rock_tiny_1"}
{"ctxid":0,"pos":[678.495056,721.886597,153.825745],"rotationMatrix":[0.649968863,-0.75996083,0,0.75996083,0.649968863,0,0,0,1],"scale":1.15038013,"type":"pac_rock_tiny_1"}
{"ctxid":0,"pos":[672.04187,722.563354,153.658417],"rotationMatrix":[0.249557093,-0.968360066,0,0.968360066,0.249557093,0,0,0,1],"scale":1.12916112,"type":"pac_rock_tiny_1"}
{"ctxid":0,"pos":[669.435608,727.144104,151.785339],"rotationMatrix":[0.492875397,0.870099902,0,-0.870099902,0.492875397,0,0,0,1],"scale":1.18973851,"type":"pac_rock_tiny_1"}
{"ctxid":0,"pos":[772.257446,795.872498,144.463226],"rotationMatrix":[-0.821718633,-0.56989336,0,0.56989336,-0.821718633,0,0,0,1],"scale":1.16151857,"type":"pac_rock_tiny_1"}
{"ctxid":0,"pos":[768.880005,797.097839,144.007401],"rotationMatrix":[0.990787029,0.135428995,0,-0.135428995,0.990787029,0,0,0,1],"scale":1.07137632,"type":"pac_rock_tiny_1"}
{"ctxid":0,"pos":[773.286865,799.265381,144.620636],"rotationMatrix":[-0.80870682,0.588211894,0,-0.588211894,-0.80870682,0,0,0,1],"scale":1.04731297,"type":"pac_rock_tiny_1"}
{"ctxid":0,"pos":[770.479797,799.197876,144.455963],"rotationMatrix":[0.0354545452,-0.99937129,0,0.99937129,0.0354545452,0,0,0,1],"scale":1.17999411,"type":"pac_rock_tiny_1"}
{"ctxid":0,"pos":[759.714172,793.373169,141.894135],"rotationMatrix":[0.996620595,-0.0821423233,0,0.0821423233,0.996620595,0,0,0,1],"scale":1.15703905,"type":"pac_rock_tiny_1"}
{"ctxid":0,"pos":[760.479309,793.409546,142.042465],"rotationMatrix":[0.761445463,0.648229003,0,-0.648229003,0.761445463,0,0,0,1],"scale":1.07910609,"type":"pac_rock_tiny_1"}
{"ctxid":0,"pos":[756.815857,790.373596,140.95134],"rotationMatrix":[-0.954961717,0.296728998,0,-0.296728998,-0.954961717,0,0,0,1],"scale":1.11962783,"type":"pac_rock_tiny_1"}
{"ctxid":0,"pos":[759.876953,789.384338,141.429428],"rotationMatrix":[-0.75610131,0.654454589,0,-0.654454589,-0.75610131,0,0,0,1],"scale":1.1972127,"type":"pac_rock_tiny_1"}
{"ctxid":0,"pos":[737.924072,776.539124,136.377808],"rotationMatrix":[0.792972863,-0.609256923,0,0.609256923,0.792972863,0,0,0,1],"scale":1.13709211,"type":"pac_rock_tiny_1"}
{"ctxid":0,"pos":[738.512756,774.519714,136.267197],"rotationMatrix":[-0.481888115,-0.876232743,0,0.876232743,-0.481888115,0,0,0,1],"scale":1.00057566,"type":"pac_rock_tiny_1"}
{"ctxid":0,"pos":[737.70575,773.390808,136.02034],"rotationMatrix":[-0.99763906,-0.06867522,0,0.06867522,-0.99763906,0,0,0,1],"scale":1.16228485,"type":"pac_rock_tiny_1"}
{"ctxid":0,"pos":[737.770752,774.45752,136.1595],"rotationMatrix":[0.439791977,-0.898099661,0,0.898099661,0.439791977,0,0,0,1],"scale":1.19391036,"type":"pac_rock_tiny_1"}
{"ctxid":0,"pos":[734.734375,775.773743,135.923828],"rotationMatrix":[-0.816140831,0.577853084,0,-0.577853084,-0.816140831,0,0,0,1],"scale":1.07448137,"type":"pac_rock_tiny_1"}
{"ctxid":0,"pos":[738.332947,776.760315,136.45578],"rotationMatrix":[0.290426493,0.956897318,0,-0.956897318,0.290426493,0,0,0,1],"scale":1.01660252,"type":"pac_rock_tiny_1"}
{"ctxid":0,"pos":[781.758972,950.871643,152.075623],"rotationMatrix":[0.921733618,-0.387823552,0,0.387823552,0.921733618,0,0,0,1],"scale":1.10079384,"type":"pac_rock_tiny_1"}
{"ctxid":0,"pos":[784.692749,959.512085,150.855698],"rotationMatrix":[-0.911307752,0.411725789,0,-0.411725789,-0.911307752,0,0,0,1],"scale":1.12305629,"type":"pac_rock_tiny_1"}
{"ctxid":0,"pos":[784.113831,962.01709,150.242554],"rotationMatrix":[0.861254215,0.50817436,0,-0.50817436,0.861254215,0,0,0,1],"scale":1.11790669,"type":"pac_rock_tiny_1"}
{"ctxid":0,"pos":[783.425354,960.578674,150.594666],"rotationMatrix":[0.139624685,0.990204513,0,-0.990204513,0.139624685,0,0,0,1],"scale":1.09892797,"type":"pac_rock_tiny_1"}
{"ctxid":0,"pos":[781.150208,961.4729,150.611923],"rotationMatrix":[0.0479258969,-0.998850882,0,0.998850882,0.0479258969,0,0,0,1],"scale":1.02746296,"type":"pac_rock_tiny_1"}
{"ctxid":0,"pos":[786.356079,960.093994,150.903473],"rotationMatrix":[-0.752992749,-0.658028841,0,0.658028841,-0.752992749,0,0,0,1],"scale":1.12688375,"type":"pac_rock_tiny_1"}
{"ctxid":0,"pos":[792.122192,950.824036,149.458221],"rotationMatrix":[0.472374529,-0.881397903,0,0.881397903,0.472374529,0,0,0,1],"scale":1.12321889,"type":"pac_rock_tiny_1"}
{"ctxid":0,"pos":[793.482117,944.983398,148.485321],"rotationMatrix":[-0.833696067,-0.552223563,0,0.552223563,-0.833696067,0,0,0,1],"scale":1.13996363,"type":"pac_rock_tiny_1"}
{"ctxid":0,"pos":[791.682007,945.881897,148.703049],"rotationMatrix":[0.523095071,0.852274358,0,-0.852274358,0.523095071,0,0,0,1],"scale":1.17260957,"type":"pac_rock_tiny_1"}
{"ctxid":0,"pos":[789.483337,944.9505,148.689407],"rotationMatrix":[0.996178329,0.0873427093,0,-0.0873427093,0.996178329,0,0,0,1],"scale":1.1245321,"type":"pac_rock_tiny_1"}
{"ctxid":0,"pos":[788.318909,945.649719,148.937637],"rotationMatrix":[-0.299692512,-0.954035878,0,0.954035878,-0.299692512,0,0,0,1],"scale":1.10851002,"type":"pac_rock_tiny_1"}
{"ctxid":0,"pos":[790.493713,943.947144,148.441025],"rotationMatrix":[-0.955622375,-0.294594496,0,0.294594496,-0.955622375,0,0,0,1],"scale":1.17398512,"type":"pac_rock_tiny_1"}
{"ctxid":0,"pos":[791.497131,943.592712,148.366241],"rotationMatrix":[-0.332173347,0.94321835,0,-0.94321835,-0.332173347,0,0,0,1],"scale":1.09616113,"type":"pac_rock_tiny_1"}
{"ctxid":0,"pos":[794.681091,947.318359,148.80751],"rotationMatrix":[0.998565495,-0.0535439625,0,0.0535439625,0.998565495,0,0,0,1],"scale":1.14184165,"type":"pac_rock_tiny_1"}
{"ctxid":0,"pos":[786.512268,945.191162,148.936234],"rotationMatrix":[-0.387047678,0.922059715,0,-0.922059715,-0.387047678,0,0,0,1],"scale":1.00532162,"type":"pac_rock_tiny_1"}
{"ctxid":0,"pos":[786.899109,952.641602,151.278976],"rotationMatrix":[-0.998979032,-0.0451762974,0,0.0451762974,-0.998979032,0,0,0,1],"scale":1.10758758,"type":"pac_rock_tiny_1"}
{"ctxid":0,"pos":[786.761536,945.775635,149.113434],"rotationMatrix":[-0.0347997434,-0.999394298,0,0.999394298,-0.0347997434,0,0,0,1],"scale":1.18767953,"type":"pac_rock_tiny_1"}
{"ctxid":0,"pos":[774.669922,931.181885,151.38382],"rotationMatrix":[0.226085588,-0.974107444,0,0.974107444,0.226085588,0,0,0,1],"scale":1.18877459,"type":"pac_rock_tiny_1"}
{"ctxid":0,"pos":[773.598633,930.994751,151.76355],"rotationMatrix":[-0.502815783,-0.864393592,0,0.864393592,-0.502815783,0,0,0,1],"scale":1.15950775,"type":"pac_rock_tiny_1"}
{"ctxid":0,"pos":[772.517761,929.494568,152.426514],"rotationMatrix":[-0.511874914,0.859059989,0,-0.859059989,-0.511874914,0,0,0,1],"scale":1.19849944,"type":"pac_rock_tiny_1"}
{"ctxid":0,"pos":[774.228394,929.561829,151.833664],"rotationMatrix":[0.598605037,-0.801044285,0,0.801044285,0.598605037,0,0,0,1],"scale":1.12905538,"type":"pac_rock_tiny_1"}
{"ctxid":0,"pos":[773.761597,927.802979,152.307556],"rotationMatrix":[0.0417669639,-0.999127388,0,0.999127388,0.0417669639,0,0,0,1],"scale":1.11860824,"type":"pac_rock_tiny_1"}
{"ctxid":0,"pos":[771.864136,930.524231,152.357635],"rotationMatrix":[-0.998926222,0.0463292077,0,-0.0463292077,-0.998926222,0,0,0,1],"scale":1.1812501,"type":"pac_rock_tiny_1"}
{"ctxid":0,"pos":[771.968994,932.877991,151.919739],"rotationMatrix":[-0.906719208,-0.42173478,0,0.42173478,-0.906719208,0,0,0,1],"scale":1.01846099,"type":"pac_rock_tiny_1"}
{"ctxid":0,"pos":[331.02713,-303.064209,124.499817],"rotationMatrix":[0.829063773,0.559154034,5.90051059e-05,-0.559120774,0.829013228,0.0110024447,0.00610314589,-0.0091547193,0.999939442],"scale":1.00925553,"type":"pac_rock_tiny_1"}
{"ctxid":0,"pos":[304.423798,-296.279999,124.570412],"rotationMatrix":[0.372152925,0.92812705,-0.00906511676,-0.928170085,0.372150719,-0.00199086568,0.00152581255,0.00915487763,0.999956906],"scale":1.09305394,"type":"pac_rock_tiny_1"}
{"ctxid":0,"pos":[300.829681,-291.966522,124.474182],"rotationMatrix":[-0.0786491632,0.996890664,-0.00480342191,-0.996897578,-0.0786626339,-0.00268220087,-0.00305171125,0.00457756687,0.99998486],"scale":1.01701343,"type":"pac_rock_tiny_1"}
{"ctxid":0,"pos":[318.453339,-300.422485,124.673485],"rotationMatrix":[-0.756024599,-0.654509664,0.00661181379,0.654514551,-0.756047368,-0.00168756605,0.00610337313,0.0030516868,0.999976695],"scale":1.08084249,"type":"pac_rock_tiny_1"}
{"ctxid":0,"pos":[317.890045,-300.086823,124.674004],"rotationMatrix":[0.929091334,0.369841546,-0.00254634768,-0.369847149,0.929089844,-0.00227101496,0.00152587006,0.00305173988,0.999994159],"scale":1.11931384,"type":"pac_rock_tiny_1"}
{"ctxid":0,"pos":[316.997131,-299.276978,124.651894],"rotationMatrix":[-0.863673329,0.504041135,-0.00329677318,-0.504049599,-0.863631129,0.00867589749,0.00152581302,0.00915487856,0.999956906],"scale":1.0016712,"type":"pac_rock_tiny_1"}
{"ctxid":0,"pos":[300.163452,-291.1409,124.487198],"rotationMatrix":[0.247629523,-0.968853652,0.00147835352,0.968854725,0.247629225,-0.000377852179,5.82076609e-11,0.00152587728,0.999998808],"scale":1.1139636,"type":"pac_rock_tiny_1"}
{"ctxid":0,"pos":[300.034912,-291.540009,124.423836],"rotationMatrix":[-0.810804725,0.585315585,-0.000893120829,-0.5853163,-0.810803771,0.0012371887,0,0.00152587704,0.999998808],"scale":1.07212603,"type":"pac_rock_tiny_1"}
{"ctxid":0,"pos":[300.196564,-290.50827,124.432487],"rotationMatrix":[-0.709704041,0.704498649,-0.00107497978,-0.704499483,-0.709703207,0.00108292163,0,0.00152587704,0.999998808],"scale":1.08337319,"type":"pac_rock_tiny_1"}
{"ctxid":0,"pos":[299.272736,-293.587677,124.439903],"rotationMatrix":[-0.181638002,-0.98336494,0.000669022091,0.983354568,-0.181632757,0.00477858959,-0.00457758224,0.00152586063,0.999988377],"scale":1.00716734,"type":"pac_rock_tiny_1"}
{"ctxid":0,"pos":[301.732971,-292.235565,124.47139],"rotationMatrix":[0.99914372,0.0413524173,0.00133527583,-0.0413458236,0.999134123,-0.00463676173,-0.00152586098,0.00457758363,0.999988377],"scale":1.05330622,"type":"pac_rock_tiny_1"}
{"ctxid":0,"pos":[229.906982,-317.089264,124.443787],"rotationMatrix":[0.926531851,0.375605077,-0.0214360598,-0.375213236,0.926718295,0.0202039592,0.0274539012,-0.0106765181,0.999566078],"scale":1.10887027,"type":"pac_rock_tiny_1"}
{"ctxid":0,"pos":[228.465164,-317.760956,124.502678],"rotationMatrix":[0.00745886564,-0.99991256,-0.0109078409,0.999506772,0.00778770447,-0.0304193422,0.0305016339,-0.0106755709,0.999477684],"scale":1.08654523,"type":"pac_rock_tiny_1"}
{"ctxid":0,"pos":[229.425797,-316.5159,124.468536],"rotationMatrix":[-0.999644876,-0.00663457066,0.0257991292,0.00611954648,-0.999781132,-0.0199908298,0.0259261206,-0.0198258553,0.999467254],"scale":1.19860268,"type":"pac_rock_tiny_1"}
{"ctxid":0,"pos":[223.892258,-316.239685,125.117683],"rotationMatrix":[0.388127923,0.919987023,0.0545933358,-0.915701091,0.378269553,0.135659337,0.104153842,-0.102644354,0.989250302],"scale":1.00294507,"type":"pac_rock_tiny_1"}
{"ctxid":0,"pos":[223.90947,-318.89447,124.829567],"rotationMatrix":[-0.906281233,0.418333352,0.0604226217,-0.419490337,-0.907729864,-0.0073237,0.0517836884,-0.0319840424,0.998145998],"scale":1.17390156,"type":"pac_rock_tiny_1"}
{"ctxid":0,"pos":[226.296158,-317.908752,124.624184],"rotationMatrix":[-0.448719621,0.893045306,0.0334694497,-0.892859221,-0.44959414,0.0258275587,0.0381128602,-0.0182941724,0.99910599],"scale":1.0618012,"type":"pac_rock_tiny_1"}
{"ctxid":0,"pos":[224.32756,-316.096161,125.08387],"rotationMatrix":[-0.96668458,0.221815199,0.127743602,-0.232468754,-0.969674349,-0.0754281357,0.107138619,-0.102611639,0.988934875],"scale":1.09358895,"type":"pac_rock_tiny_1"}
{"ctxid":0,"pos":[209.979858,-326.235321,125.909698],"rotationMatrix":[0.947277427,-0.301445305,-0.108610384,0.313811958,0.941290498,0.124475755,0.0647112951,-0.151996315,0.986260414],"scale":1.1054585,"type":"pac_rock_tiny_1"}
{"ctxid":0,"pos":[208.89595,-327.280884,125.771164],"rotationMatrix":[0.232032776,0.967180729,0.103547849,-0.970731258,0.223462284,0.0880080462,0.0619806573,-0.120937884,0.990723193],"scale":1.16622162,"type":"pac_rock_tiny_1"}
{"ctxid":0,"pos":[211.105621,-325.346588,126.14949],"rotationMatrix":[0.765461862,-0.602670372,-0.225514054,0.630735338,0.772122145,0.0774618015,0.127440453,-0.201533735,0.971155524],"scale":1.06457937,"type":"pac_rock_tiny_1"}
{"ctxid":0,"pos":[209.729218,-326.753662,125.814056],"rotationMatrix":[0.745586991,-0.649532497,-0.149021938,0.66325897,0.744986296,0.0712943673,0.0647112876,-0.1519963,0.986260414],"scale":1.16814995,"type":"pac_rock_tiny_1"}
{"ctxid":0,"pos":[196.129227,-336.483368,125.710007],"rotationMatrix":[-0.813487291,0.563158393,0.145227149,-0.573767066,-0.817930937,-0.0421925224,0.0950247198,-0.117649645,0.988498271],"scale":1.12524223,"type":"pac_rock_tiny_1"}
{"ctxid":0,"pos":[197.546783,-335.476288,125.698502],"rotationMatrix":[-0.760748744,0.6359635,0.129659951,-0.644805014,-0.763343811,-0.0391469561,0.0740791038,-0.113386393,0.99078548],"scale":1.12671828,"type":"pac_rock_tiny_1"}
{"ctxid":0,"pos":[198.018036,-335.146606,125.712654],"rotationMatrix":[-0.197020054,0.97253561,0.123924285,-0.978337884,-0.203221321,0.0394418016,0.0635426491,-0.113469012,0.991507471],"scale":1.00786531,"type":"pac_rock_tiny_1"}
{"ctxid":0,"pos":[197.206299,-345.011658,124.872459],"rotationMatrix":[-0.564683676,0.825046659,0.0207412466,-0.825217128,-0.564815283,0.000593214296,0.012204404,-0.0167810544,0.999784708],"scale":1.03867066,"type":"pac_rock_tiny_1"}
{"ctxid":0,"pos":[195.994583,-342.279388,124.974518],"rotationMatrix":[-0.99886322,0.0303309411,0.0367645957,-0.0305342972,-0.999520898,-0.0049823937,0.0365958773,-0.00609931303,0.999311507],"scale":1.05663741,"type":"pac_rock_tiny_1"}
{"ctxid":0,"pos":[196.789978,-342.065277,124.879036],"rotationMatrix":[0.971696734,0.233527541,-0.0356419422,-0.233136088,0.972331047,0.0148280738,0.0381185301,-0.00609896611,0.999254584],"scale":1.19268227,"type":"pac_rock_tiny_1"}
{"ctxid":0,"pos":[188.04541,-353.863007,124.725349],"rotationMatrix":[-0.892286777,0.450870574,0.0232324246,-0.451156795,-0.892401457,-0.00876784232,0.0167794917,-0.0183048993,0.999691665],"scale":1.12914717,"type":"pac_rock_tiny_1"}
{"ctxid":0,"pos":[186.677353,-354.763763,124.703766],"rotationMatrix":[0.506221414,0.862374604,0.00706480723,-0.862175524,0.505882263,0.0271373745,0.019828625,-0.0198286232,0.999606729],"scale":1.04489255,"type":"pac_rock_tiny_1"}
{"ctxid":0,"pos":[185.870087,-354.489624,124.776077],"rotationMatrix":[-0.896337748,-0.443351656,0.00422071386,0.443054229,-0.896015406,-0.0293118954,0.0167773031,-0.024403356,0.999561429],"scale":1.19972348,"type":"pac_rock_tiny_1"}
{"ctxid":0,"pos":[166.23558,-367.322662,125.45533],"rotationMatrix":[-0.892182946,-0.451644748,0.00514040142,0.450429946,-0.89051199,-0.0640379265,0.0334999859,-0.0548181571,0.997934222],"scale":1.01485908,"type":"pac_rock_tiny_1"}
{"ctxid":0,"pos":[167.35434,-368.41571,125.300797],"rotationMatrix":[-0.990212083,-0.137314647,0.0249807425,0.136199296,-0.989794135,-0.0419141278,0.030481223,-0.0381015316,0.998808861],"scale":1.17775631,"type":"pac_rock_tiny_1"}
{"ctxid":0,"pos":[164.629822,-367.351501,125.535904],"rotationMatrix":[0.506803989,-0.858794928,-0.0749723017,0.861576438,0.507516205,0.0106442068,0.0289084632,-0.0699888989,0.997128785],"scale":1.0525682,"type":"pac_rock_tiny_1"}
{"ctxid":0,"pos":[165.529495,-366.584351,125.597023],"rotationMatrix":[-0.642177701,0.76318413,0.0718167573,-0.765889347,-0.642702818,-0.018608477,0.0319551528,-0.0669536442,0.997244239],"scale":1.19791293,"type":"pac_rock_tiny_1"}
{"ctxid":0,"pos":[157.371033,-372.592041,125.645706],"rotationMatrix":[-0.256035328,-0.966472268,-0.0194141157,0.962917447,-0.253223538,-0.0930994302,0.0850619078,-0.0425309576,0.995467544],"scale":1.18737555,"type":"pac_rock_tiny_1"}
{"ctxid":0,"pos":[158.226105,-373.291992,125.537743],"rotationMatrix":[-0.352211475,-0.935916662,-0.00261130743,0.934400439,-0.351479173,-0.0579470918,0.0533158332,-0.0228496436,0.998316228],"scale":1.05033338,"type":"pac_rock_tiny_1"}
{"ctxid":0,"pos":[157.865158,-371.67691,125.645645],"rotationMatrix":[0.928299665,-0.358851671,-0.0973921046,0.361979723,0.932048619,0.0160014946,0.0850320086,-0.0501081496,0.995117426],"scale":1.00931895,"type":"pac_rock_tiny_1"}
{"ctxid":0,"pos":[158.873108,-371.047668,125.600433],"rotationMatrix":[-0.983550787,0.155520841,0.0918747559,-0.159365162,-0.986560822,-0.0360596627,0.0850320086,-0.0501081496,0.995117426],"scale":1.05000114,"type":"pac_rock_tiny_1"}
{"ctxid":0,"pos":[143.321075,-387.765717,125.49427],"rotationMatrix":[-0.211912513,0.974587023,0.0726135075,-0.973178804,-0.217244864,0.0756785944,0.089530319,-0.0546286777,0.994484782],"scale":1.15198267,"type":"pac_rock_tiny_1"}
{"ctxid":0,"pos":[141.051682,-389.316589,125.734619],"rotationMatrix":[-0.746121168,0.662060916,0.0705546215,-0.66212064,-0.748948932,0.0259040296,0.0699918792,-0.0273881294,0.997171521],"scale":1.15117407,"type":"pac_rock_tiny_1"}
{"ctxid":0,"pos":[143.485931,-389.0271,125.325615],"rotationMatrix":[0.103197098,0.994633138,0.00740409642,-0.990612209,0.102103233,0.090895474,0.0896516889,-0.0167147182,0.99583292],"scale":1.14821732,"type":"pac_rock_tiny_1"}
{"ctxid":0,"pos":[142.563675,-389.272827,125.495064],"rotationMatrix":[-0.967670679,-0.241724521,0.0719867498,0.238996774,-0.970000386,-0.0444898047,0.0805814713,-0.0258468874,0.996412873],"scale":1.0694325,"type":"pac_rock_tiny_1"}
{"ctxid":0,"pos":[139.604813,-400.001129,125.100082],"rotationMatrix":[0.328968585,-0.943487287,-0.0401394106,0.944099545,0.329548061,-0.00860258564,0.0213442929,-0.0350656249,0.999157071],"scale":1.03954732,"type":"pac_rock_tiny_1"}
{"ctxid":0,"pos":[139.538757,-398.412598,125.225189],"rotationMatrix":[-0.4773072,0.877644658,0.0437933132,-0.878398061,-0.477913618,0.00394354388,0.0243904497,-0.0365856774,0.999032855],"scale":1.13865018,"type":"pac_rock_tiny_1"}
{"ctxid":0,"pos":[140.731995,-399.566071,125.122269],"rotationMatrix":[0.0326374769,0.998925865,0.0328858718,-0.999270499,0.031960845,0.0208948515,0.019821357,-0.0335438401,0.999240696],"scale":1.01374292,"type":"pac_rock_tiny_1"}
{"ctxid":0,"pos":[137.387512,-398.253174,125.355392],"rotationMatrix":[-0.969969869,0.241042271,0.0325081348,-0.241998479,-0.969824553,-0.0296078771,0.024390446,-0.0365856737,0.999032855],"scale":1.10295296,"type":"pac_rock_tiny_1"}
{"ctxid":0,"pos":[130.548325,-413.599426,125.081085],"rotationMatrix":[0.665377975,-0.745931804,-0.0292884186,0.745819271,0.665936708,-0.0167856589,0.0320251919,-0.0106750643,0.99943006],"scale":1.11365199,"type":"pac_rock_tiny_1"}
{"ctxid":0,"pos":[130.256821,-413.136292,125.085564],"rotationMatrix":[-0.628910303,-0.777380466,0.0123022376,0.776937604,-0.628984332,-0.0273235105,0.0289786793,-0.00762596726,0.999550939],"scale":1.01589274,"type":"pac_rock_tiny_1"}
{"ctxid":0,"pos":[130.723999,-413.05423,125.073502],"rotationMatrix":[0.577973247,-0.815732002,-0.0229799673,0.81554091,0.578379631,-0.0192312337,0.0289786793,-0.00762596773,0.999550939],"scale":1.19259393,"type":"pac_rock_tiny_1"}
{"ctxid":0,"pos":[130.672195,-411.907196,125.101028],"rotationMatrix":[-0.20039916,0.979487717,0.0210614987,-0.979239285,-0.200924993,0.0268181395,0.0304998271,-0.0152499136,0.999418437],"scale":1.13747406,"type":"pac_rock_tiny_1"}
{"ctxid":0,"pos":[124.674416,-434.122925,126.410316],"rotationMatrix":[-0.620350718,0.782469511,-0.053909678,-0.780829668,-0.609644771,0.136521623,0.0739582554,0.126785591,0.989169121],"scale":1.15034842,"type":"pac_rock_tiny_1"}
{"ctxid":0,"pos":[124.945282,-433.623901,126.209068],"rotationMatrix":[0.892240942,0.434828043,-0.121781215,-0.445459545,0.891753554,-0.0796326101,0.0739723295,0.12530008,0.989357352],"scale":1.04352021,"type":"pac_rock_tiny_1"}
{"ctxid":0,"pos":[126.106346,-435.670258,126.418732],"rotationMatrix":[0.0524891615,0.997970164,-0.0360600129,-0.985304415,0.0576328635,0.16079022,0.162542105,0.0270903558,0.986329675],"scale":1.12854218,"type":"pac_rock_tiny_1"}
{"ctxid":0,"pos":[130.172058,-443.792023,125.820518],"rotationMatrix":[-0.837103605,0.54617697,0.0307937115,-0.53526479,-0.829398155,0.159969956,0.112912148,0.117428631,0.986641467],"scale":1.1090765,"type":"pac_rock_tiny_1"}
{"ctxid":0,"pos":[129.346573,-441.840668,125.724281],"rotationMatrix":[-0.989454865,-0.0997819975,0.104987733,0.106220864,-0.992671251,0.0576261096,0.0984682664,0.0681703314,0.992802501],"scale":1.11611354,"type":"pac_rock_tiny_1"}
{"ctxid":0,"pos":[130.79483,-440.875336,125.220177],"rotationMatrix":[0.157610416,-0.987500548,-0.00120683759,0.976145267,0.155982614,-0.151028618,0.149329096,0.0226256251,0.988528669],"scale":1.14452827,"type":"pac_rock_tiny_1"}
{"ctxid":0,"pos":[130.782364,-442.497253,125.385483],"rotationMatrix":[0.0834714174,0.990982175,-0.10481602,-0.990061402,0.0944179893,0.104227118,0.113183737,0.0950743482,0.989014804],"scale":1.17690408,"type":"pac_rock_tiny_1"}
{"ctxid":0,"pos":[135.926971,-418.8479,124.82959],"rotationMatrix":[-0.987701893,-0.155508831,0.0161741879,0.155743703,-0.987691879,0.0144392671,0.0137296813,0.0167807229,0.999764919],"scale":1.12274361,"type":"pac_rock_tiny_1"}
{"ctxid":0,"pos":[127.379082,-423.344666,125.326889],"rotationMatrix":[0.970905244,-0.23717615,-0.0330222994,0.236651301,0.97140801,-0.0190421864,0.0365944803,0.0106733888,0.999273181],"scale":1.0395,"type":"pac_rock_tiny_1"}
{"ctxid":0,"pos":[131.24826,-426.024628,125.12648],"rotationMatrix":[0.457129836,-0.88769573,-0.0550318435,0.887099326,0.459521294,-0.0435291603,0.0639289543,-0.0289202407,0.997535288],"scale":1.16879439,"type":"pac_rock_tiny_1"}
{"ctxid":0,"pos":[134.362137,-418.103546,124.789261],"rotationMatrix":[0.981163621,-0.192839563,-0.0114403702,0.192575395,0.981059551,-0.0209022034,0.0152544565,0.0183053482,0.999716043],"scale":1.13121939,"type":"pac_rock_tiny_1"}
{"ctxid":0,"pos":[131.430283,-424.865509,125.073219],"rotationMatrix":[-0.572192907,0.818907499,0.0445597656,-0.818757296,-0.573528767,0.0264771637,0.0472386591,-0.0213335883,0.998655796],"scale":1.06455755,"type":"pac_rock_tiny_1"}
{"ctxid":0,"pos":[134.765656,-423.174164,124.852386],"rotationMatrix":[-0.172206521,-0.984954298,-0.0144717265,0.984323084,-0.17149055,-0.0412123874,0.0381105542,-0.0213419124,0.99904561],"scale":1.19683683,"type":"pac_rock_tiny_1"}
{"ctxid":0,"pos":[128.445908,-423.218567,125.256195],"rotationMatrix":[-0.372773767,-0.927546322,0.0264026914,0.926868498,-0.373555303,-0.0370243825,0.0442047045,0.0106701031,0.998965502],"scale":1.13044024,"type":"pac_rock_tiny_1"}
{"ctxid":0,"pos":[127.914719,-418.86618,125.243767],"rotationMatrix":[-0.984903693,0.164096639,0.0551049449,-0.163137838,-0.986368775,0.0214999244,0.0578818731,0.0121856565,0.998249054],"scale":1.02778995,"type":"pac_rock_tiny_1"}
{"ctxid":0,"pos":[130.980728,-423.38443,125.155769],"rotationMatrix":[0.89779377,0.439904541,-0.0212201085,-0.439821213,0.898043215,0.00869640335,0.0228821617,0.00152547797,0.999737024],"scale":1.01458728,"type":"pac_rock_tiny_1"}
{"ctxid":0,"pos":[132.183395,-417.161407,124.928215],"rotationMatrix":[0.651255012,0.758367002,-0.0273211971,-0.757975996,0.651811779,0.0247741528,0.036596179,0.00457452144,0.999319673],"scale":1.0861733,"type":"pac_rock_tiny_1"}
{"ctxid":0,"pos":[136.16449,-420.108307,124.798897],"rotationMatrix":[-0.806495786,0.591218293,0.00500579551,-0.591142952,-0.806488276,0.0112365019,0.0106803421,0.00610305322,0.999924362],"scale":1.11932063,"type":"pac_rock_tiny_1"}
{"ctxid":0,"pos":[129.573273,-417.562225,125.075424],"rotationMatrix":[-0.872989416,0.487387955,0.0184937548,-0.487201631,-0.873179913,0.0138158957,0.0228820834,0.00305094477,0.999733508],"scale":1.06889415,"type":"pac_rock_tiny_1"}
{"ctxid":0,"pos":[131.791763,-421.372498,125.066574],"rotationMatrix":[0.76840657,0.639802992,-0.0142612699,-0.63984555,0.768501043,0.00194741762,0.0122057647,0.00762860291,0.999896407],"scale":1.05787122,"type":"pac_rock_tiny_1"}
{"ctxid":0,"pos":[134.259827,-421.558655,124.921799],"rotationMatrix":[-0.383642197,-0.923298419,0.0184047054,0.923117697,-0.383974314,-0.0204302277,0.0259301309,0.00915181264,0.999621868],"scale":1.19234014,"type":"pac_rock_tiny_1"}
{"ctxid":0,"pos":[132.20076,-422.328491,125.072479],"rotationMatrix":[0.239303052,-0.970943809,-0.0013767723,0.970465541,0.239229202,-0.0310763977,0.0305028055,0.00610056147,0.99951607],"scale":1.0296464,"type":"pac_rock_tiny_1"}
{"ctxid":0,"pos":[135.082092,-417.728485,124.807983],"rotationMatrix":[-0.750086427,-0.661061883,0.0191653073,0.661339641,-0.749771357,0.0217371471,0,0.0289795212,0.999580026],"scale":1.16239285,"type":"pac_rock_tiny_1"}
{"ctxid":0,"pos":[136.457443,-424.3797,124.715195],"rotationMatrix":[-0.156673431,0.986888945,0.0387706682,-0.987507761,-0.157196641,0.0108182682,0.0167710632,-0.0365914069,0.999189556],"scale":1.01874733,"type":"pac_rock_tiny_1"}
{"ctxid":0,"pos":[134.812622,-425.874664,124.680901],"rotationMatrix":[0.35931015,0.933037221,0.0183752831,-0.931781113,0.357595026,0.0625275075,0.0517695844,-0.0395885073,0.997874081],"scale":1.04680359,"type":"pac_rock_tiny_1"}
{"ctxid":0,"pos":[129.855774,-421.485535,125.103409],"rotationMatrix":[0.655421019,0.754997075,-0.020065356,-0.755041778,0.655641198,0.00682222657,0.0183064342,0.0106787533,0.99977541],"scale":1.18470907,"type":"pac_rock_tiny_1"}
{"ctxid":0,"pos":[129.279053,-423.455811,125.173416],"rotationMatrix":[-0.991303921,0.130973682,0.0127278995,-0.130703494,-0.99121666,0.0201440975,0.0152544547,0.0183053464,0.999716043],"scale":1.0067606,"type":"pac_rock_tiny_1"}
{"ctxid":0,"pos":[129.074463,-419.059113,125.158142],"rotationMatrix":[-0.794559598,-0.606661022,0.0252392925,0.606631815,-0.794923782,-0.00967120845,0.0259304643,0.00762660708,0.999634683],"scale":1.15646875,"type":"pac_rock_tiny_1"}
