{"ctxid":0,"pos":[763.402832,941.272278,154.566727],"rotationMatrix":[0.34806633,-0.700565934,-0.622942448,0.886146426,0.462717175,-0.0252449624,0.305931926,-0.543231308,0.781860232],"scale":1.08154404,"type":"pac_rock_medium_3"}
{"ctxid":0,"pos":[762.833618,941.14917,155.057739],"rotationMatrix":[0.974907815,-0.222609013,0,0.222609013,0.974907815,0,0,0,1],"scale":1.18893588,"type":"pac_rock_medium_3"}
{"ctxid":0,"pos":[763.843201,942.426697,154.627747],"rotationMatrix":[-0.457017064,0.867856741,-0.194833666,-0.798336685,-0.496814609,-0.340343654,-0.39216572,0,0.919894576],"scale":0.868727148,"type":"pac_rock_medium_3"}
{"ctxid":0,"pos":[779.473938,953.53009,153.053696],"rotationMatrix":[0.359489352,0.933149159,0,-0.933149159,0.359489352,0,0,0,1],"scale":1.02241933,"type":"pac_rock_medium_3"}
{"ctxid":0,"pos":[790.655701,955.997009,152.025803],"rotationMatrix":[-0.556769967,-0.122250468,-0.821621656,0.777160048,-0.425917149,-0.463267654,-0.293308079,-0.896465063,0.332146019],"scale":1.08867705,"type":"pac_rock_medium_3"}
{"ctxid":0,"pos":[782.019104,930.241455,149.996277],"rotationMatrix":[-0.608797491,0.749641657,0.259621322,-0.75062871,-0.650226891,0.117310442,0.256753534,-0.123460911,0.958558857],"scale":1.24943435,"type":"pac_rock_medium_3"}
{"ctxid":0,"pos":[802.022095,915.757996,156.460266],"rotationMatrix":[0.977368891,0.21154204,0,-0.21154204,0.977368891,0,0,0,1],"scale":0.886451244,"type":"pac_rock_medium_3"}
{"ctxid":0,"pos":[805.649963,917.808105,156.584808],"rotationMatrix":[0.0567420125,0.990323901,-0.126644939,-0.0675555617,0.130366951,0.989161611,0.996100724,-0.0475714542,0.0742991716],"scale":0.978210092,"type":"pac_rock_medium_3"}
{"ctxid":0,"pos":[688.834045,705.900208,154.168594],"rotationMatrix":[-0.187752858,-0.982216299,0,0.982216299,-0.187752858,0,0,0,1],"scale":0.904569626,"type":"pac_rock_medium_3"}
{"ctxid":0,"pos":[668.868347,723.223389,153.05809],"rotationMatrix":[-0.906623363,-0.421940804,0,0.421940804,-0.906623363,0,0,0,1],"scale":0.914420724,"type":"pac_rock_medium_3"}
{"ctxid":0,"pos":[667.939331,725.831604,151.821762],"rotationMatrix":[0.35567084,0.934611261,0,-0.934611261,0.35567084,0,0,0,1],"scale":1.09571028,"type":"pac_rock_medium_3"}
{"ctxid":0,"pos":[-88.959053,-446.436005,129.039062],"rotationMatrix":[0.999276936,0.0380212814,0,-0.0380212814,0.999276936,0,0,0,1],"scale":1.0055418,"type":"pac_rock_medium_3"}
{"ctxid":0,"pos":[-86.3391418,-443.152771,129.371964],"rotationMatrix":[0.965932667,0.258793503,0,-0.258793503,0.965932667,0,0,0,1],"scale":0.994124413,"type":"pac_rock_medium_3"}
{"ctxid":0,"pos":[-97.5384674,-434.755554,129.195618],"rotationMatrix":[-0.867979228,-0.496600479,0,0.496600479,-0.867979228,0,0,0,1],"scale":1.10334802,"type":"pac_rock_medium_3"}
{"ctxid":0,"pos":[-101.773956,-438.12616,128.939453],"rotationMatrix":[0.5281443,-0.849154651,0,0.849154651,0.5281443,0,0,0,1],"scale":0.971316934,"type":"pac_rock_medium_3"}
{"ctxid":0,"pos":[-104.005539,-440.682098,129.449631],"rotationMatrix":[-0.887536049,-0.460738331,0,0.460738331,-0.887536049,0,0,0,1],"scale":0.897369266,"type":"pac_rock_medium_3"}
{"ctxid":0,"pos":[-108.381699,-425.170105,129.352097],"rotationMatrix":[0.865954459,0.500122786,0,-0.500122786,0.865954459,0,0,0,1],"scale":0.913428307,"type":"pac_rock_medium_3"}
{"ctxid":0,"pos":[-108.791336,-433.870056,129.022125],"rotationMatrix":[-0.826951563,0.562273145,0,-0.562273145,-0.826951563,0,0,0,1],"scale":1.10371161,"type":"pac_rock_medium_3"}
{"ctxid":0,"pos":[-161.519257,-438.989868,129.990631],"rotationMatrix":[0.483038247,0.875599265,0,-0.875599265,0.483038247,0,0,0,1],"scale":0.96003449,"type":"pac_rock_medium_3"}
{"ctxid":0,"pos":[-168.691193,-440.746155,130.534592],"rotationMatrix":[-0.909765303,0.415123016,0,-0.415123016,-0.909765303,0,0,0,1],"scale":0.826659083,"type":"pac_rock_medium_3"}
{"ctxid":0,"pos":[-181.019073,-437.773773,130.076309],"rotationMatrix":[0.692548513,-0.721371293,0,0.721371293,0.692548513,0,0,0,1],"scale":0.885448277,"type":"pac_rock_medium_3"}
{"ctxid":0,"pos":[-186.111328,-439.585663,130.497147],"rotationMatrix":[-0.77896744,0.627064347,0,-0.627064347,-0.77896744,0,0,0,1],"scale":0.936663508,"type":"pac_rock_medium_3"}
{"ctxid":0,"pos":[-176.666962,-439.983795,130.484894],"rotationMatrix":[0.951120615,-0.308819622,0,0.308819622,0.951120615,0,0,0,1],"scale":1.08290935,"type":"pac_rock_medium_3"}
{"ctxid":0,"pos":[-165.115234,-440.147217,129.693024],"rotationMatrix":[-0.348676443,-0.937243164,0,0.937243164,-0.348676443,0,0,0,1],"scale":1.02066791,"type":"pac_rock_medium_3"}
{"ctxid":0,"pos":[-205.974701,-421.736847,130.047455],"rotationMatrix":[-0.019586252,0.999808192,0,-0.999808192,-0.019586252,0,0,0,1],"scale":0.806662142,"type":"pac_rock_medium_3"}
{"ctxid":0,"pos":[-176.14389,-425.329437,129.895233],"rotationMatrix":[-0.855986059,0.516998947,0,-0.516998947,-0.855986059,0,0,0,1],"scale":0.854751766,"type":"pac_rock_medium_3"}
{"ctxid":0,"pos":[-185.989746,-425.096283,129.951904],"rotationMatrix":[0.708336294,-0.705875099,0,0.705875099,0.708336294,0,0,0,1],"scale":1.12036967,"type":"pac_rock_medium_3"}
{"ctxid":0,"pos":[-180.474045,-423.818787,130.308365],"rotationMatrix":[-0.850370109,-0.526185036,0,0.526185036,-0.850370109,0,0,0,1],"scale":0.891564965,"type":"pac_rock_medium_3"}
{"ctxid":0,"pos":[-185.935043,-422.300385,130.681061],"rotationMatrix":[-0.928464592,0.371420979,0,-0.371420979,-0.928464592,0,0,0,1],"scale":0.952414274,"type":"pac_rock_medium_3"}
{"ctxid":0,"pos":[-182.181503,-423.995941,130.276886],"rotationMatrix":[-0.0710248128,-0.997474551,0,0.997474551,-0.0710248128,0,0,0,1],"scale":0.870101571,"type":"pac_rock_medium_3"}
{"ctxid":0,"pos":[-187.876236,-422.094482,130.611725],"rotationMatrix":[-0.289954334,-0.957040489,0,0.957040489,-0.289954334,0,0,0,1],"scale":0.850559413,"type":"pac_rock_medium_3"}
{"ctxid":0,"pos":[-171.692947,-424.761749,129.804413],"rotationMatrix":[0.993206382,-0.116366312,0,0.116366312,0.993206382,0,0,0,1],"scale":1.16141176,"type":"pac_rock_medium_3"}
{"ctxid":0,"pos":[-166.936752,-424.330933,129.7686],"rotationMatrix":[-0.610468864,0.792040229,0,-0.792040229,-0.610468864,0,0,0,1],"scale":0.934099197,"type":"pac_rock_medium_3"}
{"ctxid":0,"pos":[-162.863297,-422.940918,129.734512],"rotationMatrix":[0.964364648,0.264576614,0,-0.264576614,0.964364648,0,0,0,1],"scale":1.10893381,"type":"pac_rock_medium_3"}
{"ctxid":0,"pos":[-157.12973,-424.533966,129.075363],"rotationMatrix":[0.442284018,0.896875024,0,-0.896875024,0.442284018,0,0,0,1],"scale":1.00735295,"type":"pac_rock_medium_3"}
{"ctxid":0,"pos":[-161.77034,-423.301239,129.781342],"rotationMatrix":[-0.782226324,-0.622994363,0,0.622994363,-0.782226324,0,0,0,1],"scale":0.972219229,"type":"pac_rock_medium_3"}
{"ctxid":0,"pos":[-156.118423,-421.786591,130.223969],"rotationMatrix":[0.973658502,0.228011265,0,-0.228011265,0.973658502,0,0,0,1],"scale":0.880528212,"type":"pac_rock_medium_3"}
{"ctxid":0,"pos":[-154.947601,-423.63797,129.311859],"rotationMatrix":[-0.627164543,0.778886795,0,-0.778886795,-0.627164543,0,0,0,1],"scale":0.956165075,"type":"pac_rock_medium_3"}
{"ctxid":0,"pos":[-159.053574,-423.357422,129.719406],"rotationMatrix":[0.468365431,-0.883534849,0,0.883534849,0.468365431,0,0,0,1],"scale":1.19124436,"type":"pac_rock_medium_3"}
{"ctxid":0,"pos":[-180.596573,-429.36911,129.590332],"rotationMatrix":[0.724905312,0.688848555,0,-0.688848555,0.724905312,0,0,0,1],"scale":0.87595582,"type":"pac_rock_medium_3"}
{"ctxid":0,"pos":[-186.250702,-432.333069,129.484039],"rotationMatrix":[0.516181052,-0.856479526,0,0.856479526,0.516181052,0,0,0,1],"scale":1.07351577,"type":"pac_rock_medium_3"}
{"ctxid":0,"pos":[-202.94046,-435.120483,129.386597],"rotationMatrix":[0.888787925,-0.45831871,0,0.45831871,0.888787925,0,0,0,1],"scale":1.03300154,"type":"pac_rock_medium_3"}
{"ctxid":0,"pos":[-170.703766,-439.352264,130.195786],"rotationMatrix":[-0.189303294,0.981918693,0,-0.981918693,-0.189303294,0,0,0,1],"scale":0.940705836,"type":"pac_rock_medium_3"}
{"ctxid":0,"pos":[-173.827789,-432.664795,129.049652],"rotationMatrix":[-0.844741642,-0.53517431,0,0.53517431,-0.844741642,0,0,0,1],"scale":1.00423515,"type":"pac_rock_medium_3"}
{"ctxid":0,"pos":[-181.353058,-439.421478,130.471802],"rotationMatrix":[-0.268794268,-0.963197589,0,0.963197589,-0.268794268,0,0,0,1],"scale":0.998592019,"type":"pac_rock_medium_3"}
{"ctxid":0,"pos":[-185.82196,-440.767151,130.453873],"rotationMatrix":[-0.632475019,0.774580777,0,-0.774580777,-0.632475019,0,0,0,1],"scale":1.16084957,"type":"pac_rock_medium_3"}
{"ctxid":0,"pos":[-198.766891,-443.639435,131.689011],"rotationMatrix":[0.952931046,-0.303187042,0,0.303187042,0.952931046,0,0,0,1],"scale":0.893163025,"type":"pac_rock_medium_3"}
{"ctxid":0,"pos":[-120.517189,-450.960419,128.851379],"rotationMatrix":[0.806695402,-0.590967417,0,0.590967417,0.806695402,0,0,0,1],"scale":1.17438769,"type":"pac_rock_medium_3"}
{"ctxid":0,"pos":[-116.935493,-468.748871,130.595734],"rotationMatrix":[0.47289297,-0.881119847,0,0.881119847,0.47289297,0,0,0,1],"scale":1.00390816,"type":"pac_rock_medium_3"}
{"ctxid":0,"pos":[-110.858727,-483.335205,131.391205],"rotationMatrix":[-0.982248962,-0.187582001,0,0.187582001,-0.982248962,0,0,0,1],"scale":0.810278654,"type":"pac_rock_medium_3"}
{"ctxid":0,"pos":[-101.943466,-484.260773,130.188889],"rotationMatrix":[-0.103553213,-0.994623899,0,0.994623899,-0.103553213,0,0,0,1],"scale":0.81991744,"type":"pac_rock_medium_3"}
{"ctxid":0,"pos":[-97.8514633,-484.157623,129.595352],"rotationMatrix":[-0.255009741,0.966938496,0,-0.966938496,-0.255009741,0,0,0,1],"scale":0.856778383,"type":"pac_rock_medium_3"}
{"ctxid":0,"pos":[-128.374023,-449.101227,129.053467],"rotationMatrix":[-0.683635712,0.729823411,0,-0.729823411,-0.683635712,0,0,0,1],"scale":1.15896547,"type":"pac_rock_medium_3"}
{"ctxid":0,"pos":[-129.837219,-450.83197,129.420319],"rotationMatrix":[0.991471827,0.130321056,0,-0.130321056,0.991471827,0,0,0,1],"scale":0.918130159,"type":"pac_rock_medium_3"}
{"ctxid":0,"pos":[-142.848663,-449.888367,130.724548],"rotationMatrix":[-0.926642299,-0.375944167,0,0.375944167,-0.926642299,0,0,0,1],"scale":0.886044383,"type":"pac_rock_medium_3"}
{"ctxid":0,"pos":[-149.240356,-438.921509,129.384949],"rotationMatrix":[-0.66050297,0.750823438,0,-0.750823438,-0.66050297,0,0,0,1],"scale":1.00255215,"type":"pac_rock_medium_3"}
{"ctxid":0,"pos":[-142.451233,-438.594788,129.176041],"rotationMatrix":[0.328074276,0.944651961,0,-0.944651961,0.328074276,0,0,0,1],"scale":1.07091355,"type":"pac_rock_medium_3"}
{"ctxid":0,"pos":[-145.749466,-438.935913,129.325851],"rotationMatrix":[0.906695843,0.421785057,0,-0.421785057,0.906695843,0,0,0,1],"scale":0.917582929,"type":"pac_rock_medium_3"}
{"ctxid":0,"pos":[-126.445366,-424.631165,130.129196],"rotationMatrix":[-0.966856956,-0.255318582,0,0.255318582,-0.966856956,0,0,0,1],"scale":0.863277137,"type":"pac_rock_medium_3"}
{"ctxid":0,"pos":[-128.553268,-423.347565,130.70694],"rotationMatrix":[-0.953014672,0.302924037,0,-0.302924037,-0.953014672,0,0,0,1],"scale":1.14876163,"type":"pac_rock_medium_3"}
{"ctxid":0,"pos":[-131.698212,-424.110565,129.753296],"rotationMatrix":[-0.779186845,-0.626791716,0,0.626791716,-0.779186845,0,0,0,1],"scale":1.14722848,"type":"pac_rock_medium_3"}
{"ctxid":0,"pos":[-127.611725,-424.431641,130.412476],"rotationMatrix":[-0.330816239,-0.943695188,0,0.943695188,-0.330816239,0,0,0,1],"scale":1.02288747,"type":"pac_rock_medium_3"}
{"ctxid":0,"pos":[-123.870201,-426.245575,130.271255],"rotationMatrix":[0.14956978,0.988751173,0,-0.988751173,0.14956978,0,0,0,1],"scale":0.907863498,"type":"pac_rock_medium_3"}
{"ctxid":0,"pos":[-122.383759,-425.508759,129.887619],"rotationMatrix":[-0.250106692,0.968218267,0,-0.968218267,-0.250106692,0,0,0,1],"scale":1.18129003,"type":"pac_rock_medium_3"}
{"ctxid":0,"pos":[-125.398979,-425.197723,130.229752],"rotationMatrix":[0.177934349,0.984042346,0,-0.984042346,0.177934349,0,0,0,1],"scale":1.15155387,"type":"pac_rock_medium_3"}
{"ctxid":0,"pos":[-433.277283,-470.72934,131.338684],"rotationMatrix":[-0.838786006,-0.54446125,0,0.54446125,-0.838786006,0,0,0,1],"scale":0.942372859,"type":"pac_rock_medium_3"}
{"ctxid":0,"pos":[-433.552765,-468.580475,130.952927],"rotationMatrix":[0.59666729,-0.802488685,0,0.802488685,0.59666729,0,0,0,1],"scale":1.03958869,"type":"pac_rock_medium_3"}
{"ctxid":0,"pos":[-431.537964,-469.735382,131.095032],"rotationMatrix":[0.967066586,0.254523605,0,-0.254523605,0.967066586,0,0,0,1],"scale":0.986032963,"type":"pac_rock_medium_3"}
{"ctxid":0,"pos":[-420.285065,-467.604797,132.607376],"rotationMatrix":[-0.364226609,0.931310356,0,-0.931310356,-0.364226609,0,0,0,1],"scale":0.918477416,"type":"pac_rock_medium_3"}
{"ctxid":0,"pos":[-419.538269,-468.382568,132.46492],"rotationMatrix":[0.0447028987,0.999000311,0,-0.999000311,0.0447028987,0,0,0,1],"scale":0.995589912,"type":"pac_rock_medium_3"}
{"ctxid":0,"pos":[-404.185608,-471.723633,131.739212],"rotationMatrix":[0.261638075,0.965166032,0,-0.965166032,0.261638075,0,0,0,1],"scale":1.0603739,"type":"pac_rock_medium_3"}
{"ctxid":0,"pos":[-406.556702,-470.826904,131.789612],"rotationMatrix":[0.426260471,0.904600441,0,-0.904600441,0.426260471,0,0,0,1],"scale":1.07077861,"type":"pac_rock_medium_3"}
{"ctxid":0,"pos":[-413.639221,-472.07019,131.697159],"rotationMatrix":[0.768218696,-0.640187502,0,0.640187502,0.768218696,0,0,0,1],"scale":1.10996854,"type":"pac_rock_medium_3"}
{"ctxid":0,"pos":[-391.821991,-468.014374,132.308929],"rotationMatrix":[-0.779201925,-0.62677294,0,0.62677294,-0.779201925,0,0,0,1],"scale":0.840373099,"type":"pac_rock_medium_3"}
{"ctxid":0,"pos":[-395.413788,-469.471985,132.229782],"rotationMatrix":[-0.748808086,-0.662786901,0,0.662786901,-0.748808086,0,0,0,1],"scale":0.827655196,"type":"pac_rock_medium_3"}
{"ctxid":0,"pos":[-392.805115,-467.652863,132.082626],"rotationMatrix":[0.206462845,-0.978454411,0,0.978454411,0.206462845,0,0,0,1],"scale":1.07516396,"type":"pac_rock_medium_3"}
{"ctxid":0,"pos":[-396.622253,-475.269775,131.49939],"rotationMatrix":[-0.00461575529,0.999989331,0,-0.999989331,-0.00461575529,0,0,0,1],"scale":0.802224338,"type":"pac_rock_medium_3"}
{"ctxid":0,"pos":[-395.430969,-475.507263,131.301437],"rotationMatrix":[-0.913750112,-0.406276733,0,0.406276733,-0.913750112,0,0,0,1],"scale":0.94219476,"type":"pac_rock_medium_3"}
{"ctxid":0,"pos":[-373.516144,-470.343414,132.266693],"rotationMatrix":[0.605139434,0.796119511,0,-0.796119511,0.605139434,0,0,0,1],"scale":0.855577469,"type":"pac_rock_medium_3"}
{"ctxid":0,"pos":[-373.624908,-468.09552,132.811569],"rotationMatrix":[0.124555111,-0.992212713,0,0.992212713,0.124555111,0,0,0,1],"scale":0.810618222,"type":"pac_rock_medium_3"}
{"ctxid":0,"pos":[-392.807861,-476.681732,131.1819],"rotationMatrix":[0.269469976,-0.963008821,0,0.963008821,0.269469976,0,0,0,1],"scale":1.00534523,"type":"pac_rock_medium_3"}
{"ctxid":0,"pos":[-396.817352,-469.177917,132.742767],"rotationMatrix":[0.865466833,-0.500966251,0,0.500966251,0.865466833,0,0,0,1],"scale":0.922159553,"type":"pac_rock_medium_3"}
{"ctxid":0,"pos":[-414.353973,-477.757141,131.088242],"rotationMatrix":[-0.974995017,0.22222659,0,-0.22222659,-0.974995017,0,0,0,1],"scale":0.951447725,"type":"pac_rock_medium_3"}
{"ctxid":0,"pos":[-424.234528,-478.022919,130.348343],"rotationMatrix":[-0.776643753,-0.629940033,0,0.629940033,-0.776643753,0,0,0,1],"scale":0.922207534,"type":"pac_rock_medium_3"}
{"ctxid":0,"pos":[-423.923309,-479.213409,130.094269],"rotationMatrix":[0.884951353,-0.46568343,0,0.46568343,0.884951353,0,0,0,1],"scale":0.863706172,"type":"pac_rock_medium_3"}
{"ctxid":0,"pos":[-425.918549,-474.258026,131.027481],"rotationMatrix":[0.104972526,-0.994475126,0,0.994475126,0.104972526,0,0,0,1],"scale":1.01909137,"type":"pac_rock_medium_3"}
{"ctxid":0,"pos":[-428.698914,-476.586761,130.044678],"rotationMatrix":[0.613130987,-0.789981306,0,0.789981306,0.613130987,0,0,0,1],"scale":1.13681066,"type":"pac_rock_medium_3"}
{"ctxid":0,"pos":[-449.72467,-457.694061,130.553482],"rotationMatrix":[-0.66546917,-0.74642539,0,0.74642539,-0.66546917,0,0,0,1],"scale":0.902678013,"type":"pac_rock_medium_3"}
{"ctxid":0,"pos":[-446.967255,-458.149231,130.976685],"rotationMatrix":[0.982564867,-0.185919985,0,0.185919985,0.982564867,0,0,0,1],"scale":1.03098702,"type":"pac_rock_medium_3"}
{"ctxid":0,"pos":[-451.538116,-453.239624,130.333435],"rotationMatrix":[-0.998833716,-0.0482821167,0,0.0482821167,-0.998833716,0,0,0,1],"scale":1.15514624,"type":"pac_rock_medium_3"}
{"ctxid":0,"pos":[-455.413635,-448.1521,129.478943],"rotationMatrix":[0.696926296,0.717142761,0,-0.717142761,0.696926296,0,0,0,1],"scale":0.849748194,"type":"pac_rock_medium_3"}
{"ctxid":0,"pos":[-446.242706,-448.440186,133.103867],"rotationMatrix":[0.979201674,-0.202889428,0,0.202889428,0.979201674,0,0,0,1],"scale":1.18507183,"type":"pac_rock_medium_3"}
{"ctxid":0,"pos":[-444.315674,-449.589661,133.535934],"rotationMatrix":[-0.991904557,0.126985654,0,-0.126985654,-0.991904557,0,0,0,1],"scale":1.13810444,"type":"pac_rock_medium_3"}
{"ctxid":0,"pos":[-439.273407,-452.295013,134.293381],"rotationMatrix":[0.728863776,0.684658766,0,-0.684658766,0.728863776,0,0,0,1],"scale":0.937001407,"type":"pac_rock_medium_3"}
{"ctxid":0,"pos":[-431.599243,-460.299561,132.046616],"rotationMatrix":[-0.950116336,-0.311895788,0,0.311895788,-0.950116336,0,0,0,1],"scale":0.90495044,"type":"pac_rock_medium_3"}
{"ctxid":0,"pos":[-434.327637,-488.565002,130.591751],"rotationMatrix":[-0.308722377,-0.951152205,0,0.951152205,-0.308722377,0,0,0,1],"scale":1.17035413,"type":"pac_rock_medium_3"}
{"ctxid":0,"pos":[-434.820953,-492.711517,132.241821],"rotationMatrix":[-0.419300199,-0.907847643,0,0.907847643,-0.419300199,0,0,0,1],"scale":0.98553741,"type":"pac_rock_medium_3"}
{"ctxid":0,"pos":[-436.106018,-490.438477,131.843124],"rotationMatrix":[0.656289279,-0.754509389,0,0.754509389,0.656289279,0,0,0,1],"scale":1.04802477,"type":"pac_rock_medium_3"}
{"ctxid":0,"pos":[-452.259552,-484.753998,131.639679],"rotationMatrix":[0.287040144,-0.957918584,0,0.957918584,0.287040144,0,0,0,1],"scale":1.01290727,"type":"pac_rock_medium_3"}
{"ctxid":0,"pos":[-458.074219,-477.648407,130.550385],"rotationMatrix":[-0.396630257,0.917978466,0,-0.917978466,-0.396630257,0,0,0,1],"scale":0.891305447,"type":"pac_rock_medium_3"}
{"ctxid":0,"pos":[-450.177002,-481.654266,130.559998],"rotationMatrix":[-0.360150456,0.93289423,0,-0.93289423,-0.360150456,0,0,0,1],"scale":1.04069328,"type":"pac_rock_medium_3"}
{"ctxid":0,"pos":[-444.796112,-485.919983,131.040359],"rotationMatrix":[-0.317505926,0.948256254,0,-0.948256254,-0.317505926,0,0,0,1],"scale":0.863944232,"type":"pac_rock_medium_3"}
{"ctxid":0,"pos":[-360.169678,-496.777618,132.232635],"rotationMatrix":[-0.0265080743,0.999648571,0,-0.999648571,-0.0265080743,0,0,0,1],"scale":0.973318338,"type":"pac_rock_medium_3"}
{"ctxid":0,"pos":[-354.771515,-498.168671,132.537537],"rotationMatrix":[0.956730723,0.290974706,0,-0.290974706,0.956730723,0,0,0,1],"scale":0.80353862,"type":"pac_rock_medium_3"}
{"ctxid":0,"pos":[-352.44986,-498.260284,132.219482],"rotationMatrix":[0.846655667,0.532141149,0,-0.532141149,0.846655667,0,0,0,1],"scale":0.95279026,"type":"pac_rock_medium_3"}
{"ctxid":0,"pos":[-343.475677,-498.675568,132.559082],"rotationMatrix":[0.775619745,-0.631200433,0,0.631200433,0.775619745,0,0,0,1],"scale":1.04549778,"type":"pac_rock_medium_3"}
{"ctxid":0,"pos":[-334.752991,-492.715759,132.112839],"rotationMatrix":[-0.188673973,0.982039809,0,-0.982039809,-0.188673973,0,0,0,1],"scale":1.19239688,"type":"pac_rock_medium_3"}
{"ctxid":0,"pos":[-339.55072,-494.106537,132.089172],"rotationMatrix":[0.642191529,0.766544223,0,-0.766544223,0.642191529,0,0,0,1],"scale":0.842514098,"type":"pac_rock_medium_3"}
{"ctxid":0,"pos":[-338.326294,-495.486816,132.417908],"rotationMatrix":[0.16460748,-0.986359179,0,0.986359179,0.16460748,0,0,0,1],"scale":1.02093983,"type":"pac_rock_medium_3"}
{"ctxid":0,"pos":[-332.077454,-494.904297,132.550049],"rotationMatrix":[0.26215902,0.96502471,0,-0.96502471,0.26215902,0,0,0,1],"scale":0.994984746,"type":"pac_rock_medium_3"}
{"ctxid":0,"pos":[-317.843872,-488.706146,130.215073],"rotationMatrix":[-0.197167367,0.980369866,0,-0.980369866,-0.197167367,0,0,0,1],"scale":1.12597823,"type":"pac_rock_medium_3"}
{"ctxid":0,"pos":[-319.447388,-487.281555,129.89296],"rotationMatrix":[-0.578871131,-0.815419078,0,0.815419078,-0.578871131,0,0,0,1],"scale":0.801540554,"type":"pac_rock_medium_3"}
{"ctxid":0,"pos":[-367.271729,-497.822205,132.0681],"rotationMatrix":[0.688052654,-0.725660741,0,0.725660741,0.688052654,0,0,0,1],"scale":0.977945089,"type":"pac_rock_medium_3"}
{"ctxid":0,"pos":[-369.756226,-498.921326,132.627228],"rotationMatrix":[-0.78521806,-0.619219363,0,0.619219363,-0.78521806,0,0,0,1],"scale":0.883314967,"type":"pac_rock_medium_3"}
{"ctxid":0,"pos":[-373.340759,-495.979889,130.528992],"rotationMatrix":[-0.485499412,-0.874237001,0,0.874237001,-0.485499412,0,0,0,1],"scale":1.19495368,"type":"pac_rock_medium_3"}
{"ctxid":0,"pos":[-370.952087,-498.242157,132.334213],"rotationMatrix":[0.802548766,-0.596586525,0,0.596586525,0.802548766,0,0,0,1],"scale":1.07341683,"type":"pac_rock_medium_3"}
{"ctxid":0,"pos":[-356.12085,-491.898438,130.405655],"rotationMatrix":[0.957786143,-0.287481606,0,0.287481606,0.957786143,0,0,0,1],"scale":1.1637342,"type":"pac_rock_medium_3"}
{"ctxid":0,"pos":[-358.632965,-491.137695,130.103134],"rotationMatrix":[-0.559916019,-0.828549325,0,0.828549325,-0.559916019,0,0,0,1],"scale":0.849770129,"type":"pac_rock_medium_3"}
{"ctxid":0,"pos":[-352.951874,-492.460541,130.686142],"rotationMatrix":[-0.986911952,0.161260128,0,-0.161260128,-0.986911952,0,0,0,1],"scale":1.08341837,"type":"pac_rock_medium_3"}
{"ctxid":0,"pos":[-352.918976,-500.314209,132.886292],"rotationMatrix":[0.872150242,0.489238143,0,-0.489238143,0.872150242,0,0,0,1],"scale":1.01501119,"type":"pac_rock_medium_3"}
{"ctxid":0,"pos":[-363.682861,-501.396576,133.143585],"rotationMatrix":[-0.956201136,0.292710334,0,-0.292710334,-0.956201136,0,0,0,1],"scale":1.07561421,"type":"pac_rock_medium_3"}
{"ctxid":0,"pos":[-386.376007,-473.71106,131.589844],"rotationMatrix":[-0.970177233,0.242396697,0,-0.242396697,-0.970177233,0,0,0,1],"scale":0.892776847,"type":"pac_rock_medium_3"}
{"ctxid":0,"pos":[-394.310883,-468.79007,132.554672],"rotationMatrix":[-0.498746902,0.866747677,0,-0.866747677,-0.498746902,0,0,0,1],"scale":1.04260731,"type":"pac_rock_medium_3"}
{"ctxid":0,"pos":[-375.898468,-473.029968,131.429382],"rotationMatrix":[0.990776062,0.135509312,0,-0.135509312,0.990776062,0,0,0,1],"scale":1.16605186,"type":"pac_rock_medium_3"}
{"ctxid":0,"pos":[-376.354889,-469.87912,131.934967],"rotationMatrix":[-0.985526979,-0.169518828,0,0.169518828,-0.985526979,0,0,0,1],"scale":0.896836996,"type":"pac_rock_medium_3"}
{"ctxid":0,"pos":[-414.655518,-460.176758,135.043945],"rotationMatrix":[-0.429835498,-0.902907193,0,0.902907193,-0.429835498,0,0,0,1],"scale":0.885807157,"type":"pac_rock_medium_3"}
{"ctxid":0,"pos":[-419.249054,-457.141449,135.642624],"rotationMatrix":[0.629100978,0.777323604,0,-0.777323604,0.629100978,0,0,0,1],"scale":1.06215954,"type":"pac_rock_medium_3"}
{"ctxid":0,"pos":[-438.802246,-448.576691,135.080704],"rotationMatrix":[-0.798847675,0.601533353,0,-0.601533353,-0.798847675,0,0,0,1],"scale":0.844280958,"type":"pac_rock_medium_3"}
{"ctxid":0,"pos":[-436.99585,-448.881805,135.397705],"rotationMatrix":[-0.099066563,0.995080829,0,-0.995080829,-0.099066563,0,0,0,1],"scale":0.876093566,"type":"pac_rock_medium_3"}
{"ctxid":0,"pos":[-427.259857,-448.551697,135.674988],"rotationMatrix":[0.71126318,0.702925801,0,-0.702925801,0.71126318,0,0,0,1],"scale":1.1426158,"type":"pac_rock_medium_3"}
{"ctxid":0,"pos":[-348.67984,-481.795776,131.009247],"rotationMatrix":[0.997888923,0.0649436563,0,-0.0649436563,0.997888923,0,0,0,1],"scale":0.850946248,"type":"pac_rock_medium_3"}
{"ctxid":0,"pos":[-349.496552,-482.663055,131.311157],"rotationMatrix":[-0.46203351,-0.886862457,0,0.886862457,-0.46203351,0,0,0,1],"scale":0.925091326,"type":"pac_rock_medium_3"}
{"ctxid":0,"pos":[-350.419281,-478.843842,131.374588],"rotationMatrix":[0.194605589,-0.980881572,0,0.980881572,0.194605589,0,0,0,1],"scale":1.08565009,"type":"pac_rock_medium_3"}
{"ctxid":0,"pos":[-360.73465,-475.980072,131.526794],"rotationMatrix":[-0.204731077,-0.978818238,0,0.978818238,-0.204731077,0,0,0,1],"scale":1.11420357,"type":"pac_rock_medium_3"}
{"ctxid":0,"pos":[-359.615936,-478.048676,131.233307],"rotationMatrix":[-0.757549524,0.652777731,0,-0.652777731,-0.757549524,0,0,0,1],"scale":1.09745824,"type":"pac_rock_medium_3"}
{"ctxid":0,"pos":[-357.520538,-477.414856,131.500549],"rotationMatrix":[0.841603518,-0.540095866,0,0.540095866,0.841603518,0,0,0,1],"scale":0.837330639,"type":"pac_rock_medium_3"}
{"ctxid":0,"pos":[-363.695618,-491.615356,131.671921],"rotationMatrix":[-0.998099148,0.0616289265,0,-0.0616289265,-0.998099148,0,0,0,1],"scale":1.19355273,"type":"pac_rock_medium_3"}
{"ctxid":0,"pos":[-365.250122,-494.231934,131.352402],"rotationMatrix":[0.971586585,0.236684516,0,-0.236684516,0.971586585,0,0,0,1],"scale":0.990289688,"type":"pac_rock_medium_3"}
{"ctxid":0,"pos":[-352.186859,-490.85556,131.425598],"rotationMatrix":[0.302178621,0.953251302,0,-0.953251302,0.302178621,0,0,0,1],"scale":1.12820196,"type":"pac_rock_medium_3"}
{"ctxid":0,"pos":[-351.796112,-492.798981,131.281479],"rotationMatrix":[0.511646807,-0.859195888,0,0.859195888,0.511646807,0,0,0,1],"scale":1.08410549,"type":"pac_rock_medium_3"}
{"ctxid":0,"pos":[-345.66333,-495.653503,131.86972],"rotationMatrix":[0.45841676,-0.888737321,0,0.888737321,0.45841676,0,0,0,1],"scale":1.13607574,"type":"pac_rock_medium_3"}
{"ctxid":0,"pos":[-350.246063,-492.25589,131.344711],"rotationMatrix":[0.819803536,-0.572644889,0,0.572644889,0.819803536,0,0,0,1],"scale":1.04537797,"type":"pac_rock_medium_3"}
{"ctxid":0,"pos":[533.745178,-953.33606,123.953651],"rotationMatrix":[-0.990473211,-0.137705669,0,0.137705669,-0.990473211,0,0,0,1],"scale":1.02075076,"type":"pac_rock_medium_3"}
{"ctxid":0,"pos":[532.185364,-955.931641,123.586418],"rotationMatrix":[0.0633801818,0.997989476,0,-0.997989476,0.0633801818,0,0,0,1],"scale":1.06233859,"type":"pac_rock_medium_3"}
{"ctxid":0,"pos":[531.653442,-954.13031,123.965477],"rotationMatrix":[0.995203137,-0.0978302509,0,0.0978302509,0.995203137,0,0,0,1],"scale":1.00929701,"type":"pac_rock_medium_3"}
{"ctxid":0,"pos":[594.94812,-882.916504,123.580177],"rotationMatrix":[-0.999987841,-0.00493587228,0,0.00493587228,-0.999987841,0,0,0,1],"scale":1.09613287,"type":"pac_rock_medium_3"}
{"ctxid":0,"pos":[590.687683,-879.128845,123.623985],"rotationMatrix":[0.0954612345,0.995433152,0,-0.995433152,0.0954612345,0,0,0,1],"scale":1.05667806,"type":"pac_rock_medium_3"}
{"ctxid":0,"pos":[588.06427,-881.066589,123.518402],"rotationMatrix":[-0.800786912,0.598949313,0,-0.598949313,-0.800786912,0,0,0,1],"scale":1.01342571,"type":"pac_rock_medium_3"}
{"ctxid":0,"pos":[571.96051,-866.610718,123.832115],"rotationMatrix":[0.376051664,-0.926598668,0,0.926598668,0.376051664,0,0,0,1],"scale":1.15695333,"type":"pac_rock_medium_3"}
{"ctxid":0,"pos":[568.098511,-856.917358,123.749443],"rotationMatrix":[0.94763118,-0.319366872,0,0.319366872,0.94763118,0,0,0,1],"scale":0.834182382,"type":"pac_rock_medium_3"}
{"ctxid":0,"pos":[565.194824,-852.303467,123.516685],"rotationMatrix":[-0.961231828,-0.275741398,0,0.275741398,-0.961231828,0,0,0,1],"scale":1.12860847,"type":"pac_rock_medium_3"}
{"ctxid":0,"pos":[634.016418,-903.851868,123.628807],"rotationMatrix":[0.25923416,-0.965814531,0,0.965814531,0.25923416,0,0,0,1],"scale":0.872989535,"type":"pac_rock_medium_3"}
{"ctxid":0,"pos":[638.44812,-910.853149,123.368546],"rotationMatrix":[-0.844948471,0.534847736,0,-0.534847736,-0.844948471,0,0,0,1],"scale":1.16406476,"type":"pac_rock_medium_3"}
{"ctxid":0,"pos":[645.795105,-935.916504,127.893936],"rotationMatrix":[-0.819219768,0.573479712,0,-0.573479712,-0.819219768,0,0,0,1],"scale":1.18651319,"type":"pac_rock_medium_3"}
{"ctxid":0,"pos":[649.974792,-938.55835,123.589905],"rotationMatrix":[-0.132717773,0.991153896,0,-0.991153896,-0.132717773,0,0,0,1],"scale":1.19906151,"type":"pac_rock_medium_3"}
{"ctxid":0,"pos":[652.912048,-941.05304,123.576149],"rotationMatrix":[0.961040974,-0.27640599,0,0.27640599,0.961040974,0,0,0,1],"scale":1.15764832,"type":"pac_rock_medium_3"}
{"ctxid":0,"pos":[653.741333,-943.996338,123.901573],"rotationMatrix":[-0.570384264,0.821377993,0,-0.821377993,-0.570384264,0,0,0,1],"scale":0.916371703,"type":"pac_rock_medium_3"}
{"ctxid":0,"pos":[647.704468,-935.517578,123.164093],"rotationMatrix":[-0.0563001037,-0.99841392,0,0.99841392,-0.0563001037,0,0,0,1],"scale":1.19277954,"type":"pac_rock_medium_3"}
{"ctxid":0,"pos":[659.817139,-944.860291,122.861206],"rotationMatrix":[-0.962820709,-0.270141214,0,0.270141214,-0.962820709,0,0,0,1],"scale":1.05439639,"type":"pac_rock_medium_3"}
{"ctxid":0,"pos":[654.857849,-943.80603,123.369415],"rotationMatrix":[0.511771321,0.85912174,0,-0.85912174,0.511771321,0,0,0,1],"scale":1.04551268,"type":"pac_rock_medium_3"}
{"ctxid":0,"pos":[647.674683,-927.370056,122.800728],"rotationMatrix":[0.972116411,-0.234498769,0,0.234498769,0.972116411,0,0,0,1],"scale":1.17162454,"type":"pac_rock_medium_3"}
{"ctxid":0,"pos":[644.09613,-928.077087,123.238487],"rotationMatrix":[-0.753006399,-0.658013225,0,0.658013225,-0.753006399,0,0,0,1],"scale":1.04789948,"type":"pac_rock_medium_3"}
{"ctxid":0,"pos":[627.606567,-921.90686,123.859352],"rotationMatrix":[0.960868776,-0.277003944,0,0.277003944,0.960868776,0,0,0,1],"scale":0.919080794,"type":"pac_rock_medium_3"}
{"ctxid":0,"pos":[619.367615,-919.302307,123.947502],"rotationMatrix":[0.804484069,0.593974233,0,-0.593974233,0.804484069,0,0,0,1],"scale":1.06393683,"type":"pac_rock_medium_3"}
{"ctxid":0,"pos":[630.353516,-925.275452,123.819771],"rotationMatrix":[-0.99860698,-0.0527650863,0,0.0527650863,-0.99860698,0,0,0,1],"scale":1.02401793,"type":"pac_rock_medium_3"}
{"ctxid":0,"pos":[622.408508,-925.775146,129.189316],"rotationMatrix":[0.763306797,-0.646036148,0,0.646036148,0.763306797,0,0,0,1],"scale":1.09776807,"type":"pac_rock_medium_3"}
{"ctxid":0,"pos":[655.2948,-954.902893,126.602104],"rotationMatrix":[0.64686507,0.762604475,0,-0.762604475,0.64686507,0,0,0,1],"scale":1.12678027,"type":"pac_rock_medium_3"}
{"ctxid":0,"pos":[655.25116,-960.57959,126.329475],"rotationMatrix":[-0.337108493,0.941465795,0,-0.941465795,-0.337108493,0,0,0,1],"scale":0.901316881,"type":"pac_rock_medium_3"}
{"ctxid":0,"pos":[651.601318,-971.176636,123.174095],"rotationMatrix":[-0.852923155,0.522036493,0,-0.522036493,-0.852923155,0,0,0,1],"scale":0.84338963,"type":"pac_rock_medium_3"}
{"ctxid":0,"pos":[648.240356,-969.743835,123.942657],"rotationMatrix":[-0.966876864,0.255243361,0,-0.255243361,-0.966876864,0,0,0,1],"scale":0.881308019,"type":"pac_rock_medium_3"}
{"ctxid":0,"pos":[649.136597,-966.462585,124.196449],"rotationMatrix":[-0.94671917,-0.322060227,0,0.322060227,-0.94671917,0,0,0,1],"scale":0.846705139,"type":"pac_rock_medium_3"}
{"ctxid":0,"pos":[630.520691,-980.57312,123.891388],"rotationMatrix":[-0.91024369,-0.41407299,0,0.41407299,-0.91024369,0,0,0,1],"scale":0.933489621,"type":"pac_rock_medium_3"}
{"ctxid":0,"pos":[625.029602,-984.476379,122.947609],"rotationMatrix":[0.99926573,0.0383148007,0,-0.0383148007,0.99926573,0,0,0,1],"scale":0.915227473,"type":"pac_rock_medium_3"}
{"ctxid":0,"pos":[620.085876,-980.491455,124.01104],"rotationMatrix":[0.999055684,0.0434474684,0,-0.0434474684,0.999055684,0,0,0,1],"scale":0.908650696,"type":"pac_rock_medium_3"}
{"ctxid":0,"pos":[614.635071,-982.570374,123.636436],"rotationMatrix":[-0.12703456,-0.991898298,0,0.991898298,-0.12703456,0,0,0,1],"scale":1.061427,"type":"pac_rock_medium_3"}
{"ctxid":0,"pos":[601.021729,-976.126099,123.578018],"rotationMatrix":[-0.674003482,-0.738728166,0,0.738728166,-0.674003482,0,0,0,1],"scale":1.18194973,"type":"pac_rock_medium_3"}
{"ctxid":0,"pos":[602.380859,-976.236633,123.710808],"rotationMatrix":[0.998845041,-0.0480482243,0,0.0480482243,0.998845041,0,0,0,1],"scale":1.13191879,"type":"pac_rock_medium_3"}
{"ctxid":0,"pos":[641.940308,-981.376892,122.551384],"rotationMatrix":[-0.195782036,0.980647445,0,-0.980647445,-0.195782036,0,0,0,1],"scale":1.1886611,"type":"pac_rock_medium_3"}
{"ctxid":0,"pos":[576.466431,-978.787903,123.710342],"rotationMatrix":[-0.700567484,0.713586152,0,-0.713586152,-0.700567484,0,0,0,1],"scale":1.11316705,"type":"pac_rock_medium_3"}
{"ctxid":0,"pos":[562.77002,-977.849304,123.654366],"rotationMatrix":[-0.848667085,0.528927386,0,-0.528927386,-0.848667085,0,0,0,1],"scale":1.14784026,"type":"pac_rock_medium_3"}
{"ctxid":0,"pos":[640.230164,-883.530212,123.542786],"rotationMatrix":[0.907993615,0.418984056,0,-0.418984056,0.907993615,0,0,0,1],"scale":1.09127164,"type":"pac_rock_medium_3"}
{"ctxid":0,"pos":[646.234314,-887.325989,122.745949],"rotationMatrix":[-0.787734032,0.616015494,0,-0.616015494,-0.787734032,0,0,0,1],"scale":1.06076467,"type":"pac_rock_medium_3"}
{"ctxid":0,"pos":[642.919678,-885.770569,123.508263],"rotationMatrix":[-0.978050351,-0.208368674,0,0.208368674,-0.978050351,0,0,0,1],"scale":0.937919021,"type":"pac_rock_medium_3"}
{"ctxid":0,"pos":[645.800415,-881.991211,122.840256],"rotationMatrix":[0.21968624,-0.97557056,0,0.97557056,0.21968624,0,0,0,1],"scale":1.01232243,"type":"pac_rock_medium_3"}
{"ctxid":0,"pos":[636.957153,-876.939819,123.229828],"rotationMatrix":[-0.981568158,0.19111225,0,-0.19111225,-0.981568158,0,0,0,1],"scale":1.13088286,"type":"pac_rock_medium_3"}
{"ctxid":0,"pos":[641.77832,-877.356873,122.662292],"rotationMatrix":[-0.441660374,0.897182345,0,-0.897182345,-0.441660374,0,0,0,1],"scale":0.991868913,"type":"pac_rock_medium_3"}
{"ctxid":0,"pos":[645.538696,-896.665344,123.382149],"rotationMatrix":[-0.898134887,-0.439720005,0,0.439720005,-0.898134887,0,0,0,1],"scale":1.09765244,"type":"pac_rock_medium_3"}
{"ctxid":0,"pos":[644.438721,-894.091125,123.608696],"rotationMatrix":[0.973136723,0.230228052,0,-0.230228052,0.973136723,0,0,0,1],"scale":0.906439781,"type":"pac_rock_medium_3"}
{"ctxid":0,"pos":[600.432556,-842.95459,121.877121],"rotationMatrix":[-0.136082113,-0.990697563,0,0.990697563,-0.136082113,0,0,0,1],"scale":1.00952613,"type":"pac_rock_medium_3"}
{"ctxid":0,"pos":[593.410461,-843.408447,123.086029],"rotationMatrix":[0.300222516,0.953869164,0,-0.953869164,0.300222516,0,0,0,1],"scale":0.848652303,"type":"pac_rock_medium_3"}
{"ctxid":0,"pos":[590.89325,-839.900513,122.092552],"rotationMatrix":[-0.882407963,-0.470485091,0,0.470485091,-0.882407963,0,0,0,1],"scale":1.08831024,"type":"pac_rock_medium_3"}
{"ctxid":0,"pos":[607.917297,-854.549988,124.189964],"rotationMatrix":[-0.987071276,0.160281926,0,-0.160281926,-0.987071276,0,0,0,1],"scale":0.813952982,"type":"pac_rock_medium_3"}
{"ctxid":0,"pos":[615.90564,-860.506653,123.86911],"rotationMatrix":[0.295614064,-0.955307424,0,0.955307424,0.295614064,0,0,0,1],"scale":0.989845335,"type":"pac_rock_medium_3"}
{"ctxid":0,"pos":[608.918152,-854.541016,123.861153],"rotationMatrix":[-0.559752047,-0.828660131,0,0.828660131,-0.559752047,0,0,0,1],"scale":0.938437223,"type":"pac_rock_medium_3"}
{"ctxid":0,"pos":[611.151367,-851.320679,123.611755],"rotationMatrix":[-0.808684349,-0.588242829,0,0.588242829,-0.808684349,0,0,0,1],"scale":1.1237992,"type":"pac_rock_medium_3"}
{"ctxid":0,"pos":[571.404541,-845.412781,123.451126],"rotationMatrix":[0.892954588,0.450146794,0,-0.450146794,0.892954588,0,0,0,1],"scale":1.12740624,"type":"pac_rock_medium_3"}
{"ctxid":0,"pos":[578.425415,-848.33313,123.988983],"rotationMatrix":[0.987930238,-0.154899433,0,0.154899433,0.987930238,0,0,0,1],"scale":0.834566414,"type":"pac_rock_medium_3"}
{"ctxid":0,"pos":[512.178528,-897.598572,124.474747],"rotationMatrix":[0.991574943,-0.129534423,0,0.129534423,0.991574943,0,0,0,1],"scale":0.868711889,"type":"pac_rock_medium_3"}
{"ctxid":0,"pos":[515.869507,-829.268982,123.154205],"rotationMatrix":[0.376058251,0.926596045,0,-0.926596045,0.376058251,0,0,0,1],"scale":1.13931334,"type":"pac_rock_medium_3"}
{"ctxid":0,"pos":[507.39682,-829.349487,124.367752],"rotationMatrix":[0.967932045,0.25121209,0,-0.25121209,0.967932045,0,0,0,1],"scale":1.1574707,"type":"pac_rock_medium_3"}
{"ctxid":0,"pos":[500.707275,-822.970886,123.266083],"rotationMatrix":[0.988841951,0.148968443,0,-0.148968443,0.988841951,0,0,0,1],"scale":1.11043549,"type":"pac_rock_medium_3"}
{"ctxid":0,"pos":[494.502045,-821.279053,123.353104],"rotationMatrix":[-0.164512381,0.986375034,0,-0.986375034,-0.164512381,0,0,0,1],"scale":1.06664193,"type":"pac_rock_medium_3"}
{"ctxid":0,"pos":[480.618866,-819.980835,123.694183],"rotationMatrix":[0.270415902,-0.96274358,0,0.96274358,0.270415902,0,0,0,1],"scale":0.902599752,"type":"pac_rock_medium_3"}
{"ctxid":0,"pos":[785.048462,951.895142,151.260422],"rotationMatrix":[-0.99224174,-0.124323353,0,0.124323353,-0.99224174,0,0,0,1],"scale":0.963689268,"type":"pac_rock_medium_3"}
{"ctxid":0,"pos":[783.489197,951.482483,151.379089],"rotationMatrix":[0.631816626,0.775117874,0,-0.775117874,0.631816626,0,0,0,1],"scale":0.854130626,"type":"pac_rock_medium_3"}
{"ctxid":0,"pos":[787.760254,946.335876,148.501938],"rotationMatrix":[0.292586565,-0.936331868,-0.194102332,0.948669612,0.258737743,0.181881398,-0.120079741,-0.237355024,0.963972747],"scale":1.16025221,"type":"pac_rock_medium_3"}
{"ctxid":0,"pos":[-204.401413,-210.392212,130.056442],"rotationMatrix":[0.932791412,0.36041674,0,-0.36041674,0.932791412,0,0,0,1],"scale":1.112957,"type":"pac_rock_medium_3"}
{"ctxid":0,"pos":[-190.511673,-202.602463,129.987228],"rotationMatrix":[0.92904377,0.369969934,0,-0.369969934,0.92904377,0,0,0,1],"scale":1.09139347,"type":"pac_rock_medium_3"}
{"ctxid":0,"pos":[-189.622299,-201.729126,130.060196],"rotationMatrix":[-0.968345284,0.249614596,0,-0.249614596,-0.968345284,0,0,0,1],"scale":1.09427512,"type":"pac_rock_medium_3"}
{"ctxid":0,"pos":[-185.907623,-200.789322,130.637802],"rotationMatrix":[0.958880782,0.283809245,0,-0.283809245,0.958880782,0,0,0,1],"scale":0.950901985,"type":"pac_rock_medium_3"}
{"ctxid":0,"pos":[-180.713928,-202.361313,130.173965],"rotationMatrix":[0.918276906,0.395938843,0,-0.395938843,0.918276906,0,0,0,1],"scale":1.00361156,"type":"pac_rock_medium_3"}
{"ctxid":0,"pos":[-166.570099,-199.990479,130.196152],"rotationMatrix":[-0.815349579,0.578969002,0,-0.578969002,-0.815349579,0,0,0,1],"scale":0.823782802,"type":"pac_rock_medium_3"}
{"ctxid":0,"pos":[-185.041748,-202.290787,130.022064],"rotationMatrix":[-0.380713761,0.924692869,0,-0.924692869,-0.380713761,0,0,0,1],"scale":1.13366139,"type":"pac_rock_medium_3"}
{"ctxid":0,"pos":[-185.814728,-217.852509,129.671005],"rotationMatrix":[-0.975209713,-0.221282318,0,0.221282318,-0.975209713,0,0,0,1],"scale":1.12241256,"type":"pac_rock_medium_3"}
{"ctxid":0,"pos":[-186.190216,-221.011703,130.396378],"rotationMatrix":[-0.587871313,-0.808954358,0,0.808954358,-0.587871313,0,0,0,1],"scale":1.17126441,"type":"pac_rock_medium_3"}
{"ctxid":0,"pos":[-187.367203,-220.974945,130.370789],"rotationMatrix":[0.781515062,-0.623886347,0,0.623886347,0.781515062,0,0,0,1],"scale":0.987690687,"type":"pac_rock_medium_3"}
{"ctxid":0,"pos":[-189.6203,-222.830093,130.642715],"rotationMatrix":[-0.832264423,0.554378927,0,-0.554378927,-0.832264423,0,0,0,1],"scale":0.864527762,"type":"pac_rock_medium_3"}
{"ctxid":0,"pos":[-190.85907,-226.1754,131.22139],"rotationMatrix":[-0.878796399,-0.477196872,0,0.477196872,-0.878796399,0,0,0,1],"scale":1.1618638,"type":"pac_rock_medium_3"}
{"ctxid":0,"pos":[-143.665344,-196.488449,129.804901],"rotationMatrix":[-0.834453285,0.551078677,0,-0.551078677,-0.834453285,0,0,0,1],"scale":1.1066699,"type":"pac_rock_medium_3"}
{"ctxid":0,"pos":[-150.259323,-196.325378,130.399704],"rotationMatrix":[-0.289442211,-0.957195461,0,0.957195461,-0.289442211,0,0,0,1],"scale":0.956347466,"type":"pac_rock_medium_3"}
{"ctxid":0,"pos":[-133.239349,-207.408478,130.047867],"rotationMatrix":[0.8559618,0.51703912,0,-0.51703912,0.8559618,0,0,0,1],"scale":0.893983841,"type":"pac_rock_medium_3"}
