{"ctxid":0,"pos":[765.05835,943.113098,153.430038],"rotationMatrix":[-0.396775156,0.917915821,0,-0.917915821,-0.396775156,0,0,0,1],"scale":1.0123564,"type":"pac_rock_medium_1"}
{"ctxid":0,"pos":[763.726257,941.42804,153.376923],"rotationMatrix":[0.121178597,-0.210899144,-0.969967723,0.988352656,0.116259933,0.0981971323,0.092058681,-0.970569491,0.222530931],"scale":1.01758277,"type":"pac_rock_medium_1"}
{"ctxid":0,"pos":[789.56665,958.344788,152.097626],"rotationMatrix":[0.506284177,-0.197450176,0.839457989,-0.862366676,-0.11592041,0.492834777,0,-0.973435104,-0.228963137],"scale":0.920014739,"type":"pac_rock_medium_1"}
{"ctxid":0,"pos":[801.812805,917.025757,149.123108],"rotationMatrix":[-0.18583411,0.851675153,-0.490015507,0.147740155,0.517252028,0.842984796,0.971410632,0.0842603743,-0.221949652],"scale":1.19918418,"type":"pac_rock_medium_1"}
{"ctxid":0,"pos":[805.439941,916.758362,156.197083],"rotationMatrix":[-0.238823533,0.936462283,0.256907344,-0.970232844,-0.241053313,-0.0232655928,0.04014102,-0.254816353,0.966155946],"scale":0.683110297,"type":"pac_rock_medium_1"}
{"ctxid":0,"pos":[680.977234,715.704468,155.118286],"rotationMatrix":[0.920792639,-0.390052468,0,0.390052468,0.920792639,0,0,0,1],"scale":1.15587413,"type":"pac_rock_medium_1"}
{"ctxid":0,"pos":[667.605957,722.972229,152.794571],"rotationMatrix":[-0.532452643,-0.846459806,0,0.846459806,-0.532452643,0,0,0,1],"scale":1.09013104,"type":"pac_rock_medium_1"}
{"ctxid":0,"pos":[-108.905418,-428.769348,128.787384],"rotationMatrix":[-0.911031008,-0.41233781,0,0.41233781,-0.911031008,0,0,0,1],"scale":1.15487266,"type":"pac_rock_medium_1"}
{"ctxid":0,"pos":[-169.546387,-439.332031,129.817139],"rotationMatrix":[-0.399502695,-0.916732013,0,0.916732013,-0.399502695,0,0,0,1],"scale":0.959166884,"type":"pac_rock_medium_1"}
{"ctxid":0,"pos":[-182.566345,-439.113892,130.381226],"rotationMatrix":[0.993780732,0.111354493,0,-0.111354493,0.993780732,0,0,0,1],"scale":0.985551775,"type":"pac_rock_medium_1"}
{"ctxid":0,"pos":[-197.054001,-440.599762,130.903946],"rotationMatrix":[-0.254915863,-0.966963232,0,0.966963232,-0.254915863,0,0,0,1],"scale":0.937991619,"type":"pac_rock_medium_1"}
{"ctxid":0,"pos":[-175.38353,-439.735901,130.510117],"rotationMatrix":[-0.366165072,-0.93054992,0,0.93054992,-0.366165072,0,0,0,1],"scale":0.81361413,"type":"pac_rock_medium_1"}
{"ctxid":0,"pos":[-206.830597,-421.375793,130.175171],"rotationMatrix":[0.79686898,0.604152203,0,-0.604152203,0.79686898,0,0,0,1],"scale":1.01321459,"type":"pac_rock_medium_1"}
{"ctxid":0,"pos":[-212.446472,-421.513916,130.513275],"rotationMatrix":[-0.608932078,-0.793222368,0,0.793222368,-0.608932078,0,0,0,1],"scale":1.08810258,"type":"pac_rock_medium_1"}
{"ctxid":0,"pos":[-197.733368,-422.932983,130.302719],"rotationMatrix":[-0.365794092,-0.930695772,0,0.930695772,-0.365794092,0,0,0,1],"scale":0.958729923,"type":"pac_rock_medium_1"}
{"ctxid":0,"pos":[-183.413681,-425.141449,130.069107],"rotationMatrix":[0.731730223,-0.681594372,0,0.681594372,0.731730223,0,0,0,1],"scale":0.812978506,"type":"pac_rock_medium_1"}
{"ctxid":0,"pos":[-185.41832,-423.811127,130.063705],"rotationMatrix":[-0.773861945,0.633354306,0,-0.633354306,-0.773861945,0,0,0,1],"scale":0.845573902,"type":"pac_rock_medium_1"}
{"ctxid":0,"pos":[-172.114075,-423.3414,130.22345],"rotationMatrix":[0.0848975554,-0.996389687,0,0.996389687,0.0848975554,0,0,0,1],"scale":1.00368953,"type":"pac_rock_medium_1"}
{"ctxid":0,"pos":[-152.555038,-423.112366,129.629349],"rotationMatrix":[0.992643118,0.121077113,0,-0.121077113,0.992643118,0,0,0,1],"scale":1.00106502,"type":"pac_rock_medium_1"}
{"ctxid":0,"pos":[-157.963089,-422.816071,129.961212],"rotationMatrix":[-0.143212482,-0.989691973,0,0.989691973,-0.143212482,0,0,0,1],"scale":0.958464801,"type":"pac_rock_medium_1"}
{"ctxid":0,"pos":[-178.88208,-422.90332,130.237488],"rotationMatrix":[-0.343973398,0.938979387,0,-0.938979387,-0.343973398,0,0,0,1],"scale":1.1287359,"type":"pac_rock_medium_1"}
{"ctxid":0,"pos":[-182.038223,-429.131653,129.572571],"rotationMatrix":[0.17997089,0.983671963,0,-0.983671963,0.17997089,0,0,0,1],"scale":1.04533648,"type":"pac_rock_medium_1"}
{"ctxid":0,"pos":[-183.045593,-434.037811,129.622467],"rotationMatrix":[-0.710608244,-0.703587949,0,0.703587949,-0.710608244,0,0,0,1],"scale":1.18441212,"type":"pac_rock_medium_1"}
{"ctxid":0,"pos":[-189.792313,-435.328613,129.390213],"rotationMatrix":[-0.0302993599,-0.999540865,0,0.999540865,-0.0302993599,0,0,0,1],"scale":0.9311831,"type":"pac_rock_medium_1"}
{"ctxid":0,"pos":[-187.507294,-431.009613,129.434448],"rotationMatrix":[0.749711692,-0.661764562,0,0.661764562,0.749711692,0,0,0,1],"scale":0.950074077,"type":"pac_rock_medium_1"}
{"ctxid":0,"pos":[-196.290726,-427.52066,129.813492],"rotationMatrix":[-0.628700197,0.777647793,0,-0.777647793,-0.628700197,0,0,0,1],"scale":0.820951045,"type":"pac_rock_medium_1"}
{"ctxid":0,"pos":[-174.18486,-427.077881,129.396423],"rotationMatrix":[-0.99124521,0.132033959,0,-0.132033959,-0.99124521,0,0,0,1],"scale":1.02949929,"type":"pac_rock_medium_1"}
{"ctxid":0,"pos":[-154.281738,-432.752625,127.561325],"rotationMatrix":[0.906325638,0.422580004,0,-0.422580004,0.906325638,0,0,0,1],"scale":1.1256665,"type":"pac_rock_medium_1"}
{"ctxid":0,"pos":[-154.317017,-435.611603,127.764755],"rotationMatrix":[0.873559594,0.486717135,0,-0.486717135,0.873559594,0,0,0,1],"scale":1.01710367,"type":"pac_rock_medium_1"}
{"ctxid":0,"pos":[-172.647018,-439.587921,129.971069],"rotationMatrix":[-0.951850295,0.306563199,0,-0.306563199,-0.951850295,0,0,0,1],"scale":1.10151708,"type":"pac_rock_medium_1"}
{"ctxid":0,"pos":[-168.752136,-438.412659,129.497696],"rotationMatrix":[0.835642099,0.549274325,0,-0.549274325,0.835642099,0,0,0,1],"scale":1.0170337,"type":"pac_rock_medium_1"}
{"ctxid":0,"pos":[-168.976227,-434.776398,128.425064],"rotationMatrix":[0.883680999,-0.46808967,0,0.46808967,0.883680999,0,0,0,1],"scale":1.08751798,"type":"pac_rock_medium_1"}
{"ctxid":0,"pos":[-174.095108,-435.426422,128.978729],"rotationMatrix":[-0.282060921,0.959396482,0,-0.959396482,-0.282060921,0,0,0,1],"scale":1.08607066,"type":"pac_rock_medium_1"}
{"ctxid":0,"pos":[-213.145142,-445.407867,131.746613],"rotationMatrix":[0.685916364,0.727680385,0,-0.727680385,0.685916364,0,0,0,1],"scale":0.926289737,"type":"pac_rock_medium_1"}
{"ctxid":0,"pos":[-440.647614,-458.844391,131.806686],"rotationMatrix":[0.67497623,0.73783946,0,-0.73783946,0.67497623,0,0,0,1],"scale":0.916928589,"type":"pac_rock_medium_1"}
{"ctxid":0,"pos":[-414.721832,-470.341064,131.846222],"rotationMatrix":[-0.624135077,-0.781316459,0,0.781316459,-0.624135077,0,0,0,1],"scale":1.03746104,"type":"pac_rock_medium_1"}
{"ctxid":0,"pos":[-412.839081,-469.803284,131.910904],"rotationMatrix":[0.887478769,-0.4608486,0,0.4608486,0.887478769,0,0,0,1],"scale":1.01997519,"type":"pac_rock_medium_1"}
{"ctxid":0,"pos":[-374.94632,-471.5,131.729462],"rotationMatrix":[0.70001179,0.714131296,0,-0.714131296,0.70001179,0,0,0,1],"scale":1.19419932,"type":"pac_rock_medium_1"}
{"ctxid":0,"pos":[-375.570923,-471.016541,131.870178],"rotationMatrix":[0.55219543,0.833714664,0,-0.833714664,0.55219543,0,0,0,1],"scale":0.883950889,"type":"pac_rock_medium_1"}
{"ctxid":0,"pos":[-376.275848,-468.718414,132.100693],"rotationMatrix":[-0.998301923,-0.0582516789,0,0.0582516789,-0.998301923,0,0,0,1],"scale":0.828076541,"type":"pac_rock_medium_1"}
{"ctxid":0,"pos":[-411.166473,-482.043793,130.41806],"rotationMatrix":[0.671958625,0.740588725,0,-0.740588725,0.671958625,0,0,0,1],"scale":1.1988523,"type":"pac_rock_medium_1"}
{"ctxid":0,"pos":[-415.958405,-479.222778,130.843979],"rotationMatrix":[0.916678309,0.399625987,0,-0.399625987,0.916678309,0,0,0,1],"scale":0.982241035,"type":"pac_rock_medium_1"}
{"ctxid":0,"pos":[-388.339508,-481.423706,130.433746],"rotationMatrix":[-0.785820663,0.618454456,0,-0.618454456,-0.785820663,0,0,0,1],"scale":1.05289102,"type":"pac_rock_medium_1"}
{"ctxid":0,"pos":[-436.421906,-471.675446,130.927109],"rotationMatrix":[-0.163448378,0.986551881,0,-0.986551881,-0.163448378,0,0,0,1],"scale":0.800338566,"type":"pac_rock_medium_1"}
{"ctxid":0,"pos":[-425.442474,-476.864105,130.522751],"rotationMatrix":[-0.720157743,0.693810344,0,-0.693810344,-0.720157743,0,0,0,1],"scale":1.15750647,"type":"pac_rock_medium_1"}
{"ctxid":0,"pos":[-432.240234,-475.656006,129.616058],"rotationMatrix":[-0.695929945,0.718109667,0,-0.718109667,-0.695929945,0,0,0,1],"scale":1.04789603,"type":"pac_rock_medium_1"}
{"ctxid":0,"pos":[-452.42746,-445.525848,130.886124],"rotationMatrix":[0.117051303,-0.993125856,0,0.993125856,0.117051303,0,0,0,1],"scale":0.850679874,"type":"pac_rock_medium_1"}
{"ctxid":0,"pos":[-442.898865,-455.496368,131.811813],"rotationMatrix":[0.190517724,0.981683731,0,-0.981683731,0.190517724,0,0,0,1],"scale":1.05151105,"type":"pac_rock_medium_1"}
{"ctxid":0,"pos":[-435.942505,-486.030762,129.379181],"rotationMatrix":[0.545752287,-0.837946594,0,0.837946594,0.545752287,0,0,0,1],"scale":0.895763338,"type":"pac_rock_medium_1"}
{"ctxid":0,"pos":[-449.318054,-480.847229,129.887772],"rotationMatrix":[-0.534982383,-0.844863236,0,0.844863236,-0.534982383,0,0,0,1],"scale":1.09229875,"type":"pac_rock_medium_1"}
{"ctxid":0,"pos":[-453.911987,-483.427246,131.577866],"rotationMatrix":[-0.574707091,-0.818359196,0,0.818359196,-0.574707091,0,0,0,1],"scale":0.975251496,"type":"pac_rock_medium_1"}
{"ctxid":0,"pos":[-445.608704,-487.293945,131.969238],"rotationMatrix":[0.180740073,0.983530879,0,-0.983530879,0.180740073,0,0,0,1],"scale":0.945159912,"type":"pac_rock_medium_1"}
{"ctxid":0,"pos":[-336.05603,-492.943665,132.155182],"rotationMatrix":[0.826652527,0.562712729,0,-0.562712729,0.826652527,0,0,0,1],"scale":1.09584236,"type":"pac_rock_medium_1"}
{"ctxid":0,"pos":[-372.535553,-499.154388,132.445068],"rotationMatrix":[-0.847545624,0.530722558,0,-0.530722558,-0.847545624,0,0,0,1],"scale":0.908741593,"type":"pac_rock_medium_1"}
{"ctxid":0,"pos":[-362.048248,-500.224823,132.832794],"rotationMatrix":[0.0167519487,0.999859691,0,-0.999859691,0.0167519487,0,0,0,1],"scale":1.17329049,"type":"pac_rock_medium_1"}
{"ctxid":0,"pos":[-362.09137,-501.281403,133.026932],"rotationMatrix":[0.534680665,0.84505415,0,-0.84505415,0.534680665,0,0,0,1],"scale":0.875537813,"type":"pac_rock_medium_1"}
{"ctxid":0,"pos":[-366.660706,-499.032837,133.188995],"rotationMatrix":[0.96181649,-0.273695141,0,0.273695141,0.96181649,0,0,0,1],"scale":1.022331,"type":"pac_rock_medium_1"}
{"ctxid":0,"pos":[-366.438263,-491.716614,130.429245],"rotationMatrix":[0.156100914,-0.987741113,0,0.987741113,0.156100914,0,0,0,1],"scale":0.874132335,"type":"pac_rock_medium_1"}
{"ctxid":0,"pos":[-362.09137,-501.281403,133.026947],"rotationMatrix":[0.534680665,0.84505415,0,-0.84505415,0.534680665,0,0,0,1],"scale":0.899917424,"type":"pac_rock_medium_1"}
{"ctxid":0,"pos":[-404.704468,-459.641998,133.235382],"rotationMatrix":[0.348773152,0.937207162,0,-0.937207162,0.348773152,0,0,0,1],"scale":1.17084253,"type":"pac_rock_medium_1"}
{"ctxid":0,"pos":[-399.190674,-455.611786,133.423279],"rotationMatrix":[-0.0888922662,0.996041238,0,-0.996041238,-0.0888922662,0,0,0,1],"scale":0.890751064,"type":"pac_rock_medium_1"}
{"ctxid":0,"pos":[-350.692413,-474.514313,131.455582],"rotationMatrix":[0.662484944,-0.749075174,0,0.749075174,0.662484944,0,0,0,1],"scale":0.817128658,"type":"pac_rock_medium_1"}
{"ctxid":0,"pos":[-350.341064,-480.552277,131.250107],"rotationMatrix":[-0.914513588,-0.404555172,0,0.404555172,-0.914513588,0,0,0,1],"scale":1.05601418,"type":"pac_rock_medium_1"}
{"ctxid":0,"pos":[-358.757751,-475.045135,131.226425],"rotationMatrix":[-0.992174447,-0.124859162,0,0.124859162,-0.992174447,0,0,0,1],"scale":1.05598342,"type":"pac_rock_medium_1"}
{"ctxid":0,"pos":[-359.66568,-487.150696,131.504639],"rotationMatrix":[0.222077459,-0.975029051,0,0.975029051,0.222077459,0,0,0,1],"scale":0.981048465,"type":"pac_rock_medium_1"}
{"ctxid":0,"pos":[-351.720764,-491.786743,131.217773],"rotationMatrix":[0.217774242,-0.975999177,0,0.975999177,0.217774242,0,0,0,1],"scale":0.947969794,"type":"pac_rock_medium_1"}
{"ctxid":0,"pos":[-347.892059,-495.26355,131.241959],"rotationMatrix":[0.217380092,0.976087034,0,-0.976087034,0.217380092,0,0,0,1],"scale":0.838691711,"type":"pac_rock_medium_1"}
{"ctxid":0,"pos":[-346.311829,-491.219086,130.617783],"rotationMatrix":[-0.381902784,0.924202502,0,-0.924202502,-0.381902784,0,0,0,1],"scale":1.138358,"type":"pac_rock_medium_1"}
{"ctxid":0,"pos":[529.65564,-952.97583,123.494316],"rotationMatrix":[-0.389423311,-0.921058893,0,0.921058893,-0.389423311,0,0,0,1],"scale":1.12161613,"type":"pac_rock_medium_1"}
{"ctxid":0,"pos":[529.041931,-958.020996,123.459648],"rotationMatrix":[0.599586964,0.800309658,0,-0.800309658,0.599586964,0,0,0,1],"scale":0.914824307,"type":"pac_rock_medium_1"}
{"ctxid":0,"pos":[534.454163,-956.761169,123.623543],"rotationMatrix":[-0.82790792,-0.560864031,0,0.560864031,-0.82790792,0,0,0,1],"scale":1.06838608,"type":"pac_rock_medium_1"}
{"ctxid":0,"pos":[570.834656,-855.115845,124.049126],"rotationMatrix":[-0.451884985,-0.892076194,0,0.892076194,-0.451884985,0,0,0,1],"scale":1.0690099,"type":"pac_rock_medium_1"}
{"ctxid":0,"pos":[568.823608,-855.573181,123.813316],"rotationMatrix":[-0.97205478,-0.234754086,0,0.234754086,-0.97205478,0,0,0,1],"scale":1.05792272,"type":"pac_rock_medium_1"}
{"ctxid":0,"pos":[571.382202,-846.539795,123.672745],"rotationMatrix":[0.774983466,-0.631981492,0,0.631981492,0.774983466,0,0,0,1],"scale":1.14056075,"type":"pac_rock_medium_1"}
{"ctxid":0,"pos":[636.134827,-904.469849,123.737473],"rotationMatrix":[0.864332497,-0.502920747,0,0.502920747,0.864332497,0,0,0,1],"scale":0.941643357,"type":"pac_rock_medium_1"}
{"ctxid":0,"pos":[632.019653,-930.795349,126.736046],"rotationMatrix":[-0.745043874,-0.667015433,0,0.667015433,-0.745043874,0,0,0,1],"scale":0.806621552,"type":"pac_rock_medium_1"}
{"ctxid":0,"pos":[637.428589,-933.089478,127.516808],"rotationMatrix":[-0.988819718,-0.149115875,0,0.149115875,-0.988819718,0,0,0,1],"scale":0.940976024,"type":"pac_rock_medium_1"}
{"ctxid":0,"pos":[657.700256,-946.758667,123.07589],"rotationMatrix":[0.0504297167,-0.99872762,0,0.99872762,0.0504297167,0,0,0,1],"scale":0.903640807,"type":"pac_rock_medium_1"}
{"ctxid":0,"pos":[636.014465,-921.642029,122.900856],"rotationMatrix":[-0.869503319,0.493927091,0,-0.493927091,-0.869503319,0,0,0,1],"scale":1.03418279,"type":"pac_rock_medium_1"}
{"ctxid":0,"pos":[638.4823,-926.791382,122.814781],"rotationMatrix":[-0.068371363,-0.997659922,0,0.997659922,-0.068371363,0,0,0,1],"scale":1.16912961,"type":"pac_rock_medium_1"}
{"ctxid":0,"pos":[657.058044,-958.002075,122.931412],"rotationMatrix":[-0.537649691,-0.843168318,0,0.843168318,-0.537649691,0,0,0,1],"scale":1.19442737,"type":"pac_rock_medium_1"}
{"ctxid":0,"pos":[645.606934,-970.989502,123.816887],"rotationMatrix":[0.523604631,0.851961374,0,-0.851961374,0.523604631,0,0,0,1],"scale":0.840411603,"type":"pac_rock_medium_1"}
{"ctxid":0,"pos":[636.879944,-979.577209,124.118431],"rotationMatrix":[0.860906124,-0.50876379,0,0.50876379,0.860906124,0,0,0,1],"scale":1.07407701,"type":"pac_rock_medium_1"}
{"ctxid":0,"pos":[635.488342,-979.702454,124.162674],"rotationMatrix":[-0.990434945,0.137980476,0,-0.137980476,-0.990434945,0,0,0,1],"scale":1.15099847,"type":"pac_rock_medium_1"}
{"ctxid":0,"pos":[628.131348,-983.629333,123.705482],"rotationMatrix":[-0.0736946389,-0.997280836,0,0.997280836,-0.0736946389,0,0,0,1],"scale":0.840517938,"type":"pac_rock_medium_1"}
{"ctxid":0,"pos":[605.307678,-982.746887,123.287483],"rotationMatrix":[-0.996513307,-0.0834341869,0,0.0834341869,-0.996513307,0,0,0,1],"scale":0.900586247,"type":"pac_rock_medium_1"}
{"ctxid":0,"pos":[590.209229,-977.837219,123.363762],"rotationMatrix":[-0.98888576,-0.148677364,0,0.148677364,-0.98888576,0,0,0,1],"scale":1.11355877,"type":"pac_rock_medium_1"}
{"ctxid":0,"pos":[625.802551,-986.052307,121.85688],"rotationMatrix":[0.817743957,0.575582147,0,-0.575582147,0.817743957,0,0,0,1],"scale":1.19149947,"type":"pac_rock_medium_1"}
{"ctxid":0,"pos":[626.828979,-985.553711,122.542587],"rotationMatrix":[-0.974691272,-0.223555177,0,0.223555177,-0.974691272,0,0,0,1],"scale":0.961493492,"type":"pac_rock_medium_1"}
{"ctxid":0,"pos":[642.260803,-986.667847,121.141533],"rotationMatrix":[-0.882455409,-0.470396072,0,0.470396072,-0.882455409,0,0,0,1],"scale":0.98786366,"type":"pac_rock_medium_1"}
{"ctxid":0,"pos":[643.300415,-984.909912,121.128822],"rotationMatrix":[0.745867312,0.666094542,0,-0.666094542,0.745867312,0,0,0,1],"scale":1.02468586,"type":"pac_rock_medium_1"}
{"ctxid":0,"pos":[640.753296,-888.548767,123.634544],"rotationMatrix":[-0.888166249,-0.459522218,0,0.459522218,-0.888166249,0,0,0,1],"scale":0.879579663,"type":"pac_rock_medium_1"}
{"ctxid":0,"pos":[635.318542,-883.725342,124.034027],"rotationMatrix":[0.715337336,0.698779285,0,-0.698779285,0.715337336,0,0,0,1],"scale":0.955897331,"type":"pac_rock_medium_1"}
{"ctxid":0,"pos":[630.765991,-875.326843,124.120209],"rotationMatrix":[-0.217923194,0.975965917,0,-0.975965917,-0.217923194,0,0,0,1],"scale":1.0818423,"type":"pac_rock_medium_1"}
{"ctxid":0,"pos":[638.943604,-874.242859,123.182037],"rotationMatrix":[-0.590733945,-0.806866407,0,0.806866407,-0.590733945,0,0,0,1],"scale":0.966338038,"type":"pac_rock_medium_1"}
{"ctxid":0,"pos":[633.08252,-870.754456,123.285645],"rotationMatrix":[-0.751955271,0.659214079,0,-0.659214079,-0.751955271,0,0,0,1],"scale":1.08734858,"type":"pac_rock_medium_1"}
{"ctxid":0,"pos":[645.042542,-887.523193,122.920563],"rotationMatrix":[0.524543107,0.851383865,0,-0.851383865,0.524543107,0,0,0,1],"scale":0.981963515,"type":"pac_rock_medium_1"}
{"ctxid":0,"pos":[605.852234,-843.912231,122.150719],"rotationMatrix":[0.57520479,0.818009436,0,-0.818009436,0.57520479,0,0,0,1],"scale":0.96926868,"type":"pac_rock_medium_1"}
{"ctxid":0,"pos":[599.35437,-843.788879,122.594574],"rotationMatrix":[0.431626916,-0.902052224,0,0.902052224,0.431626916,0,0,0,1],"scale":0.942284942,"type":"pac_rock_medium_1"}
{"ctxid":0,"pos":[568.786194,-849.843445,123.947929],"rotationMatrix":[0.830513418,-0.55699861,0,0.55699861,0.830513418,0,0,0,1],"scale":1.11560845,"type":"pac_rock_medium_1"}
{"ctxid":0,"pos":[577.759583,-849.124146,124.110268],"rotationMatrix":[-0.465089738,-0.885263562,0,0.885263562,-0.465089738,0,0,0,1],"scale":0.976549387,"type":"pac_rock_medium_1"}
{"ctxid":0,"pos":[514.67627,-898.241272,123.77269],"rotationMatrix":[-0.781672299,0.623689353,0,-0.623689353,-0.781672299,0,0,0,1],"scale":1.1200794,"type":"pac_rock_medium_1"}
{"ctxid":0,"pos":[518.50116,-893.636536,123.279533],"rotationMatrix":[-0.366640747,0.930362582,0,-0.930362582,-0.366640747,0,0,0,1],"scale":1.03443933,"type":"pac_rock_medium_1"}
{"ctxid":0,"pos":[518.540833,-842.26178,122.03466],"rotationMatrix":[0.402480274,0.915428638,0,-0.915428638,0.402480274,0,0,0,1],"scale":0.987228274,"type":"pac_rock_medium_1"}
{"ctxid":0,"pos":[514.7323,-835.844849,122.87336],"rotationMatrix":[-0.963826239,-0.266531408,0,0.266531408,-0.963826239,0,0,0,1],"scale":1.13721085,"type":"pac_rock_medium_1"}
{"ctxid":0,"pos":[515.204956,-827.557861,122.643333],"rotationMatrix":[0.621776581,0.783194661,0,-0.783194661,0.621776581,0,0,0,1],"scale":1.14387846,"type":"pac_rock_medium_1"}
{"ctxid":0,"pos":[785.513489,952.968811,151.593689],"rotationMatrix":[-0.298660725,0.954355955,-0.00260864547,-0.953133345,-0.298137367,0.0514896363,0.0483616889,0.017864313,0.998670101],"scale":1.05941486,"type":"pac_rock_medium_1"}
{"ctxid":0,"pos":[781.755066,951.782471,151.965149],"rotationMatrix":[0.552540481,0.83348608,0,-0.83348608,0.552540481,0,0,0,1],"scale":0.856342733,"type":"pac_rock_medium_1"}
{"ctxid":0,"pos":[780.897034,959.891968,150.519089],"rotationMatrix":[-0.267714679,-0.963498235,0,0.963498235,-0.267714679,0,0,0,1],"scale":1.03114176,"type":"pac_rock_medium_1"}
{"ctxid":0,"pos":[787.622314,957.248169,153.550446],"rotationMatrix":[0.778938651,0.612005115,0.136763513,0.473030627,-0.430243134,-0.768851638,-0.411699533,0.66358161,-0.624630094],"scale":1.0942589,"type":"pac_rock_medium_1"}
{"ctxid":0,"pos":[787.82135,958.596558,151.758057],"rotationMatrix":[0.805060148,-0.593193173,0,0.593193173,0.805060148,0,0,0,1],"scale":0.951410353,"type":"pac_rock_medium_1"}
{"ctxid":0,"pos":[790.874329,952.323181,149.804672],"rotationMatrix":[-0.788089752,-0.615560353,0,0.615560353,-0.788089752,0,0,0,1],"scale":0.983341277,"type":"pac_rock_medium_1"}
{"ctxid":0,"pos":[782.738708,950.828064,150.778671],"rotationMatrix":[0.571236968,-0.820785165,0,0.820785165,0.571236968,0,0,0,1],"scale":1.09212637,"type":"pac_rock_medium_1"}
{"ctxid":0,"pos":[785.730286,950.799194,151.395737],"rotationMatrix":[-0.744720399,-0.381813437,-0.547366679,-0.663972437,0.506624818,0.549974442,0.067321986,0.773013592,-0.6308074],"scale":1.39037263,"type":"pac_rock_medium_1"}
{"ctxid":0,"pos":[768.066406,928.014099,152.595428],"rotationMatrix":[-0.961047828,0.0619409233,-0.269351542,0.155303523,0.92718029,-0.34090662,0.228621453,-0.369458914,-0.900684357],"scale":0.869688928,"type":"pac_rock_medium_1"}
{"ctxid":0,"pos":[-203.511093,-211.158661,130.053497],"rotationMatrix":[-0.0458850078,0.998946726,0,-0.998946726,-0.0458850078,0,0,0,1],"scale":1.19567907,"type":"pac_rock_medium_1"}
{"ctxid":0,"pos":[-172.654724,-200.644791,130.093903],"rotationMatrix":[-0.514812946,0.857302487,0,-0.857302487,-0.514812946,0,0,0,1],"scale":0.868935347,"type":"pac_rock_medium_1"}
{"ctxid":0,"pos":[-167.168594,-202.267761,129.861832],"rotationMatrix":[-0.995310903,0.0967271477,0,-0.0967271477,-0.995310903,0,0,0,1],"scale":1.16851914,"type":"pac_rock_medium_1"}
{"ctxid":0,"pos":[-175.511169,-203.161743,129.634628],"rotationMatrix":[0.821551621,0.570134223,0,-0.570134223,0.821551621,0,0,0,1],"scale":0.857898057,"type":"pac_rock_medium_1"}
{"ctxid":0,"pos":[-176.265472,-201.863815,130.123245],"rotationMatrix":[-0.980398297,0.197025582,0,-0.197025582,-0.980398297,0,0,0,1],"scale":1.06106555,"type":"pac_rock_medium_1"}
{"ctxid":0,"pos":[-182.738754,-219.88063,130.300903],"rotationMatrix":[-0.424411535,0.905469298,0,-0.905469298,-0.424411535,0,0,0,1],"scale":0.935507238,"type":"pac_rock_medium_1"}
{"ctxid":0,"pos":[-177.656525,-218.527817,130.47554],"rotationMatrix":[0.851856947,0.523774624,0,-0.523774624,0.851856947,0,0,0,1],"scale":0.986320972,"type":"pac_rock_medium_1"}
{"ctxid":0,"pos":[-187.917984,-218.169678,128.972412],"rotationMatrix":[0.925843656,0.377906859,0,-0.377906859,0.925843656,0,0,0,1],"scale":0.831319869,"type":"pac_rock_medium_1"}
{"ctxid":0,"pos":[-193.282593,-223.885757,130.335602],"rotationMatrix":[0.743169844,-0.669102848,0,0.669102848,0.743169844,0,0,0,1],"scale":0.813975632,"type":"pac_rock_medium_1"}
{"ctxid":0,"pos":[-143.79921,-195.046967,130.075241],"rotationMatrix":[0.780976176,-0.624560714,0,0.624560714,0.780976176,0,0,0,1],"scale":1.17763853,"type":"pac_rock_medium_1"}
{"ctxid":0,"pos":[-151.071182,-199.241867,129.596786],"rotationMatrix":[0.905918837,0.423451483,0,-0.423451483,0.905918837,0,0,0,1],"scale":0.810203195,"type":"pac_rock_medium_1"}
{"ctxid":0,"pos":[-138.600708,-208.843323,129.986893],"rotationMatrix":[0.81921494,0.573486745,0,-0.573486745,0.81921494,0,0,0,1],"scale":1.02328253,"type":"pac_rock_medium_1"}
{"ctxid":0,"pos":[-116.937302,-201.413818,130.31279],"rotationMatrix":[0.776249051,-0.630426228,0,0.630426228,0.776249051,0,0,0,1],"scale":1.1914326,"type":"pac_rock_medium_1"}
{"ctxid":0,"pos":[-127.918953,-189.466064,129.720322],"rotationMatrix":[-0.634509623,0.772914827,0,-0.772914827,-0.634509623,0,0,0,1],"scale":0.89969635,"type":"pac_rock_medium_1"}
{"ctxid":0,"pos":[-197.264664,-242.226776,131.354065],"rotationMatrix":[-0.83743763,-0.546533048,0,0.546533048,-0.83743763,0,0,0,1],"scale":1.09469366,"type":"pac_rock_medium_1"}
{"ctxid":0,"pos":[-199.420517,-237.428024,130.4953],"rotationMatrix":[-0.211975709,0.977274895,0,-0.977274895,-0.211975709,0,0,0,1],"scale":1.0424273,"type":"pac_rock_medium_1"}
{"ctxid":0,"pos":[-216.841034,-237.221939,130.668442],"rotationMatrix":[0.96560657,-0.260007501,0,0.260007501,0.96560657,0,0,0,1],"scale":1.19049501,"type":"pac_rock_medium_1"}
{"ctxid":0,"pos":[-217.919601,-238.473969,130.949539],"rotationMatrix":[-0.559864223,0.828584254,0,-0.828584254,-0.559864223,0,0,0,1],"scale":1.09703124,"type":"pac_rock_medium_1"}
{"ctxid":0,"pos":[-212.301025,-224.290359,130.390915],"rotationMatrix":[0.760175407,-0.649717927,0,0.649717927,0.760175407,0,0,0,1],"scale":1.13094568,"type":"pac_rock_medium_1"}
{"ctxid":0,"pos":[-214.080185,-261.38736,128.540039],"rotationMatrix":[0.999449849,0.0331649184,0,-0.0331649184,0.999449849,0,0,0,1],"scale":0.929347515,"type":"pac_rock_medium_1"}
{"ctxid":0,"pos":[-218.648651,-261.599304,129.971786],"rotationMatrix":[0.751455545,-0.659783661,0,0.659783661,0.751455545,0,0,0,1],"scale":1.0034343,"type":"pac_rock_medium_1"}
{"ctxid":0,"pos":[-202.306122,-257.948822,130.244812],"rotationMatrix":[-0.762587488,0.646885097,0,-0.646885097,-0.762587488,0,0,0,1],"scale":0.922904909,"type":"pac_rock_medium_1"}
{"ctxid":0,"pos":[-198.811981,-267.499908,130.425995],"rotationMatrix":[0.57264179,0.819805801,0,-0.819805801,0.57264179,0,0,0,1],"scale":1.17014706,"type":"pac_rock_medium_1"}
{"ctxid":0,"pos":[-200.619675,-265.415497,129.951553],"rotationMatrix":[-0.756819904,0.653623283,0,-0.653623283,-0.756819904,0,0,0,1],"scale":1.19877684,"type":"pac_rock_medium_1"}
{"ctxid":0,"pos":[-201.550018,-261.069366,130.285675],"rotationMatrix":[-0.518736839,0.854933858,0,-0.854933858,-0.518736839,0,0,0,1],"scale":1.04923081,"type":"pac_rock_medium_1"}
{"ctxid":0,"pos":[-215.934341,-261.725159,129.243668],"rotationMatrix":[0.999163508,-0.0408923738,0,0.0408923738,0.999163508,0,0,0,1],"scale":1.0979073,"type":"pac_rock_medium_1"}
{"ctxid":0,"pos":[-220.450211,-261.30722,130.519974],"rotationMatrix":[0.34684062,-0.937924027,0,0.937924027,0.34684062,0,0,0,1],"scale":0.974265277,"type":"pac_rock_medium_1"}
{"ctxid":0,"pos":[-219.558624,-271.495453,130.083282],"rotationMatrix":[-0.981514394,0.19138816,0,-0.19138816,-0.981514394,0,0,0,1],"scale":0.889335573,"type":"pac_rock_medium_1"}
{"ctxid":0,"pos":[-204.985291,-321.087585,130.997498],"rotationMatrix":[0.813242078,-0.581925452,0,0.581925452,0.813242078,0,0,0,1],"scale":0.867877901,"type":"pac_rock_medium_1"}
{"ctxid":0,"pos":[-208.051849,-315.173004,130.581085],"rotationMatrix":[-0.62245369,0.78265655,0,-0.78265655,-0.62245369,0,0,0,1],"scale":0.991049647,"type":"pac_rock_medium_1"}
{"ctxid":0,"pos":[-211.743912,-311.592926,130.47493],"rotationMatrix":[0.779503286,-0.626398146,0,0.626398146,0.779503286,0,0,0,1],"scale":0.938149691,"type":"pac_rock_medium_1"}
{"ctxid":0,"pos":[-196.544037,-326.649536,130.716064],"rotationMatrix":[0.121747196,0.992561102,0,-0.992561102,0.121747196,0,0,0,1],"scale":0.859957755,"type":"pac_rock_medium_1"}
{"ctxid":0,"pos":[-192.262177,-326.210266,129.829987],"rotationMatrix":[0.187000483,-0.982359827,0,0.982359827,0.187000483,0,0,0,1],"scale":1.15327191,"type":"pac_rock_medium_1"}
{"ctxid":0,"pos":[-219.854843,-286.414062,130.314972],"rotationMatrix":[0.684466958,-0.729043841,0,0.729043841,0.684466958,0,0,0,1],"scale":0.863243878,"type":"pac_rock_medium_1"}
{"ctxid":0,"pos":[-220.367859,-284.890808,130.380478],"rotationMatrix":[-0.500645876,0.865652084,0,-0.865652084,-0.500645876,0,0,0,1],"scale":0.903491497,"type":"pac_rock_medium_1"}
{"ctxid":0,"pos":[-198.918533,-291.928619,128.921188],"rotationMatrix":[-0.519254088,-0.854619861,0,0.854619861,-0.519254088,0,0,0,1],"scale":1.17622447,"type":"pac_rock_medium_1"}
{"ctxid":0,"pos":[-195.725845,-295.579926,129.561539],"rotationMatrix":[0.830993295,-0.556282282,0,0.556282282,0.830993295,0,0,0,1],"scale":0.999227107,"type":"pac_rock_medium_1"}
{"ctxid":0,"pos":[-190.003113,-299.690186,130.041824],"rotationMatrix":[-0.999197841,-0.040046148,0,0.040046148,-0.999197841,0,0,0,1],"scale":1.0185219,"type":"pac_rock_medium_1"}
{"ctxid":0,"pos":[-174.495773,-317.136108,130.343613],"rotationMatrix":[-0.425704211,0.904862344,0,-0.904862344,-0.425704211,0,0,0,1],"scale":0.816160381,"type":"pac_rock_medium_1"}
{"ctxid":0,"pos":[-164.072266,-323.445374,130.37149],"rotationMatrix":[-0.248842016,-0.968544126,0,0.968544126,-0.248842016,0,0,0,1],"scale":1.11931002,"type":"pac_rock_medium_1"}
{"ctxid":0,"pos":[-136.12674,-352.85379,130.109344],"rotationMatrix":[0.491660267,0.870787203,0,-0.870787203,0.491660267,0,0,0,1],"scale":1.01560247,"type":"pac_rock_medium_1"}
{"ctxid":0,"pos":[-134.904221,-353.734436,129.862183],"rotationMatrix":[-0.174092188,0.98472929,0,-0.98472929,-0.174092188,0,0,0,1],"scale":1.14446366,"type":"pac_rock_medium_1"}
{"ctxid":0,"pos":[-132.691162,-358.137146,129.752304],"rotationMatrix":[0.110097073,-0.993920803,0,0.993920803,0.110097073,0,0,0,1],"scale":0.882398725,"type":"pac_rock_medium_1"}
{"ctxid":0,"pos":[-131.760773,-356.998718,129.619598],"rotationMatrix":[0.977135837,-0.212615818,0,0.212615818,0.977135837,0,0,0,1],"scale":1.06883764,"type":"pac_rock_medium_1"}
{"ctxid":0,"pos":[-128.278992,-361.198273,129.750336],"rotationMatrix":[0.9317348,0.36313954,0,-0.36313954,0.9317348,0,0,0,1],"scale":0.965777278,"type":"pac_rock_medium_1"}
{"ctxid":0,"pos":[-127.950218,-359.418762,130.189972],"rotationMatrix":[-0.622433126,0.782672822,0,-0.782672822,-0.622433126,0,0,0,1],"scale":1.17751729,"type":"pac_rock_medium_1"}
{"ctxid":0,"pos":[-127.733887,-362.320404,129.433655],"rotationMatrix":[-0.946122706,-0.323808283,0,0.323808283,-0.946122706,0,0,0,1],"scale":0.980042934,"type":"pac_rock_medium_1"}
{"ctxid":0,"pos":[-121.906136,-368.514435,129.83371],"rotationMatrix":[-0.99998033,-0.00626527332,0,0.00626527332,-0.99998033,0,0,0,1],"scale":1.01578259,"type":"pac_rock_medium_1"}
{"ctxid":0,"pos":[-120.945145,-401.154938,130.591461],"rotationMatrix":[-0.823559701,0.567229629,0,-0.567229629,-0.823559701,0,0,0,1],"scale":0.842278719,"type":"pac_rock_medium_1"}
{"ctxid":0,"pos":[-81.6111145,-414.883423,129.580124],"rotationMatrix":[0.541549444,-0.840668917,0,0.840668917,0.541549444,0,0,0,1],"scale":1.18383932,"type":"pac_rock_medium_1"}
{"ctxid":0,"pos":[-88.5964127,-406.912872,129.981964],"rotationMatrix":[0.79110682,-0.611677945,0,0.611677945,0.79110682,0,0,0,1],"scale":0.865380704,"type":"pac_rock_medium_1"}
{"ctxid":0,"pos":[-94.4173889,-402.694427,129.387619],"rotationMatrix":[-0.777666032,-0.628677547,0,0.628677547,-0.777666032,0,0,0,1],"scale":1.07869017,"type":"pac_rock_medium_1"}
{"ctxid":0,"pos":[-108.407196,-383.263336,130.261398],"rotationMatrix":[-0.179740861,0.983713984,0,-0.983713984,-0.179740861,0,0,0,1],"scale":0.951944947,"type":"pac_rock_medium_1"}
{"ctxid":0,"pos":[-117.107254,-376.515106,129.936462],"rotationMatrix":[-0.604521811,-0.79658854,0,0.79658854,-0.604521811,0,0,0,1],"scale":1.14853251,"type":"pac_rock_medium_1"}
{"ctxid":0,"pos":[-120.874626,-378.917084,129.266296],"rotationMatrix":[0.984202445,-0.177046746,0,0.177046746,0.984202445,0,0,0,1],"scale":1.18326962,"type":"pac_rock_medium_1"}
{"ctxid":0,"pos":[-117.405334,-378.516846,129.522385],"rotationMatrix":[0.472697884,-0.881224513,0,0.881224513,0.472697884,0,0,0,1],"scale":0.993744969,"type":"pac_rock_medium_1"}
{"ctxid":0,"pos":[-127.328094,-390.42276,129.87674],"rotationMatrix":[0.384404272,0.923164964,0,-0.923164964,0.384404272,0,0,0,1],"scale":0.979997277,"type":"pac_rock_medium_1"}
{"ctxid":0,"pos":[-133.672791,-378.451324,128.517792],"rotationMatrix":[-0.995139182,-0.0984776244,0,0.0984776244,-0.995139182,0,0,0,1],"scale":1.19687092,"type":"pac_rock_medium_1"}
{"ctxid":0,"pos":[-124.210526,-371.566345,129.389679],"rotationMatrix":[0.141247496,0.98997438,0,-0.98997438,0.141247496,0,0,0,1],"scale":1.08842981,"type":"pac_rock_medium_1"}
{"ctxid":0,"pos":[-147.247314,-371.871948,130.525574],"rotationMatrix":[0.995485306,0.0949151739,0,-0.0949151739,0.995485306,0,0,0,1],"scale":0.886672258,"type":"pac_rock_medium_1"}
{"ctxid":0,"pos":[-154.125595,-363.323059,130.585175],"rotationMatrix":[0.99946624,0.0326678492,0,-0.0326678492,0.99946624,0,0,0,1],"scale":1.13548005,"type":"pac_rock_medium_1"}
{"ctxid":0,"pos":[-168.780045,-347.756287,129.550156],"rotationMatrix":[-0.873743773,0.486386389,0,-0.486386389,-0.873743773,0,0,0,1],"scale":0.908806443,"type":"pac_rock_medium_1"}
{"ctxid":0,"pos":[-176.016312,-341.683319,130.047852],"rotationMatrix":[0.254415095,0.967095137,0,-0.967095137,0.254415095,0,0,0,1],"scale":0.808506191,"type":"pac_rock_medium_1"}
{"ctxid":0,"pos":[-180.092087,-335.901794,129.954651],"rotationMatrix":[-0.967131376,-0.254276961,0,0.254276961,-0.967131376,0,0,0,1],"scale":0.806523919,"type":"pac_rock_medium_1"}
{"ctxid":0,"pos":[-181.083801,-335.573517,129.913528],"rotationMatrix":[0.695292771,0.718726754,0,-0.718726754,0.695292771,0,0,0,1],"scale":1.03105605,"type":"pac_rock_medium_1"}
{"ctxid":0,"pos":[-215.782669,-249.36908,130.141617],"rotationMatrix":[0.99954921,-0.0300222393,0,0.0300222393,0.99954921,0,0,0,1],"scale":0.950391769,"type":"pac_rock_medium_1"}
{"ctxid":0,"pos":[-215.39061,-242.036865,129.978073],"rotationMatrix":[-0.987477601,-0.157759368,0,0.157759368,-0.987477601,0,0,0,1],"scale":0.93534404,"type":"pac_rock_medium_1"}
{"ctxid":0,"pos":[-203.982925,-244.802414,130.033112],"rotationMatrix":[-0.382029802,-0.92414999,0,0.92414999,-0.382029802,0,0,0,1],"scale":1.00032628,"type":"pac_rock_medium_1"}
{"ctxid":0,"pos":[-198.49295,-258.62735,131.722076],"rotationMatrix":[0.490391642,0.87150228,0,-0.87150228,0.490391642,0,0,0,1],"scale":0.934520304,"type":"pac_rock_medium_1"}
{"ctxid":0,"pos":[338.191101,-530.295227,123.083122],"rotationMatrix":[-0.161059886,-0.986944616,0,0.986944616,-0.161059886,0,0,0,1],"scale":1.18593335,"type":"pac_rock_medium_1"}
{"ctxid":0,"pos":[339.781525,-538.47406,123.706886],"rotationMatrix":[-0.676143289,-0.736770093,0,0.736770093,-0.676143289,0,0,0,1],"scale":1.04719138,"type":"pac_rock_medium_1"}
{"ctxid":0,"pos":[318.403503,-518.06134,123.377258],"rotationMatrix":[0.870891869,0.491474748,0,-0.491474748,0.870891869,0,0,0,1],"scale":0.825953066,"type":"pac_rock_medium_1"}
{"ctxid":0,"pos":[322.947906,-526.520874,123.47361],"rotationMatrix":[-0.737832069,0.674984336,0,-0.674984336,-0.737832069,0,0,0,1],"scale":0.807211041,"type":"pac_rock_medium_1"}
{"ctxid":0,"pos":[346.955048,-546.485596,124.180527],"rotationMatrix":[0.873061657,0.487609982,0,-0.487609982,0.873061657,0,0,0,1],"scale":1.09222436,"type":"pac_rock_medium_1"}
{"ctxid":0,"pos":[351.951202,-546.137512,123.825172],"rotationMatrix":[-0.727229178,-0.686394632,0,0.686394632,-0.727229178,0,0,0,1],"scale":0.975741744,"type":"pac_rock_medium_1"}
{"ctxid":0,"pos":[316.829468,-525.410034,123.829323],"rotationMatrix":[-0.194591224,-0.980884433,0,0.980884433,-0.194591224,0,0,0,1],"scale":1.15173852,"type":"pac_rock_medium_1"}
{"ctxid":0,"pos":[319.003815,-520.949524,123.641724],"rotationMatrix":[-0.698185503,0.715916753,0,-0.715916753,-0.698185503,0,0,0,1],"scale":1.07634199,"type":"pac_rock_medium_1"}
{"ctxid":0,"pos":[133.354523,-493.044189,124.425224],"rotationMatrix":[-0.760105908,0.649799228,0,-0.649799228,-0.760105908,0,0,0,1],"scale":0.812899053,"type":"pac_rock_medium_1"}
{"ctxid":0,"pos":[141.681595,-494.280792,122.773125],"rotationMatrix":[0.986547351,0.163475499,0,-0.163475499,0.986547351,0,0,0,1],"scale":1.02777398,"type":"pac_rock_medium_1"}
{"ctxid":0,"pos":[144.218491,-492.303192,121.665192],"rotationMatrix":[0.697801948,0.716290832,0,-0.716290832,0.697801948,0,0,0,1],"scale":1.1577239,"type":"pac_rock_medium_1"}
{"ctxid":0,"pos":[128.591324,-456.822693,124.07756],"rotationMatrix":[0.143776774,0.989610136,0,-0.989610136,0.143776774,0,0,0,1],"scale":0.84230125,"type":"pac_rock_medium_1"}
{"ctxid":0,"pos":[126.800285,-459.46875,124.418961],"rotationMatrix":[-0.972690701,0.232105106,0,-0.232105106,-0.972690701,0,0,0,1],"scale":1.00172627,"type":"pac_rock_medium_1"}
{"ctxid":0,"pos":[138.469849,-476.143036,119.956802],"rotationMatrix":[-0.38346085,-0.923557162,0,0.923557162,-0.38346085,0,0,0,1],"scale":1.02865565,"type":"pac_rock_medium_1"}
{"ctxid":0,"pos":[141.867172,-484.413666,120.037392],"rotationMatrix":[0.83258605,-0.553895712,0,0.553895712,0.83258605,0,0,0,1],"scale":1.125741,"type":"pac_rock_medium_1"}
{"ctxid":0,"pos":[139.431763,-489.857971,120.656906],"rotationMatrix":[0.349632084,-0.936887145,0,0.936887145,0.349632084,0,0,0,1],"scale":1.14944828,"type":"pac_rock_medium_1"}
{"ctxid":0,"pos":[144.451767,-459.751526,121.54718],"rotationMatrix":[-0.973179698,0.230046406,0,-0.230046406,-0.973179698,0,0,0,1],"scale":1.19862318,"type":"pac_rock_medium_1"}
{"ctxid":0,"pos":[589.806641,-712.415283,123.879387],"rotationMatrix":[0.253348321,0.967375159,0,-0.967375159,0.253348321,0,0,0,1],"scale":0.902179837,"type":"pac_rock_medium_1"}
{"ctxid":0,"pos":[592.375916,-707.484863,124.175873],"rotationMatrix":[0.0684456825,-0.997654796,0,0.997654796,0.0684456825,0,0,0,1],"scale":0.987391651,"type":"pac_rock_medium_1"}
{"ctxid":0,"pos":[584.183533,-699.435364,124.141426],"rotationMatrix":[-0.519715309,-0.854339421,0,0.854339421,-0.519715309,0,0,0,1],"scale":1.04418755,"type":"pac_rock_medium_1"}
{"ctxid":0,"pos":[685.104614,-751.417725,123.792831],"rotationMatrix":[-0.578999519,-0.815327942,0,0.815327942,-0.578999519,0,0,0,1],"scale":1.18119049,"type":"pac_rock_medium_1"}
{"ctxid":0,"pos":[672.345276,-756.975952,123.449852],"rotationMatrix":[-0.980627656,-0.195881322,0,0.195881322,-0.980627656,0,0,0,1],"scale":0.868400156,"type":"pac_rock_medium_1"}
{"ctxid":0,"pos":[683.742493,-772.115601,122.021133],"rotationMatrix":[0.426674247,0.904405475,0,-0.904405475,0.426674247,0,0,0,1],"scale":1.00553,"type":"pac_rock_medium_1"}
{"ctxid":0,"pos":[682.512512,-756.36084,123.187271],"rotationMatrix":[0.743013144,-0.669276774,0,0.669276774,0.743013144,0,0,0,1],"scale":1.11580276,"type":"pac_rock_medium_1"}
{"ctxid":0,"pos":[675.433228,-757.659363,123.001717],"rotationMatrix":[-0.241629839,-0.970368505,0,0.970368505,-0.241629839,0,0,0,1],"scale":0.856165409,"type":"pac_rock_medium_1"}
{"ctxid":0,"pos":[665.651123,-765.562378,122.772385],"rotationMatrix":[0.482602447,0.875839591,0,-0.875839591,0.482602447,0,0,0,1],"scale":0.899034619,"type":"pac_rock_medium_1"}
{"ctxid":0,"pos":[661.112549,-756.883728,123.067245],"rotationMatrix":[-0.550201237,0.835031986,0,-0.835031986,-0.550201237,0,0,0,1],"scale":1.19842255,"type":"pac_rock_medium_1"}
{"ctxid":0,"pos":[695.813965,-761.208313,123.315086],"rotationMatrix":[0.978536725,0.206072301,0,-0.206072301,0.978536725,0,0,0,1],"scale":1.06485164,"type":"pac_rock_medium_1"}
{"ctxid":0,"pos":[698.204773,-754.018066,124.550415],"rotationMatrix":[0.992251873,0.124242119,0,-0.124242119,0.992251873,0,0,0,1],"scale":0.984206796,"type":"pac_rock_medium_1"}
{"ctxid":0,"pos":[696.204773,-755.075439,123.80864],"rotationMatrix":[-0.843078375,-0.537790596,0,0.537790596,-0.843078375,0,0,0,1],"scale":0.895225406,"type":"pac_rock_medium_1"}
{"ctxid":0,"pos":[697.561401,-755.993286,123.505524],"rotationMatrix":[-0.267925888,0.963439465,0,-0.963439465,-0.267925888,0,0,0,1],"scale":1.10047901,"type":"pac_rock_medium_1"}
{"ctxid":0,"pos":[659.685852,-749.398682,125.974411],"rotationMatrix":[-0.664148629,-0.747600675,0,0.747600675,-0.664148629,0,0,0,1],"scale":1.08076549,"type":"pac_rock_medium_1"}
{"ctxid":0,"pos":[650.936768,-763.98053,122.534798],"rotationMatrix":[-0.01935203,-0.999812663,0,0.999812663,-0.01935203,0,0,0,1],"scale":0.843619585,"type":"pac_rock_medium_1"}
{"ctxid":0,"pos":[648.790039,-763.683105,122.644829],"rotationMatrix":[-0.532761931,0.846265078,0,-0.846265078,-0.532761931,0,0,0,1],"scale":0.94949913,"type":"pac_rock_medium_1"}
{"ctxid":0,"pos":[648.300171,-765.120422,122.329422],"rotationMatrix":[0.904653013,0.426149011,0,-0.426149011,0.904653013,0,0,0,1],"scale":1.15876794,"type":"pac_rock_medium_1"}
{"ctxid":0,"pos":[631.199524,-767.033691,121.164398],"rotationMatrix":[-0.0142486915,-0.999898434,0,0.999898434,-0.0142486915,0,0,0,1],"scale":0.835602701,"type":"pac_rock_medium_1"}
