{"ctxid":0,"pos":[777.20105,925.766602,151.322296],"rotationMatrix":[0.60187608,0.783781826,-0.153072789,-0.783260047,0.616753101,0.0782263055,0.155720472,0.072813265,0.985113859],"scale":1.14171255,"type":"pac_rock_medium_flat"}
{"ctxid":0,"pos":[780.244934,931.042053,149.8237],"rotationMatrix":[0.968636274,0.174380034,-0.17701757,0.216692984,-0.941441536,0.25832516,-0.121604972,-0.28858158,-0.949701369],"scale":1.09371269,"type":"pac_rock_medium_flat"}
{"ctxid":0,"pos":[804.419861,915.502808,155.652084],"rotationMatrix":[-0.964301229,-0.26480338,0.00152216561,0.264420569,-0.963186264,-0.0485181063,0.0143138869,-0.0463835746,0.998821139],"scale":1.14441538,"type":"pac_rock_medium_flat"}
{"ctxid":0,"pos":[805.610168,917.398499,155.680603],"rotationMatrix":[-0.999833167,-0.0182593744,0,0.0182593744,-0.999833167,0,0,0,1],"scale":1.03625154,"type":"pac_rock_medium_flat"}
{"ctxid":0,"pos":[689.642334,707.060242,154.012741],"rotationMatrix":[0.031254936,0.999511421,0,-0.999511421,0.031254936,0,0,0,1],"scale":1.03042257,"type":"pac_rock_medium_flat"}
{"ctxid":0,"pos":[-70.9159775,-455.930786,129.077072],"rotationMatrix":[-0.298897654,-0.954285145,0,0.954285145,-0.298897654,0,0,0,1],"scale":0.816598058,"type":"pac_rock_medium_flat"}
{"ctxid":0,"pos":[-67.191803,-456.945435,128.352142],"rotationMatrix":[-0.0966458917,0.99531883,0,-0.99531883,-0.0966458917,0,0,0,1],"scale":0.845243454,"type":"pac_rock_medium_flat"}
{"ctxid":0,"pos":[-90.0829849,-437.181274,128.612854],"rotationMatrix":[-0.833488941,0.55253619,0,-0.55253619,-0.833488941,0,0,0,1],"scale":1.14611566,"type":"pac_rock_medium_flat"}
{"ctxid":0,"pos":[-97.6852951,-441.55957,128.79628],"rotationMatrix":[0.771825492,0.635834396,0,-0.635834396,0.771825492,0,0,0,1],"scale":1.13450027,"type":"pac_rock_medium_flat"}
{"ctxid":0,"pos":[-98.6294327,-438.383667,128.92511],"rotationMatrix":[-0.435067117,0.900398016,0,-0.900398016,-0.435067117,0,0,0,1],"scale":1.08563983,"type":"pac_rock_medium_flat"}
{"ctxid":0,"pos":[-99.353569,-429.484924,128.623138],"rotationMatrix":[-0.987849534,0.155413479,0,-0.155413479,-0.987849534,0,0,0,1],"scale":0.986038327,"type":"pac_rock_medium_flat"}
{"ctxid":0,"pos":[-112.853951,-431.064575,129.095871],"rotationMatrix":[0.600708961,-0.799467802,0,0.799467802,0.600708961,0,0,0,1],"scale":1.07873011,"type":"pac_rock_medium_flat"}
{"ctxid":0,"pos":[-160.364273,-440.43396,130.269485],"rotationMatrix":[-0.999973178,-0.00732716499,0,0.00732716499,-0.999973178,0,0,0,1],"scale":1.06847107,"type":"pac_rock_medium_flat"}
{"ctxid":0,"pos":[-440.134735,-460.329346,131.118256],"rotationMatrix":[-0.362007827,0.93217504,0,-0.93217504,-0.362007827,0,0,0,1],"scale":1.16955948,"type":"pac_rock_medium_flat"}
{"ctxid":0,"pos":[-402.185364,-471.683502,131.708313],"rotationMatrix":[0.999065042,0.0432321392,0,-0.0432321392,0.999065042,0,0,0,1],"scale":0.85005492,"type":"pac_rock_medium_flat"}
{"ctxid":0,"pos":[-394.995483,-471.043152,131.984543],"rotationMatrix":[0.172329441,-0.985039353,0,0.985039353,0.172329441,0,0,0,1],"scale":0.955710411,"type":"pac_rock_medium_flat"}
{"ctxid":0,"pos":[-389.65094,-471.556305,131.760086],"rotationMatrix":[-0.0380767174,0.99927479,0,-0.99927479,-0.0380767174,0,0,0,1],"scale":0.849634945,"type":"pac_rock_medium_flat"}
{"ctxid":0,"pos":[-407.578949,-480.827728,131.031891],"rotationMatrix":[0.735068262,-0.677993119,0,0.677993119,0.735068262,0,0,0,1],"scale":1.1149503,"type":"pac_rock_medium_flat"}
{"ctxid":0,"pos":[-410.446503,-477.745819,131.066498],"rotationMatrix":[-0.0868051425,0.996225297,0,-0.996225297,-0.0868051425,0,0,0,1],"scale":0.845969379,"type":"pac_rock_medium_flat"}
{"ctxid":0,"pos":[-389.59137,-479.563568,130.998672],"rotationMatrix":[-0.857487798,-0.514504313,0,0.514504313,-0.857487798,0,0,0,1],"scale":1.06069386,"type":"pac_rock_medium_flat"}
{"ctxid":0,"pos":[-391.151917,-481.69574,130.788177],"rotationMatrix":[0.996997893,0.0774283186,0,-0.0774283186,0.996997893,0,0,0,1],"scale":0.920533836,"type":"pac_rock_medium_flat"}
{"ctxid":0,"pos":[-431.071991,-476.893433,129.656845],"rotationMatrix":[-0.0960754529,-0.995374084,0,0.995374084,-0.0960754529,0,0,0,1],"scale":1.10816205,"type":"pac_rock_medium_flat"}
{"ctxid":0,"pos":[-451.216278,-450.323181,130.502579],"rotationMatrix":[-0.818730772,0.574177563,0,-0.574177563,-0.818730772,0,0,0,1],"scale":1.06312644,"type":"pac_rock_medium_flat"}
{"ctxid":0,"pos":[-451.898499,-451.267242,130.263763],"rotationMatrix":[-0.159377888,-0.987217665,0,0.987217665,-0.159377888,0,0,0,1],"scale":1.16600192,"type":"pac_rock_medium_flat"}
{"ctxid":0,"pos":[-448.938171,-445.254272,132.836197],"rotationMatrix":[0.991552591,0.129705474,0,-0.129705474,0.991552591,0,0,0,1],"scale":0.894916832,"type":"pac_rock_medium_flat"}
{"ctxid":0,"pos":[-450.34906,-445.945618,131.907181],"rotationMatrix":[0.98146373,-0.191647887,0,0.191647887,0.98146373,0,0,0,1],"scale":1.03265405,"type":"pac_rock_medium_flat"}
{"ctxid":0,"pos":[-447.894257,-450.375824,131.901093],"rotationMatrix":[0.474414259,-0.880301714,0,0.880301714,0.474414259,0,0,0,1],"scale":0.862697482,"type":"pac_rock_medium_flat"}
{"ctxid":0,"pos":[-457.147766,-476.512665,130.12561],"rotationMatrix":[-0.692253888,0.721653998,0,-0.721653998,-0.692253888,0,0,0,1],"scale":1.15504003,"type":"pac_rock_medium_flat"}
{"ctxid":0,"pos":[-455.028442,-479.496002,130.752625],"rotationMatrix":[-0.591982722,-0.805950642,0,0.805950642,-0.591982722,0,0,0,1],"scale":0.905803919,"type":"pac_rock_medium_flat"}
{"ctxid":0,"pos":[-446.851074,-487.647522,132.062775],"rotationMatrix":[-0.00884501915,-0.999960899,0,0.999960899,-0.00884501915,0,0,0,1],"scale":0.930983424,"type":"pac_rock_medium_flat"}
{"ctxid":0,"pos":[-363.714691,-500.028503,132.926086],"rotationMatrix":[-0.739652753,-0.672988713,0,0.672988713,-0.739652753,0,0,0,1],"scale":1.06162238,"type":"pac_rock_medium_flat"}
{"ctxid":0,"pos":[-340.684448,-496.896515,132.513992],"rotationMatrix":[-0.8357476,-0.54911381,0,0.54911381,-0.8357476,0,0,0,1],"scale":0.996801376,"type":"pac_rock_medium_flat"}
{"ctxid":0,"pos":[-368.561493,-496.808807,131.729492],"rotationMatrix":[-0.573360085,-0.819303513,0,0.819303513,-0.573360085,0,0,0,1],"scale":0.893628836,"type":"pac_rock_medium_flat"}
{"ctxid":0,"pos":[-359.380585,-498.953278,132.114777],"rotationMatrix":[0.896576464,0.433322161,-0.0915561765,-0.442421496,0.885779202,-0.140208602,0.0203430653,0.166214153,0.985879838],"scale":0.94170177,"type":"pac_rock_medium_flat"}
{"ctxid":0,"pos":[-363.194305,-497.323059,132.273636],"rotationMatrix":[0.171155885,-0.985243976,0,0.985243976,0.171155885,0,0,0,1],"scale":0.804490268,"type":"pac_rock_medium_flat"}
{"ctxid":0,"pos":[-366.814392,-489.294891,130.107208],"rotationMatrix":[0.865562439,-0.500801027,0,0.500801027,0.865562439,0,0,0,1],"scale":1.10439336,"type":"pac_rock_medium_flat"}
{"ctxid":0,"pos":[-354.378479,-493.377441,130.663727],"rotationMatrix":[-0.520015597,-0.854156792,0,0.854156792,-0.520015597,0,0,0,1],"scale":0.922763288,"type":"pac_rock_medium_flat"}
{"ctxid":0,"pos":[-400.831055,-460.388428,133.320679],"rotationMatrix":[0.00739444094,-0.999972641,0,0.999972641,0.00739444094,0,0,0,1],"scale":1.08581185,"type":"pac_rock_medium_flat"}
{"ctxid":0,"pos":[-403.578918,-461.567841,133.184235],"rotationMatrix":[-0.858484328,-0.512839854,0,0.512839854,-0.858484328,0,0,0,1],"scale":0.869914174,"type":"pac_rock_medium_flat"}
{"ctxid":0,"pos":[-406.818634,-460.572113,133.443283],"rotationMatrix":[0.955194771,-0.29597798,0,0.29597798,0.955194771,0,0,0,1],"scale":1.17438698,"type":"pac_rock_medium_flat"}
{"ctxid":0,"pos":[-425.375092,-454.418579,135.390793],"rotationMatrix":[-0.836554468,0.547883749,0,-0.547883749,-0.836554468,0,0,0,1],"scale":1.06305051,"type":"pac_rock_medium_flat"}
{"ctxid":0,"pos":[-436.172363,-450.506989,135.068329],"rotationMatrix":[-0.521269679,-0.853392005,0,0.853392005,-0.521269679,0,0,0,1],"scale":0.819164217,"type":"pac_rock_medium_flat"}
{"ctxid":0,"pos":[-436.346039,-447.174286,135.134598],"rotationMatrix":[0.919897139,0.39215976,0,-0.39215976,0.919897139,0,0,0,1],"scale":1.15687501,"type":"pac_rock_medium_flat"}
{"ctxid":0,"pos":[-426.884583,-447.353577,136.016281],"rotationMatrix":[-0.716935933,-0.697139025,0,0.697139025,-0.716935933,0,0,0,1],"scale":0.82377708,"type":"pac_rock_medium_flat"}
{"ctxid":0,"pos":[-398.036133,-455.047852,133.13858],"rotationMatrix":[-0.697010159,-0.717061281,0,0.717061281,-0.697010159,0,0,0,1],"scale":1.04274893,"type":"pac_rock_medium_flat"}
{"ctxid":0,"pos":[-347.293457,-476.360382,130.997894],"rotationMatrix":[0.366194963,-0.930538177,0,0.930538177,0.366194963,0,0,0,1],"scale":1.05731809,"type":"pac_rock_medium_flat"}
{"ctxid":0,"pos":[-347.747437,-474.681885,131.057739],"rotationMatrix":[0.708842695,0.705366611,0,-0.705366611,0.708842695,0,0,0,1],"scale":1.03362727,"type":"pac_rock_medium_flat"}
{"ctxid":0,"pos":[533.145691,-957.867004,123.633621],"rotationMatrix":[-0.924258173,-0.381768078,0,0.381768078,-0.924258173,0,0,0,1],"scale":1.11374414,"type":"pac_rock_medium_flat"}
{"ctxid":0,"pos":[531.019165,-957.398132,123.601036],"rotationMatrix":[-0.43779245,-0.899076045,0,0.899076045,-0.43779245,0,0,0,1],"scale":0.89821738,"type":"pac_rock_medium_flat"}
{"ctxid":0,"pos":[789.497864,955.422852,152.588623],"rotationMatrix":[-0.850658953,-0.513097465,0.114501595,-0.515980244,0.856585145,0.00513931364,-0.100717314,-0.0547087491,-0.993409812],"scale":1.01108408,"type":"pac_rock_medium_flat"}
{"ctxid":0,"pos":[782.258301,957.283997,151.204163],"rotationMatrix":[-0.258767694,-0.965939581,0,0.965939581,-0.258767694,0,0,0,1],"scale":1.05781412,"type":"pac_rock_medium_flat"}
{"ctxid":0,"pos":[780.124084,955.47876,153.467316],"rotationMatrix":[-0.993063688,0.117410615,-0.00624901894,-0.109426007,-0.903471351,0.414445817,0.0430145301,0.41225493,0.910052598],"scale":1.15868831,"type":"pac_rock_medium_flat"}
{"ctxid":0,"pos":[786.567993,957.042053,153.437241],"rotationMatrix":[0.902528942,0.394685835,0.172233611,-0.422390997,0.889231265,0.175651729,-0.0838282555,-0.231280714,0.969268799],"scale":0.87973249,"type":"pac_rock_medium_flat"}
{"ctxid":0,"pos":[789.63092,948.679138,149.066452],"rotationMatrix":[0.390678704,-0.781607568,-0.486271232,0.853022039,0.505955696,-0.127914578,0.346010685,-0.364826649,0.864394665],"scale":1.37801003,"type":"pac_rock_medium_flat"}
{"ctxid":0,"pos":[791.510498,950.051208,149.138733],"rotationMatrix":[0.636209369,-0.560198128,-0.530486524,-0.687430859,-0.723755717,-0.0601397753,-0.35025242,0.402934253,-0.845557392],"scale":1.10534358,"type":"pac_rock_medium_flat"}
{"ctxid":0,"pos":[770.861206,923.158752,154.569702],"rotationMatrix":[0.984821141,-0.0497196019,-0.166298479,0.0661180168,-0.77840066,0.6242764,-0.160485581,-0.625795901,-0.763298094],"scale":1.01068234,"type":"pac_rock_medium_flat"}
{"ctxid":0,"pos":[767.134399,926.527466,151.871826],"rotationMatrix":[0.301889777,0.928364158,0.216801256,-0.849737585,0.365132213,-0.380295217,-0.432213485,-0.0694170594,0.899095535],"scale":1.14829028,"type":"pac_rock_medium_flat"}
{"ctxid":0,"pos":[320.044189,-522.336975,123.779846],"rotationMatrix":[-0.774188817,-0.632954657,0,0.632954657,-0.774188817,0,0,0,1],"scale":1.13153195,"type":"pac_rock_medium_flat"}
{"ctxid":0,"pos":[319.631531,-526.464722,123.974068],"rotationMatrix":[-0.819022417,0.573761344,0,-0.573761344,-0.819022417,0,0,0,1],"scale":1.06646144,"type":"pac_rock_medium_flat"}
{"ctxid":0,"pos":[354.666046,-547.555664,123.825363],"rotationMatrix":[-0.163436458,0.986553788,0,-0.986553788,-0.163436458,0,0,0,1],"scale":1.05394447,"type":"pac_rock_medium_flat"}
{"ctxid":0,"pos":[319.026337,-522.636292,123.826691],"rotationMatrix":[0.990899205,-0.134605944,0,0.134605944,0.990899205,0,0,0,1],"scale":0.802786291,"type":"pac_rock_medium_flat"}
{"ctxid":0,"pos":[589.34259,-699.612671,124.378036],"rotationMatrix":[-0.941113114,-0.33809185,0,0.33809185,-0.941113114,0,0,0,1],"scale":0.851748228,"type":"pac_rock_medium_flat"}
{"ctxid":0,"pos":[580.82843,-703.246399,123.500916],"rotationMatrix":[0.217324138,-0.976099432,0,0.976099432,0.217324138,0,0,0,1],"scale":0.938416898,"type":"pac_rock_medium_flat"}
{"ctxid":0,"pos":[679.331848,-766.110535,123.027977],"rotationMatrix":[0.975055277,-0.221962005,0,0.221962005,0.975055277,0,0,0,1],"scale":0.825229347,"type":"pac_rock_medium_flat"}
{"ctxid":0,"pos":[679.862854,-769.227234,122.54261],"rotationMatrix":[0.734777808,-0.678307772,0,0.678307772,0.734777808,0,0,0,1],"scale":1.09745932,"type":"pac_rock_medium_flat"}
{"ctxid":0,"pos":[683.24231,-758.925781,123.176903],"rotationMatrix":[-0.645423055,0.763825178,0,-0.763825178,-0.645423055,0,0,0,1],"scale":0.829289973,"type":"pac_rock_medium_flat"}
{"ctxid":0,"pos":[679.022766,-748.896729,125.149918],"rotationMatrix":[0.996351004,-0.0853496417,0,0.0853496417,0.996351004,0,0,0,1],"scale":0.86682421,"type":"pac_rock_medium_flat"}
{"ctxid":0,"pos":[676.850098,-753.191833,123.171158],"rotationMatrix":[-0.331512898,-0.943450689,0,0.943450689,-0.331512898,0,0,0,1],"scale":1.05759275,"type":"pac_rock_medium_flat"}
{"ctxid":0,"pos":[681.044312,-756.825562,123.279045],"rotationMatrix":[-0.363597989,0.931555867,0,-0.931555867,-0.363597989,0,0,0,1],"scale":1.00729871,"type":"pac_rock_medium_flat"}
{"ctxid":0,"pos":[690.699829,-755.764099,123.004852],"rotationMatrix":[0.905211031,-0.424962223,0,0.424962223,0.905211031,0,0,0,1],"scale":1.08871043,"type":"pac_rock_medium_flat"}
{"ctxid":0,"pos":[650.869873,-759.897278,123.452454],"rotationMatrix":[-0.957587719,-0.288142085,0,0.288142085,-0.957587719,0,0,0,1],"scale":1.0836724,"type":"pac_rock_medium_flat"}
{"ctxid":0,"pos":[637.668213,-771.863037,120.396606],"rotationMatrix":[-0.764194667,-0.644985616,0,0.644985616,-0.764194667,0,0,0,1],"scale":1.18729985,"type":"pac_rock_medium_flat"}
{"ctxid":0,"pos":[629.317139,-764.686707,122.063049],"rotationMatrix":[-0.581031024,0.813881278,0,-0.813881278,-0.581031024,0,0,0,1],"scale":0.866148293,"type":"pac_rock_medium_flat"}
{"ctxid":0,"pos":[635.310425,-766.020386,122.025314],"rotationMatrix":[0.789624333,0.613590717,0,-0.613590717,0.789624333,0,0,0,1],"scale":0.807409942,"type":"pac_rock_medium_flat"}
{"ctxid":0,"pos":[620.562256,-759.295715,122.195618],"rotationMatrix":[0.139072388,0.990282178,0,-0.990282178,0.139072388,0,0,0,1],"scale":0.861792564,"type":"pac_rock_medium_flat"}
{"ctxid":0,"pos":[611.698486,-761.06012,121.07473],"rotationMatrix":[-0.21834977,0.97587049,0,-0.97587049,-0.21834977,0,0,0,1],"scale":0.993975341,"type":"pac_rock_medium_flat"}
{"ctxid":0,"pos":[619.995605,-762.40564,121.143585],"rotationMatrix":[-0.615615904,0.788046241,0,-0.788046241,-0.615615904,0,0,0,1],"scale":1.11246288,"type":"pac_rock_medium_flat"}
{"ctxid":0,"pos":[615.512329,-751.749817,122.499229],"rotationMatrix":[-0.961960852,-0.27318719,0,0.27318719,-0.961960852,0,0,0,1],"scale":1.1984452,"type":"pac_rock_medium_flat"}
{"ctxid":0,"pos":[613.203857,-756.313354,121.97625],"rotationMatrix":[0.493044823,-0.870003819,0,0.870003819,0.493044823,0,0,0,1],"scale":0.992593646,"type":"pac_rock_medium_flat"}
{"ctxid":0,"pos":[616.073364,-757.78363,121.733955],"rotationMatrix":[-0.782286882,-0.622918487,0,0.622918487,-0.782286882,0,0,0,1],"scale":1.1178354,"type":"pac_rock_medium_flat"}
{"ctxid":0,"pos":[610.2323,-753.397095,121.88343],"rotationMatrix":[0.992316723,-0.123723157,0,0.123723157,0.992316723,0,0,0,1],"scale":1.12612379,"type":"pac_rock_medium_flat"}
{"ctxid":0,"pos":[612.931396,-762.953613,120.839127],"rotationMatrix":[-0.119597852,-0.992822409,0,0.992822409,-0.119597852,0,0,0,1],"scale":0.8080495,"type":"pac_rock_medium_flat"}
{"ctxid":0,"pos":[613.873108,-762.390808,120.850037],"rotationMatrix":[-0.924016118,-0.382353723,0,0.382353723,-0.924016118,0,0,0,1],"scale":0.89049989,"type":"pac_rock_medium_flat"}
{"ctxid":0,"pos":[589.698547,-750.240845,120.70871],"rotationMatrix":[-0.457960635,-0.888972521,0,0.888972521,-0.457960635,0,0,0,1],"scale":1.07190716,"type":"pac_rock_medium_flat"}
{"ctxid":0,"pos":[595.4422,-744.670959,121.91806],"rotationMatrix":[0.00326481066,-0.999994576,0,0.999994576,0.00326481066,0,0,0,1],"scale":0.941171229,"type":"pac_rock_medium_flat"}
{"ctxid":0,"pos":[786.524963,-796.494934,122.516472],"rotationMatrix":[-0.99988097,-0.0154247442,0,0.0154247442,-0.99988097,0,0,0,1],"scale":1.125278,"type":"pac_rock_medium_flat"}
{"ctxid":0,"pos":[782.565796,-791.455444,123.238899],"rotationMatrix":[-0.705599427,0.708610952,0,-0.708610952,-0.705599427,0,0,0,1],"scale":1.01079369,"type":"pac_rock_medium_flat"}
{"ctxid":0,"pos":[770.471497,-798.223694,121.566711],"rotationMatrix":[-0.217619628,-0.976033688,0,0.976033688,-0.217619628,0,0,0,1],"scale":0.933953404,"type":"pac_rock_medium_flat"}
{"ctxid":0,"pos":[936.376038,-874.082214,119.337128],"rotationMatrix":[0.933858275,-0.357643217,0,0.357643217,0.933858275,0,0,0,1],"scale":1.05930817,"type":"pac_rock_medium_flat"}
{"ctxid":0,"pos":[939.782776,-872.830811,119.873055],"rotationMatrix":[-0.927055478,-0.374924332,0,0.374924332,-0.927055478,0,0,0,1],"scale":1.16346526,"type":"pac_rock_medium_flat"}
{"ctxid":0,"pos":[931.484741,-869.343445,118.989487],"rotationMatrix":[-0.720419765,-0.693538189,0,0.693538189,-0.720419765,0,0,0,1],"scale":0.948964536,"type":"pac_rock_medium_flat"}
{"ctxid":0,"pos":[940.479187,-859.936401,122.361877],"rotationMatrix":[-0.188291252,-0.982113183,0,0.982113183,-0.188291252,0,0,0,1],"scale":0.963409543,"type":"pac_rock_medium_flat"}
{"ctxid":0,"pos":[934.483704,-867.549683,119.032013],"rotationMatrix":[0.962334692,0.271867633,0,-0.271867633,0.962334692,0,0,0,1],"scale":1.15184879,"type":"pac_rock_medium_flat"}
{"ctxid":0,"pos":[945.475708,-872.195129,120.966858],"rotationMatrix":[0.486669153,-0.873586357,0,0.873586357,0.486669153,0,0,0,1],"scale":0.82106775,"type":"pac_rock_medium_flat"}
{"ctxid":0,"pos":[929.050659,-858.810974,119.50071],"rotationMatrix":[-0.441944718,-0.897042274,0,0.897042274,-0.441944718,0,0,0,1],"scale":1.16479969,"type":"pac_rock_medium_flat"}
{"ctxid":0,"pos":[938.536072,-855.174561,123.124046],"rotationMatrix":[0.312661141,0.949864805,0,-0.949864805,0.312661141,0,0,0,1],"scale":1.03292871,"type":"pac_rock_medium_flat"}
{"ctxid":0,"pos":[928.168213,-855.43689,120.609222],"rotationMatrix":[-0.190584943,0.981670618,0,-0.981670618,-0.190584943,0,0,0,1],"scale":1.17923295,"type":"pac_rock_medium_flat"}
{"ctxid":0,"pos":[942.084412,-851.686462,123.024796],"rotationMatrix":[-0.772681177,-0.634794235,0,0.634794235,-0.772681177,0,0,0,1],"scale":0.903551459,"type":"pac_rock_medium_flat"}
{"ctxid":0,"pos":[928.408447,-847.064148,122.26165],"rotationMatrix":[0.67946434,-0.733708382,0,0.733708382,0.67946434,0,0,0,1],"scale":0.927264869,"type":"pac_rock_medium_flat"}
{"ctxid":0,"pos":[972.793945,-555.284912,124.326279],"rotationMatrix":[-0.121863604,-0.954343975,-0.272721291,0.992020667,-0.108164668,-0.0647725835,0.0323165134,-0.278438568,0.959910214],"scale":0.831635475,"type":"pac_rock_medium_flat"}
{"ctxid":0,"pos":[967.475647,-549.565552,124.372551],"rotationMatrix":[0.999967813,-0.00786743313,-0.00156184391,0.00787449069,0.999958575,0.00456543127,0.00152586086,-0.00457758317,0.999988377],"scale":0.943493843,"type":"pac_rock_medium_flat"}
{"ctxid":0,"pos":[972.79364,-562.928955,123.257553],"rotationMatrix":[0.19325006,-0.981149435,0,0.981149435,0.19325006,0,0,0,1],"scale":0.976391315,"type":"pac_rock_medium_flat"}
{"ctxid":0,"pos":[969.087524,-565.043213,123.995506],"rotationMatrix":[0.722044826,-0.689625859,-0.0553844348,0.686588049,0.724108338,-0.0652978271,0.0851354077,0.00912165083,0.996327639],"scale":1.07037663,"type":"pac_rock_medium_flat"}
{"ctxid":0,"pos":[931.969788,-332.145721,125.152969],"rotationMatrix":[0.271734059,-0.959911108,0.0687823817,0.960551262,0.266131699,-0.0807146206,0.0591737069,0.0880019292,0.994361162],"scale":0.863362432,"type":"pac_rock_medium_flat"}
{"ctxid":0,"pos":[925.112305,-337.917389,126.989441],"rotationMatrix":[0.811698735,-0.558274508,-0.17168197,0.533298492,0.828265548,-0.171956137,0.238196999,0.0480188318,0.970029056],"scale":1.02533829,"type":"pac_rock_medium_flat"}
{"ctxid":0,"pos":[757.590515,-174.783859,125.261505],"rotationMatrix":[-0.347042888,0.937849164,0,-0.937849164,-0.347042888,0,0,0,1],"scale":0.969230235,"type":"pac_rock_medium_flat"}
{"ctxid":0,"pos":[939.442078,-132.53833,124.908264],"rotationMatrix":[0.699549317,-0.714584351,0,0.714584351,0.699549317,0,0,0,1],"scale":1.0029937,"type":"pac_rock_medium_flat"}
{"ctxid":0,"pos":[938.198792,-143.872223,124.034218],"rotationMatrix":[0.567233443,-0.823557019,0,0.823557019,0.567233443,0,0,0,1],"scale":1.11883092,"type":"pac_rock_medium_flat"}
{"ctxid":0,"pos":[935.318787,-158.76738,123.303352],"rotationMatrix":[0.251460701,-0.967867494,0,0.967867494,0.251460701,0,0,0,1],"scale":0.834556997,"type":"pac_rock_medium_flat"}
{"ctxid":0,"pos":[944.207825,-168.877106,123.375443],"rotationMatrix":[0.65048933,-0.759515405,0,0.759515405,0.65048933,0,0,0,1],"scale":0.986295521,"type":"pac_rock_medium_flat"}
{"ctxid":0,"pos":[703.009033,-30.9685326,122.658119],"rotationMatrix":[0.976954997,-0.213445365,0,0.213445365,0.976954997,0,0,0,1],"scale":0.872113824,"type":"pac_rock_medium_flat"}
{"ctxid":0,"pos":[707.941162,-23.0682125,122.116272],"rotationMatrix":[-0.926704884,-0.375543147,0.01360445,0.375591189,-0.926784635,0.0010717914,0.0122058941,0.00610294659,0.999906898],"scale":1.07554257,"type":"pac_rock_medium_flat"}
{"ctxid":0,"pos":[708.786926,-9.25631142,122.064392],"rotationMatrix":[0.983740151,0.179572463,-0.00300213671,-0.179571629,0.98374474,0.000548009062,0.00305174361,-2.91038305e-11,0.999995351],"scale":0.85837394,"type":"pac_rock_medium_flat"}
{"ctxid":0,"pos":[722.002014,0.249977112,122.018333],"rotationMatrix":[-0.903511643,0.428562939,0,-0.428562939,-0.903511643,0,0,0,1],"scale":0.801400602,"type":"pac_rock_medium_flat"}
{"ctxid":0,"pos":[711.516052,-5.2935009,122.381813],"rotationMatrix":[0.708743989,0.654891968,0.262294471,-0.680280089,0.732905388,0.00827537477,-0.186817542,-0.184298858,0.964952409],"scale":1.0467844,"type":"pac_rock_medium_flat"}
{"ctxid":0,"pos":[714.6698,26.2852669,122.026993],"rotationMatrix":[-0.901757598,-0.432241917,0,0.432241917,-0.901757598,0,0,0,1],"scale":0.910256863,"type":"pac_rock_medium_flat"}
{"ctxid":0,"pos":[703.752136,30.7802505,122.090584],"rotationMatrix":[-0.450778604,0.892634869,0.00137566682,-0.892630696,-0.45078063,0.00272409292,0.00305174384,-1.16415322e-10,0.999995351],"scale":0.868725061,"type":"pac_rock_medium_flat"}
{"ctxid":0,"pos":[708.544189,14.2450657,122.015114],"rotationMatrix":[0.540971279,0.841040075,-0.00128332525,-0.841041028,0.540970623,-0.00082545547,5.82076609e-11,0.00152587704,0.999998808],"scale":1.07402027,"type":"pac_rock_medium_flat"}
{"ctxid":0,"pos":[700.471924,24.7737694,122.583694],"rotationMatrix":[-0.764780164,-0.644291282,0,0.644291282,-0.764780164,0,0,0,1],"scale":0.878534317,"type":"pac_rock_medium_flat"}
{"ctxid":0,"pos":[693.551208,36.9646111,122.469055],"rotationMatrix":[0.578815103,0.672084212,0.461817861,-0.690314174,0.102361441,0.716231942,0.434095979,-0.733365297,0.52319777],"scale":0.945426166,"type":"pac_rock_medium_flat"}
{"ctxid":0,"pos":[700.274414,57.3432007,122.082573],"rotationMatrix":[0.285399675,0.958407938,-0.00099453656,-0.958310068,0.285385132,0.0140313115,0.0137315486,-0.0030514556,0.999901056],"scale":1.10660458,"type":"pac_rock_medium_flat"}
{"ctxid":0,"pos":[694.511169,67.5548935,122.674767],"rotationMatrix":[0.35200876,-0.935996592,0,0.935996592,0.35200876,0,0,0,1],"scale":0.83565706,"type":"pac_rock_medium_flat"}
{"ctxid":0,"pos":[694.946899,61.8584099,122.29142],"rotationMatrix":[-0.0376756191,-0.999288082,-0.00189981516,0.998824239,-0.0375999212,-0.0305964425,0.030503232,-0.00305032264,0.999530017],"scale":1.01842999,"type":"pac_rock_medium_flat"}
{"ctxid":0,"pos":[704.034729,-54.662632,123.326408],"rotationMatrix":[-0.28051734,-0.959848702,0,0.959848702,-0.28051734,0,0,0,1],"scale":1.14277422,"type":"pac_rock_medium_flat"}
{"ctxid":0,"pos":[686.669373,82.6834869,123.817978],"rotationMatrix":[0.610947967,-0.79167068,0,0.79167068,0.610947967,0,0,0,1],"scale":0.885927975,"type":"pac_rock_medium_flat"}
{"ctxid":0,"pos":[698.510986,94.222168,123.160286],"rotationMatrix":[0.651023149,0.75905782,0,-0.75905782,0.651023149,0,0,0,1],"scale":1.01859975,"type":"pac_rock_medium_flat"}
{"ctxid":0,"pos":[695.464355,93.8700027,123.500687],"rotationMatrix":[0.747435927,-0.66433388,0,0.66433388,0.747435927,0,0,0,1],"scale":1.16837084,"type":"pac_rock_medium_flat"}
{"ctxid":0,"pos":[688.558472,98.3556976,124.675545],"rotationMatrix":[0.91553551,-0.393730611,-0.0822853819,0.396109015,0.918093324,0.0142239071,0.0699452683,-0.0456164777,0.996507287],"scale":0.922792196,"type":"pac_rock_medium_flat"}
{"ctxid":0,"pos":[579.491699,910.731628,127.195015],"rotationMatrix":[-0.205457926,0.97700572,-0.0569767989,-0.977048993,-0.201425552,0.0692999288,0.056229841,0.0699073747,0.995967448],"scale":1.04271019,"type":"pac_rock_medium_flat"}
{"ctxid":0,"pos":[597.695618,908.860779,123.248184],"rotationMatrix":[0.698657751,0.715456009,0,-0.715456009,0.698657751,0,0,0,1],"scale":1.14470744,"type":"pac_rock_medium_flat"}
{"ctxid":0,"pos":[606.864685,911.480042,119.535751],"rotationMatrix":[0.36390698,0.923681498,-0.119933486,-0.922771931,0.375041962,0.0885172561,0.126741841,0.0784592405,0.988827944],"scale":1.07306373,"type":"pac_rock_medium_flat"}
{"ctxid":0,"pos":[604.753418,904.932739,121.220139],"rotationMatrix":[-0.656291962,0.754017055,0.0271889791,-0.744761407,-0.653167248,0.136759341,0.120877825,0.0695047379,0.990231097],"scale":1.19838488,"type":"pac_rock_medium_flat"}
{"ctxid":0,"pos":[600.766479,911.582336,121.698524],"rotationMatrix":[-0.890272975,-0.347802192,0.294019073,0.328314215,-0.937549829,-0.114933319,0.315631658,-0.00579140335,0.948864102],"scale":1.16249371,"type":"pac_rock_medium_flat"}
{"ctxid":0,"pos":[536.112488,923.241699,123.636307],"rotationMatrix":[0.839713097,-0.543030322,0,0.543030322,0.839713097,0,0,0,1],"scale":0.992821217,"type":"pac_rock_medium_flat"}
{"ctxid":0,"pos":[528.421936,925.771423,123.406128],"rotationMatrix":[0.751092553,0.66019696,0,-0.66019696,0.751092553,0,0,0,1],"scale":1.09358096,"type":"pac_rock_medium_flat"}
{"ctxid":0,"pos":[431.349365,927.313782,125.366455],"rotationMatrix":[0.609654665,-0.76455301,-0.209236175,0.792219818,0.5965662,0.128438503,0.0266251788,-0.244064182,0.969393492],"scale":1.09669363,"type":"pac_rock_medium_flat"}
{"ctxid":0,"pos":[425.436829,927.378601,125.534851],"rotationMatrix":[0.0844367146,-0.994691908,0.0588068776,0.996418297,0.084017992,-0.00956108607,0.00456950441,0.0594035611,0.998223603],"scale":0.856852412,"type":"pac_rock_medium_flat"}
{"ctxid":0,"pos":[429.713501,928.591064,125.591599],"rotationMatrix":[-0.731822014,-0.657317519,-0.179916084,0.680782914,-0.717190385,-0.14890334,-0.031157352,-0.231454581,0.972346663],"scale":1.16562474,"type":"pac_rock_medium_flat"}
{"ctxid":0,"pos":[392.277466,927.629028,126.959282],"rotationMatrix":[-0.0847580433,-0.992684126,-0.0859880596,0.996307492,-0.0856188536,0.00636612251,-0.0136817656,-0.0851309747,0.996275842],"scale":1.15335107,"type":"pac_rock_medium_flat"}
{"ctxid":0,"pos":[397.253326,927.947144,126.83651],"rotationMatrix":[0.514765978,-0.855401099,-0.0574886724,0.856484473,0.516078949,-0.00983555056,0.0380820334,-0.0441751555,0.998297691],"scale":0.868193805,"type":"pac_rock_medium_flat"}
{"ctxid":0,"pos":[366.794006,905.536194,126.361649],"rotationMatrix":[-0.845580339,0.478810638,0.236079633,-0.533733368,-0.767388821,-0.355306029,0.0110406131,-0.426443517,0.904446781],"scale":1.09823561,"type":"pac_rock_medium_flat"}
{"ctxid":0,"pos":[354.963806,909.146118,125.44558],"rotationMatrix":[-0.626059413,-0.778955877,-0.0357336849,0.772313297,-0.625741601,0.109450191,-0.107616931,0.0409247465,0.993349791],"scale":0.973963857,"type":"pac_rock_medium_flat"}
{"ctxid":0,"pos":[692.437073,781.451782,127.369347],"rotationMatrix":[0.549992561,0.805546343,-0.220461473,-0.832726896,0.549107254,-0.0710431263,0.0638284534,0.222657382,0.972805023],"scale":0.808419406,"type":"pac_rock_medium_flat"}
{"ctxid":0,"pos":[717.427795,783.523682,129.65831],"rotationMatrix":[0.916047156,0.371174395,0.151944399,-0.323739707,0.907936871,-0.266163796,-0.236749142,0.194628134,0.951876938],"scale":1.07418072,"type":"pac_rock_medium_flat"}
{"ctxid":0,"pos":[-117.842239,826.347168,125.17025],"rotationMatrix":[-0.100995757,-0.994886816,0,0.994886816,-0.100995757,0,0,0,1],"scale":1.18710887,"type":"pac_rock_medium_flat"}
{"ctxid":0,"pos":[-119.750435,828.074585,124.994766],"rotationMatrix":[-0.962638259,0.270790488,0,-0.270790488,-0.962638259,0,0,0,1],"scale":1.19819915,"type":"pac_rock_medium_flat"}
{"ctxid":0,"pos":[-97.3906784,871.057312,124.357903],"rotationMatrix":[0.990160704,0.139934704,0,-0.139934704,0.990160704,0,0,0,1],"scale":0.913287461,"type":"pac_rock_medium_flat"}
{"ctxid":0,"pos":[-88.1446381,868.214539,123.745323],"rotationMatrix":[0.753866255,0.657028019,0,-0.657028019,0.753866255,0,0,0,1],"scale":1.009758,"type":"pac_rock_medium_flat"}
{"ctxid":0,"pos":[-99.9896851,870.534119,124.456261],"rotationMatrix":[-0.978977799,0.203966781,0,-0.203966781,-0.978977799,0,0,0,1],"scale":1.16721046,"type":"pac_rock_medium_flat"}
{"ctxid":0,"pos":[-918.069946,965.58136,123.532921],"rotationMatrix":[0.995916963,-0.0902734473,0,0.0902734473,0.995916963,0,0,0,1],"scale":0.837150872,"type":"pac_rock_medium_flat"}
{"ctxid":0,"pos":[-860.439697,984.17865,125.669945],"rotationMatrix":[-0.335006982,0.942215562,0,-0.942215562,-0.335006982,0,0,0,1],"scale":1.12282526,"type":"pac_rock_medium_flat"}
{"ctxid":0,"pos":[-861.477844,984.152344,125.820961],"rotationMatrix":[0.632414222,-0.774630427,0,0.774630427,0.632414222,0,0,0,1],"scale":0.851818085,"type":"pac_rock_medium_flat"}
{"ctxid":0,"pos":[-858.897339,974.123657,126.122231],"rotationMatrix":[0.431948066,-0.901898384,0,0.901898384,0.431948066,0,0,0,1],"scale":0.909431458,"type":"pac_rock_medium_flat"}
{"ctxid":0,"pos":[-900.518005,979.980957,126.391205],"rotationMatrix":[0.892059267,-0.451918244,0,0.451918244,0.892059267,0,0,0,1],"scale":0.859183908,"type":"pac_rock_medium_flat"}
{"ctxid":0,"pos":[-912.018677,969.504089,124.912407],"rotationMatrix":[0.0181380417,-0.999835491,0,0.999835491,0.0181380417,0,0,0,1],"scale":0.982771814,"type":"pac_rock_medium_flat"}
{"ctxid":0,"pos":[-910.585449,973.493896,125.490021],"rotationMatrix":[-0.0939182937,0.995579839,0,-0.995579839,-0.0939182937,0,0,0,1],"scale":0.992080152,"type":"pac_rock_medium_flat"}
{"ctxid":0,"pos":[-806.64801,975.082336,127.196114],"rotationMatrix":[-0.155246496,-0.9878757,0,0.9878757,-0.155246496,0,0,0,1],"scale":1.09579182,"type":"pac_rock_medium_flat"}
{"ctxid":0,"pos":[-855.95813,656.666931,121.979431],"rotationMatrix":[-0.994092464,0.108536676,0,-0.108536676,-0.994092464,0,0,0,1],"scale":0.863996565,"type":"pac_rock_medium_flat"}
{"ctxid":0,"pos":[-858.638977,680.570984,124.896515],"rotationMatrix":[-0.294328749,0.955704212,0,-0.955704212,-0.294328749,0,0,0,1],"scale":1.0292902,"type":"pac_rock_medium_flat"}
{"ctxid":0,"pos":[-462.443268,879.731689,122.855194],"rotationMatrix":[-0.658502042,0.752578795,0,-0.752578795,-0.658502042,0,0,0,1],"scale":0.93260169,"type":"pac_rock_medium_flat"}
{"ctxid":0,"pos":[-464.64267,874.047485,123.124336],"rotationMatrix":[-0.329473972,-0.944164634,0,0.944164634,-0.329473972,0,0,0,1],"scale":0.8560763,"type":"pac_rock_medium_flat"}
{"ctxid":0,"pos":[-457.617615,871.698303,123.62867],"rotationMatrix":[0.838621378,-0.544714808,0,0.544714808,0.838621378,0,0,0,1],"scale":1.18732405,"type":"pac_rock_medium_flat"}
{"ctxid":0,"pos":[-948.337769,470.66922,124.069946],"rotationMatrix":[0.353302121,0.927434862,-0.122646131,-0.932564795,0.359543681,0.0324199162,0.0741639957,0.102921456,0.991920829],"scale":1.18757343,"type":"pac_rock_medium_flat"}
{"ctxid":0,"pos":[-954.345642,476.708862,122.910965],"rotationMatrix":[-0.674762249,0.738034785,0,-0.738034785,-0.674762249,0,0,0,1],"scale":0.85400188,"type":"pac_rock_medium_flat"}
{"ctxid":0,"pos":[-834.14386,125.917404,122.731339],"rotationMatrix":[0.850185633,-0.52648294,0,0.52648294,0.850185633,0,0,0,1],"scale":1.07119751,"type":"pac_rock_medium_flat"}
{"ctxid":0,"pos":[-841.195435,139.486145,122.818573],"rotationMatrix":[0.98833549,0.152292237,0,-0.152292237,0.98833549,0,0,0,1],"scale":1.07244551,"type":"pac_rock_medium_flat"}
{"ctxid":0,"pos":[-854.755554,158.84111,121.987968],"rotationMatrix":[-0.413484097,0.910511196,0,-0.910511196,-0.413484097,0,0,0,1],"scale":0.801855266,"type":"pac_rock_medium_flat"}
{"ctxid":0,"pos":[-845.177551,169.841293,123.288345],"rotationMatrix":[-0.715675354,0.698432684,0,-0.698432684,-0.715675354,0,0,0,1],"scale":0.840610981,"type":"pac_rock_medium_flat"}
{"ctxid":0,"pos":[-846.760803,203.454575,122.957932],"rotationMatrix":[0.118167996,-0.992993474,0,0.992993474,0.118167996,0,0,0,1],"scale":0.838027179,"type":"pac_rock_medium_flat"}
{"ctxid":0,"pos":[-846.758972,197.921539,122.278473],"rotationMatrix":[0.869507432,0.492905974,0.0316310674,-0.493882239,0.868446708,0.0433656387,-0.00609471463,-0.0533287711,0.998558402],"scale":0.862493515,"type":"pac_rock_medium_flat"}
{"ctxid":0,"pos":[-856.891479,241.95343,123.660515],"rotationMatrix":[0.886405647,-0.462909251,0,0.462909251,0.886405647,0,0,0,1],"scale":0.915107012,"type":"pac_rock_medium_flat"}
{"ctxid":0,"pos":[-860.11145,243.415146,123.000397],"rotationMatrix":[-0.883619189,-0.468206137,0,0.468206137,-0.883619189,0,0,0,1],"scale":0.920029342,"type":"pac_rock_medium_flat"}
{"ctxid":0,"pos":[-857.6297,259.732056,122.425697],"rotationMatrix":[0.898230791,0.438041747,0.0360672176,-0.438568175,0.89866358,0.00785394013,-0.0289719421,-0.0228725839,0.99931848],"scale":0.858478129,"type":"pac_rock_medium_flat"}
{"ctxid":0,"pos":[-859.327881,279.092896,122.238976],"rotationMatrix":[-0.424407244,0.905400097,-0.0113544706,-0.905367196,-0.424515247,-0.00984229147,-0.0137313586,0.00610282691,0.999887109],"scale":0.811501563,"type":"pac_rock_medium_flat"}
{"ctxid":0,"pos":[-866.892761,332.13855,122.038559],"rotationMatrix":[-0.565963149,0.821088672,0.0741527826,-0.822633147,-0.556504965,-0.116517991,-0.0544051975,-0.126945466,0.990416527],"scale":1.17822075,"type":"pac_rock_medium_flat"}
{"ctxid":0,"pos":[-850.640991,337.501648,121.922653],"rotationMatrix":[-0.370570421,0.91000104,0.185944557,-0.92269361,-0.383606315,0.0385018438,0.106366254,-0.157302216,0.981805623],"scale":1.03276205,"type":"pac_rock_medium_flat"}
{"ctxid":0,"pos":[-858.207581,234.361588,124.096893],"rotationMatrix":[-0.673384786,0.739291787,0,-0.739291787,-0.673384786,0,0,0,1],"scale":1.04849279,"type":"pac_rock_medium_flat"}
{"ctxid":0,"pos":[-956.143555,-285.455627,124.083252],"rotationMatrix":[-0.067468226,-0.997721374,0,0.997721374,-0.067468226,0,0,0,1],"scale":0.895135105,"type":"pac_rock_medium_flat"}
{"ctxid":0,"pos":[-961.337463,-275.40683,125.568581],"rotationMatrix":[0.963204861,0.26876834,0,-0.26876834,0.963204861,0,0,0,1],"scale":1.01444471,"type":"pac_rock_medium_flat"}
{"ctxid":0,"pos":[-953.862732,-287.124603,123.847694],"rotationMatrix":[0.833536029,0.5524652,0,-0.5524652,0.833536029,0,0,0,1],"scale":1.12312126,"type":"pac_rock_medium_flat"}
{"ctxid":0,"pos":[-951.662476,-282.686218,124.553032],"rotationMatrix":[0.938527107,0.345205575,0,-0.345205575,0.938527107,0,0,0,1],"scale":1.09885216,"type":"pac_rock_medium_flat"}
{"ctxid":0,"pos":[-963.004395,-285.737305,123.779663],"rotationMatrix":[0.86825186,0.496123761,0,-0.496123761,0.86825186,0,0,0,1],"scale":0.935782969,"type":"pac_rock_medium_flat"}
{"ctxid":0,"pos":[-966.014648,-283.876556,124.345482],"rotationMatrix":[-0.893726349,-0.44861272,0,0.44861272,-0.893726349,0,0,0,1],"scale":1.06803393,"type":"pac_rock_medium_flat"}
{"ctxid":0,"pos":[-988.130188,-270.681335,116.47007],"rotationMatrix":[-0.86794734,0.496656299,0,-0.496656299,-0.86794734,0,0,0,1],"scale":1.00396562,"type":"pac_rock_medium_flat"}
{"ctxid":0,"pos":[-981.13678,-270.034851,124.793732],"rotationMatrix":[-0.903350651,-0.428902924,0,0.428902924,-0.903350651,0,0,0,1],"scale":1.01721787,"type":"pac_rock_medium_flat"}
{"ctxid":0,"pos":[-978.743896,-298.543274,119.874565],"rotationMatrix":[0.456852913,0.889542341,0,-0.889542341,0.456852913,0,0,0,1],"scale":1.17550457,"type":"pac_rock_medium_flat"}
{"ctxid":0,"pos":[-971.534912,-306.781586,121.364784],"rotationMatrix":[0.567297876,-0.823512673,0,0.823512673,0.567297876,0,0,0,1],"scale":1.13480985,"type":"pac_rock_medium_flat"}
{"ctxid":0,"pos":[-974.244812,-294.965912,121.877853],"rotationMatrix":[0.885460615,-0.464714319,0,0.464714319,0.885460615,0,0,0,1],"scale":0.996204853,"type":"pac_rock_medium_flat"}
{"ctxid":0,"pos":[-967.990112,-296.975342,122.337135],"rotationMatrix":[-0.745134652,0.666913927,0,-0.666913927,-0.745134652,0,0,0,1],"scale":0.99965477,"type":"pac_rock_medium_flat"}
{"ctxid":0,"pos":[-976.168396,-283.655334,122.070969],"rotationMatrix":[-0.994482636,-0.104901232,0,0.104901232,-0.994482636,0,0,0,1],"scale":0.938103795,"type":"pac_rock_medium_flat"}
{"ctxid":0,"pos":[-973.315063,-291.185455,122.183472],"rotationMatrix":[-0.982771635,0.184824139,0,-0.184824139,-0.982771635,0,0,0,1],"scale":1.19570112,"type":"pac_rock_medium_flat"}
{"ctxid":0,"pos":[-939.638916,-285.751129,125.480469],"rotationMatrix":[-0.754646838,0.656131208,0,-0.656131208,-0.754646838,0,0,0,1],"scale":0.98683095,"type":"pac_rock_medium_flat"}
{"ctxid":0,"pos":[-931.711975,-412.874359,122.884102],"rotationMatrix":[-0.876463234,0.481468916,0,-0.481468916,-0.876463234,0,0,0,1],"scale":0.938751221,"type":"pac_rock_medium_flat"}
{"ctxid":0,"pos":[-921.335388,-407.65448,124.270378],"rotationMatrix":[-0.851736903,0.523969591,0,-0.523969591,-0.851736903,0,0,0,1],"scale":0.972906232,"type":"pac_rock_medium_flat"}
{"ctxid":0,"pos":[-794.636108,-737.099976,154.245209],"rotationMatrix":[0.780988038,0.602192104,0.165596902,-0.623551905,0.736882091,0.261128068,0.0352238789,-0.30719614,0.950994134],"scale":1.19419098,"type":"pac_rock_medium_flat"}
{"ctxid":0,"pos":[-793.943359,-738.834595,154.282913],"rotationMatrix":[0.657696307,0.70349288,0.269320011,-0.75105834,0.584951997,0.30617395,0.0578519404,-0.403644532,0.913084984],"scale":0.972694874,"type":"pac_rock_medium_flat"}
{"ctxid":0,"pos":[-795.672302,-743.720337,152.314514],"rotationMatrix":[-0.329069853,-0.924352407,-0.193093628,0.943802953,-0.315276384,-0.0991777554,0.0307972953,-0.214878827,0.976155043],"scale":0.94265449,"type":"pac_rock_medium_flat"}
{"ctxid":0,"pos":[-794.657349,-749.404053,151.426804],"rotationMatrix":[-0.385885835,-0.900540173,-0.200297415,0.921619475,-0.366572857,-0.127441689,0.0413427353,-0.233775988,0.971411109],"scale":0.905004799,"type":"pac_rock_medium_flat"}
{"ctxid":0,"pos":[-794.912476,-746.598755,151.806824],"rotationMatrix":[0.422807932,0.884993911,0.194984734,-0.905275702,0.402659178,0.135430396,0.0413427204,-0.233776003,0.971411109],"scale":0.839679122,"type":"pac_rock_medium_flat"}
{"ctxid":0,"pos":[-792.769714,-755.130371,149.682831],"rotationMatrix":[-0.41048336,-0.901853502,-0.13477248,0.911426961,-0.401182532,-0.0913964659,0.0283578634,-0.160352007,0.986652434],"scale":0.912167192,"type":"pac_rock_medium_flat"}
{"ctxid":0,"pos":[-787.985596,-769.925293,144.991577],"rotationMatrix":[-0.620203018,-0.783534825,-0.0376985148,0.781989038,-0.61375308,-0.108628109,0.061976321,-0.0968513191,0.993367374],"scale":0.849763334,"type":"pac_rock_medium_flat"}
{"ctxid":0,"pos":[-792.030396,-754.276428,149.921432],"rotationMatrix":[-0.929528236,0.358812481,0.0850306973,-0.367658049,-0.919532657,-0.138876617,0.0283578578,-0.160351992,0.986652434],"scale":1.10988545,"type":"pac_rock_medium_flat"}
{"ctxid":0,"pos":[-792.674316,-747.824524,151.335205],"rotationMatrix":[0.311676264,0.926745653,0.209762245,-0.949288368,0.294093609,0.111176595,0.0413427278,-0.233775988,0.971411109],"scale":0.812937498,"type":"pac_rock_medium_flat"}
