{"ctxid":0,"pos":[-62.1991005,-136.445007,143.035599],"rotationMatrix":[0.960470855,0.278380454,0,-0.278380454,0.960470855,0,0,0,1],"scale":0.989801168,"type":"palm_bend_sml"}
{"ctxid":0,"pos":[-15.1658001,-190.024994,144.988998],"rotationMatrix":[-0.726048589,-0.687643409,0,0.687643409,-0.726048589,0,0,0,1],"scale":0.824473083,"type":"palm_bend_sml"}
{"ctxid":0,"pos":[-176.268005,-136.899994,135.164993],"rotationMatrix":[-0.546098232,-0.837721109,0,0.837721109,-0.546098232,0,0,0,1],"scale":0.864000082,"type":"palm_bend_sml"}
{"ctxid":0,"pos":[-177.888,-134.134003,136.268005],"rotationMatrix":[0.998520017,0.0543851927,0,-0.0543851927,0.998520017,0,0,0,1],"scale":0.990618229,"type":"palm_bend_sml"}
{"ctxid":0,"pos":[-252.210007,-164.712997,142.15773],"rotationMatrix":[0.904139638,0.427237153,0,-0.427237153,0.904139638,0,0,0,1],"scale":0.970478892,"type":"palm_bend_sml"}
{"ctxid":0,"pos":[-247.917007,-649.723999,160.404007],"rotationMatrix":[-0.291959286,0.956430852,0,-0.956430852,-0.291959286,0,0,0,1],"scale":0.970043063,"type":"palm_bend_sml"}
{"ctxid":0,"pos":[-629.145508,-180.102829,156.526001],"rotationMatrix":[0.996521652,-0.0833341628,0,0.0833341628,0.996521652,0,0,0,1],"scale":0.915022969,"type":"palm_bend_sml"}
{"ctxid":0,"pos":[-699.372986,-209.399002,169.617996],"rotationMatrix":[-0.0342291594,0.999413967,0,-0.999413967,-0.0342291594,0,0,0,1],"scale":0.768809974,"type":"palm_bend_sml"}
{"ctxid":0,"pos":[-917.275024,-483.640991,139.294998],"rotationMatrix":[0.540322721,-0.799926043,0.261093199,0.790675879,0.588815689,0.167713463,-0.28789413,0.115820706,0.950632691],"scale":1.05517685,"type":"palm_bend_sml"}
{"ctxid":0,"pos":[-907.163025,-493.980011,142.604996],"rotationMatrix":[0.573024631,-0.811170101,-0.116815768,0.808443546,0.582870007,-0.0817409977,0.134394258,-0.047599338,0.989784062],"scale":0.834395707,"type":"palm_bend_sml"}
{"ctxid":0,"pos":[-938.570984,-821.78302,136.270004],"rotationMatrix":[-0.985920787,-0.167213127,0,0.167213127,-0.985920787,0,0,0,1],"scale":0.854573309,"type":"palm_bend_sml"}
{"ctxid":0,"pos":[-18.4386997,777.013,130.498001],"rotationMatrix":[-0.992386222,0.123164289,0,-0.123164289,-0.992386222,0,0,0,1],"scale":0.968109965,"type":"palm_bend_sml"}
{"ctxid":0,"pos":[-38.2781982,781.684021,129.302994],"rotationMatrix":[-0.904778361,0.425882876,0,-0.425882876,-0.904778361,0,0,0,1],"scale":0.892112553,"type":"palm_bend_sml"}
{"ctxid":0,"pos":[-50.1548996,785.919983,128.947006],"rotationMatrix":[-0.980597138,0.196034431,0,-0.196034431,-0.980597138,0,0,0,1],"scale":0.872327328,"type":"palm_bend_sml"}
{"ctxid":0,"pos":[-35.1697998,751.776978,132.544006],"rotationMatrix":[-0.96912396,0.23666878,0.0691858232,-0.24463667,-0.957988679,-0.149701551,0.0308495536,-0.162004754,0.986307681],"scale":0.883621156,"type":"palm_bend_sml"}
{"ctxid":0,"pos":[-60.2193985,763.341003,132.173004],"rotationMatrix":[-0.980327368,0.192799255,0.0422714874,-0.197225302,-0.948388696,-0.24831681,-0.00778549165,-0.251768768,0.967756152],"scale":0.938436568,"type":"palm_bend_sml"}
{"ctxid":0,"pos":[-376.76001,862.379028,130.615005],"rotationMatrix":[-0.86552608,-0.500863969,0,0.500863969,-0.86552608,0,0,0,1],"scale":0.934019923,"type":"palm_bend_sml"}
{"ctxid":0,"pos":[-283.480988,182.686996,222.016006],"rotationMatrix":[-0.392345667,-0.919817805,0,0.919817805,-0.392345667,0,0,0,1],"scale":0.96574688,"type":"palm_bend_sml"}
{"ctxid":0,"pos":[-676.497986,827.125,127.652],"rotationMatrix":[-0.158643484,0.98733598,0,-0.98733598,-0.158643484,0,0,0,1],"scale":1.00313032,"type":"palm_bend_sml"}
{"ctxid":0,"pos":[-682.59198,630.809998,126.980003],"rotationMatrix":[-0.158584833,-0.973250926,-0.166233227,0.985897839,-0.165205121,0.0266955718,-0.0534440875,-0.159655482,0.985725045],"scale":0.784671009,"type":"palm_bend_sml"}
{"ctxid":0,"pos":[-721.317993,708.132996,128.695007],"rotationMatrix":[0.967703938,0.0822501183,-0.238293856,-0.127340302,0.97529918,-0.180488259,0.217562616,0.205003619,0.954274595],"scale":0.927108407,"type":"palm_bend_sml"}
{"ctxid":0,"pos":[-736.71698,705.372009,128.707993],"rotationMatrix":[0.984578669,0.17494233,0,-0.17494233,0.984578669,0,0,0,1],"scale":0.966791213,"type":"palm_bend_sml"}
{"ctxid":0,"pos":[-700.189026,568.802979,128.283005],"rotationMatrix":[-0.599121928,-0.800657749,0,0.800657749,-0.599121928,0,0,0,1],"scale":0.895904303,"type":"palm_bend_sml"}
{"ctxid":0,"pos":[-738.283997,546.512024,127.977997],"rotationMatrix":[-0.665128589,-0.746728957,0,0.746728957,-0.665128589,0,0,0,1],"scale":0.928722203,"type":"palm_bend_sml"}
{"ctxid":0,"pos":[-777.390991,927.028992,135.925003],"rotationMatrix":[-0.703386545,0.710807443,0,-0.710807443,-0.703386545,0,0,0,1],"scale":0.904134333,"type":"palm_bend_sml"}
{"ctxid":0,"pos":[-845.021973,962.08197,130.619003],"rotationMatrix":[-0.980636477,-0.195836693,0,0.195836693,-0.980636477,0,0,0,1],"scale":0.850921988,"type":"palm_bend_sml"}
{"ctxid":0,"pos":[-754.760986,760.294983,145.977997],"rotationMatrix":[0.902407944,0.430882722,0,-0.430882722,0.902407944,0,0,0,1],"scale":0.97188282,"type":"palm_bend_sml"}
{"ctxid":0,"pos":[-769.484985,757.317017,144.832001],"rotationMatrix":[0.99537164,-0.0961002335,0,0.0961002335,0.99537164,0,0,0,1],"scale":0.894272625,"type":"palm_bend_sml"}
{"ctxid":0,"pos":[-678.171997,12.0515003,157.938004],"rotationMatrix":[-0.811136961,-0.58485651,0,0.58485651,-0.811136961,0,0,0,1],"scale":0.822552204,"type":"palm_bend_sml"}
{"ctxid":0,"pos":[-821.320984,127.875,127.763],"rotationMatrix":[0.345321298,-0.912665069,0.218622178,0.925726831,0.369535863,0.0804553926,-0.154217571,0.174601465,0.972487152],"scale":0.815191507,"type":"palm_bend_sml"}
{"ctxid":0,"pos":[-814.648987,120.862999,127.286003],"rotationMatrix":[0.589731693,-0.788995028,-0.172346726,0.781225681,0.611423373,-0.125888601,0.204702303,-0.0604011826,0.976958871],"scale":1.02575731,"type":"palm_bend_sml"}
{"ctxid":0,"pos":[-843.851013,229.761993,129.003006],"rotationMatrix":[0.614226758,-0.789129555,0,0.789129555,0.614226758,0,0,0,1],"scale":0.791224003,"type":"palm_bend_sml"}
{"ctxid":0,"pos":[-823.778015,228.063995,129.628998],"rotationMatrix":[-0.316494226,0.948594451,0,-0.948594451,-0.316494226,0,0,0,1],"scale":0.876230896,"type":"palm_bend_sml"}
{"ctxid":0,"pos":[784.10199,-756.33197,136.167999],"rotationMatrix":[0.979521334,-0.201340288,0,0.201340288,0.979521334,0,0,0,1],"scale":0.831873298,"type":"palm_bend_sml"}
{"ctxid":0,"pos":[366.135986,-11.9903002,238.181],"rotationMatrix":[0.244087577,-0.969753206,0,0.969753206,0.244087577,0,0,0,1],"scale":0.916529059,"type":"palm_bend_sml"}
{"ctxid":0,"pos":[56.3175011,-65.5578995,131.993362],"rotationMatrix":[0.98440671,0.175907522,0,-0.175907522,0.98440671,0,0,0,1],"scale":0.782455325,"type":"palm_bend_sml"}
{"ctxid":0,"pos":[388.450012,-820.405029,142.878113],"rotationMatrix":[-0.766221166,0.642576993,0,-0.642576993,-0.766221166,0,0,0,1],"scale":0.880260289,"type":"palm_bend_sml"}
{"ctxid":0,"pos":[201.216995,-696.406982,142.761002],"rotationMatrix":[0.961696088,0.274118006,0,-0.274118006,0.961696088,0,0,0,1],"scale":0.806749582,"type":"palm_bend_sml"}
{"ctxid":0,"pos":[129.873993,-660.125,165.035004],"rotationMatrix":[-0.898212671,-0.439561367,0,0.439561367,-0.898212671,0,0,0,1],"scale":0.83987397,"type":"palm_bend_sml"}
{"ctxid":0,"pos":[170.175247,-690.635498,145.953857],"rotationMatrix":[0.972104669,-0.234547585,0,0.234547585,0.972104669,0,0,0,1],"scale":0.836583197,"type":"palm_bend_sml"}
{"ctxid":0,"pos":[105.914001,-647.692993,150.011993],"rotationMatrix":[-0.984334707,-0.176310271,0,0.176310271,-0.984334707,0,0,0,1],"scale":0.830902457,"type":"palm_bend_sml"}
{"ctxid":0,"pos":[104.691002,-644.271973,147.787003],"rotationMatrix":[-0.967738986,0.24827677,0.0428945124,-0.251933068,-0.95577383,-0.151743546,0.00332292914,-0.157654628,0.987488747],"scale":0.861854732,"type":"palm_bend_sml"}
{"ctxid":0,"pos":[946.208984,831.937988,139.75],"rotationMatrix":[-0.797123075,0.603817046,0,-0.603817046,-0.797123075,0,0,0,1],"scale":0.777479947,"type":"palm_bend_sml"}
{"ctxid":0,"pos":[857.16803,857.747009,138.326004],"rotationMatrix":[-0.80544138,0.592675388,0,-0.592675388,-0.80544138,0,0,0,1],"scale":0.917188466,"type":"palm_bend_sml"}
{"ctxid":0,"pos":[667.330994,736.33197,142.647003],"rotationMatrix":[-0.970233679,0.242170274,0,-0.242170274,-0.970233679,0,0,0,1],"scale":0.950356007,"type":"palm_bend_sml"}
{"ctxid":0,"pos":[658.86499,735.909973,143.783005],"rotationMatrix":[-0.89252758,-0.433802456,-0.123329163,0.396429509,-0.885025382,0.244077668,-0.215030909,0.168954715,0.961881518],"scale":0.787531316,"type":"palm_bend_sml"}
{"ctxid":0,"pos":[772.14801,296.118011,129.565002],"rotationMatrix":[-0.472262263,0.850830615,0.23033765,-0.853098452,-0.506937981,0.123436801,0.221790731,-0.138206169,0.965250194],"scale":0.767865181,"type":"palm_bend_sml"}
{"ctxid":0,"pos":[767.796997,272.131989,128.173996],"rotationMatrix":[0.227740824,0.973721802,0,-0.973721802,0.227740824,0,0,0,1],"scale":0.88255322,"type":"palm_bend_sml"}
{"ctxid":0,"pos":[768.171997,275.928009,129.005005],"rotationMatrix":[-0.573103547,0.819482982,0,-0.819482982,-0.573103547,0,0,0,1],"scale":0.799803436,"type":"palm_bend_sml"}
{"ctxid":0,"pos":[110.200996,753.471985,133.356003],"rotationMatrix":[-0.991601706,-0.129328519,0,0.129328519,-0.991601706,0,0,0,1],"scale":0.855182648,"type":"palm_bend_sml"}
{"ctxid":0,"pos":[39.5181999,764.732971,130.199997],"rotationMatrix":[-0.818169951,0.539314747,0.199342236,-0.478620678,-0.830939531,0.283657312,0.318621963,0.136670604,0.937977195],"scale":0.997442245,"type":"palm_bend_sml"}
{"ctxid":0,"pos":[7.80289984,764.934021,130.158005],"rotationMatrix":[-0.986321568,0.152950883,0.0614480451,-0.120095491,-0.922165275,0.367679834,0.112902202,0.355270922,0.927920103],"scale":0.978049815,"type":"palm_bend_sml"}
{"ctxid":0,"pos":[12.8990002,738.405029,132.705002],"rotationMatrix":[-0.146916151,0.989148915,0,-0.989148915,-0.146916151,0,0,0,1],"scale":0.781628251,"type":"palm_bend_sml"}
{"ctxid":0,"pos":[311.993988,46.9733009,225.945999],"rotationMatrix":[0.275508583,-0.961298585,0,0.961298585,0.275508583,0,0,0,1],"scale":0.768438697,"type":"palm_bend_sml"}
{"ctxid":0,"pos":[190.238998,69.6989975,222.839996],"rotationMatrix":[0.897022545,-0.441984773,0,0.441984773,0.897022545,0,0,0,1],"scale":0.871094167,"type":"palm_bend_sml"}
{"ctxid":0,"pos":[182.016998,45.4838982,199.556],"rotationMatrix":[0.939241827,-0.343256146,0,0.343256146,0.939241827,0,0,0,1],"scale":0.822627425,"type":"palm_bend_sml"}
{"ctxid":0,"pos":[62.7422981,87.8884964,206.003998],"rotationMatrix":[0.827930927,0.560830116,0,-0.560830116,0.827930927,0,0,0,1],"scale":0.902054131,"type":"palm_bend_sml"}
{"ctxid":0,"pos":[211.428238,-520.698975,126.278687],"rotationMatrix":[-0.999480069,-0.0322434902,0,0.0322434902,-0.999480069,0,0,0,1],"scale":0.910457611,"type":"palm_bend_sml"}
{"ctxid":0,"pos":[188.551682,-586.98175,139.382919],"rotationMatrix":[-0.483919352,0.875112593,0,-0.875112593,-0.483919352,0,0,0,1],"scale":1.08098924,"type":"palm_bend_sml"}
{"ctxid":0,"pos":[192.838882,-585.888794,139.867798],"rotationMatrix":[-0.86960268,0.493752122,0,-0.493752122,-0.86960268,0,0,0,1],"scale":1.07975209,"type":"palm_bend_sml"}
{"ctxid":0,"pos":[332.77124,-558.18158,130.889847],"rotationMatrix":[-0.983450592,-0.181176588,0,0.181176588,-0.983450592,0,0,0,1],"scale":0.884343266,"type":"palm_bend_sml"}
{"ctxid":0,"pos":[-764.53595,-202.501404,181.835907],"rotationMatrix":[-0.780682802,0.624927521,0,-0.624927521,-0.780682802,0,0,0,1],"scale":0.83541435,"type":"palm_bend_sml"}
{"ctxid":0,"pos":[-771.671631,-191.692261,179.887543],"rotationMatrix":[-0.959260941,0.282521665,0,-0.279274255,-0.948234856,-0.151183903,-0.0427127294,-0.145024806,0.988505661],"scale":1.026088,"type":"palm_bend_sml"}
{"ctxid":0,"pos":[972.565857,-793.187866,128.037872],"rotationMatrix":[-0.380708873,0.924694955,0,-0.924694955,-0.380708873,0,0,0,1],"scale":0.934481859,"type":"palm_bend_sml"}
{"ctxid":0,"pos":[763.369141,907.970581,135.356018],"rotationMatrix":[0.00388605008,-0.99999243,0,0.99999243,0.00388605008,0,0,0,1],"scale":0.945225596,"type":"palm_bend_sml"}
{"ctxid":0,"pos":[870.047607,863.984375,125.497437],"rotationMatrix":[-0.791777372,0.610809743,0,-0.610809743,-0.791777372,0,0,0,1],"scale":0.953438759,"type":"palm_bend_sml"}
{"ctxid":0,"pos":[-701.569763,-502.382111,162.255432],"rotationMatrix":[0.977112949,0.212721244,0,-0.212721244,0.977112949,0,0,0,1],"scale":0.813801289,"type":"palm_bend_sml"}
{"ctxid":0,"pos":[-697.250916,-492.71521,163.60376],"rotationMatrix":[0.405923665,0.913906991,0,-0.913906991,0.405923665,0,0,0,1],"scale":0.871205568,"type":"palm_bend_sml"}
{"ctxid":0,"pos":[792.407898,-775.114258,128.696289],"rotationMatrix":[0.998021364,-0.062875323,0,0.062875323,0.998021364,0,0,0,1],"scale":0.929459929,"type":"palm_bend_sml"}
{"ctxid":0,"pos":[758.747986,-758.920288,127.447571],"rotationMatrix":[0.923349082,-0.383961558,0,0.383961558,0.923349082,0,0,0,1],"scale":0.846202135,"type":"palm_bend_sml"}
{"ctxid":0,"pos":[846.789368,-792.848267,128.33252],"rotationMatrix":[0.99643302,-0.0843877718,0,0.0843877718,0.99643302,0,0,0,1],"scale":1.09187031,"type":"palm_bend_sml"}
{"ctxid":0,"pos":[852.324707,-787.028809,129.645752],"rotationMatrix":[0.983452141,-0.181168318,0,0.17396535,0.944351614,-0.279170543,0.0505768582,0.274550855,0.960241556],"scale":0.859309912,"type":"palm_bend_sml"}
{"ctxid":0,"pos":[860.486938,-797.432861,127.401489],"rotationMatrix":[0.874560177,-0.484916955,0,0.479562819,0.864903867,-0.148191839,0.0718607381,0.129602686,0.988958657],"scale":0.902980626,"type":"palm_bend_sml"}
{"ctxid":0,"pos":[863.659973,-799.865051,126.846008],"rotationMatrix":[0.852607906,-0.522551179,0,0.519091964,0.846963823,0.114872947,-0.0600269958,-0.0979415849,0.993380189],"scale":1.05020344,"type":"palm_bend_sml"}
{"ctxid":0,"pos":[-128.304672,-458.731262,131.018646],"rotationMatrix":[0.221797615,0.975092709,0,-0.975092709,0.221797615,0,0,0,1],"scale":0.955575824,"type":"palm_bend_sml"}
{"ctxid":0,"pos":[-150.187698,-449.858734,132.368912],"rotationMatrix":[-0.659847021,0.751399994,0,-0.751399994,-0.659847021,0,0,0,1],"scale":1.08999801,"type":"palm_bend_sml"}
{"ctxid":0,"pos":[-147.056198,-420.142456,130.776703],"rotationMatrix":[0.995091319,-0.0989612639,0,0.0986904055,0.992367744,-0.0739359334,0.00731679332,0.0735730082,0.997263014],"scale":0.825212777,"type":"palm_bend_sml"}
{"ctxid":0,"pos":[-417.956543,-499.003387,135.353241],"rotationMatrix":[-0.840117574,0.542404413,0,-0.53768903,-0.832813978,-0.131573156,-0.0713658631,-0.110536918,0.991306484],"scale":0.877744377,"type":"palm_bend_sml"}
{"ctxid":0,"pos":[612.31958,-866.835083,130.163315],"rotationMatrix":[-0.760621548,0.649195552,0,-0.608025134,-0.71238476,-0.350447357,-0.227508858,-0.266557813,0.936582446],"scale":1.04886043,"type":"palm_bend_sml"}
{"ctxid":0,"pos":[615.24353,-873.203308,130.185944],"rotationMatrix":[0.20424284,0.978920221,0,-0.930633307,0.19416821,-0.310193986,-0.303655177,0.063354902,0.950673282],"scale":0.914673686,"type":"palm_bend_sml"}
{"ctxid":0,"pos":[606.477905,-863.966797,129.22406],"rotationMatrix":[-0.986121297,-0.166026428,0,0.166026428,-0.986121297,0,0,0,1],"scale":1.03609443,"type":"palm_bend_sml"}
{"ctxid":0,"pos":[608.257263,-876.048218,130.297668],"rotationMatrix":[0.892715096,-0.450621665,0,0.450621665,0.892715096,0,0,0,1],"scale":0.987575591,"type":"palm_bend_sml"}
{"ctxid":0,"pos":[-900.854126,-611.291077,126.332413],"rotationMatrix":[-0.247005522,-0.969013929,0,0.969013929,-0.247005522,0,0,0,1],"scale":1.02380586,"type":"palm_bend_sml"}
{"ctxid":0,"pos":[-902.299866,-582.920166,126.935799],"rotationMatrix":[0.183267549,-0.983063042,0,0.983063042,0.183267549,0,0,0,1],"scale":1.09599221,"type":"palm_bend_sml"}
{"ctxid":0,"pos":[-901.980774,-578.665833,126.830833],"rotationMatrix":[-0.295834184,-0.955239356,0,0.916682541,-0.283893287,-0.281243175,0.268654555,-0.0832013488,0.959636509],"scale":1.08352435,"type":"palm_bend_sml"}
{"ctxid":0,"pos":[-890.689148,-646.338257,128.021301],"rotationMatrix":[0.444903135,-0.895578623,0,0.895578623,0.444903135,0,0,0,1],"scale":1.06762218,"type":"palm_bend_sml"}
{"ctxid":0,"pos":[-900.88739,-684.076904,127.362671],"rotationMatrix":[-0.49473834,-0.869042158,0,0.869042158,-0.49473834,0,0,0,1],"scale":1.003456,"type":"palm_bend_sml"}
{"ctxid":0,"pos":[-905.698486,-703.365173,129.346954],"rotationMatrix":[-0.767642021,-0.640878856,0,0.640878856,-0.767642021,0,0,0,1],"scale":0.954010963,"type":"palm_bend_sml"}
{"ctxid":0,"pos":[-913.640442,-704.914062,127.966721],"rotationMatrix":[-0.813794255,-0.581153035,0,0.533783257,-0.747461915,-0.395444095,0.229813531,-0.321810126,0.918490052],"scale":0.800473928,"type":"palm_bend_sml"}
{"ctxid":0,"pos":[-918.040649,-713.195923,128.363647],"rotationMatrix":[-0.744086266,-0.668083549,0,0.668083549,-0.744086266,0,0,0,1],"scale":1.08226931,"type":"palm_bend_sml"}
{"ctxid":0,"pos":[502.431824,-833.541992,126.199257],"rotationMatrix":[-0.885095596,0.46540916,0,-0.439332038,-0.835503221,-0.330032796,-0.15360029,-0.292110562,0.943969488],"scale":1.05183744,"type":"palm_bend_sml"}
{"ctxid":0,"pos":[503.174042,-839.748962,129.641922],"rotationMatrix":[-0.621918201,0.783082128,0,-0.732713997,-0.581916153,-0.352850795,-0.276311159,-0.219444335,0.935679615],"scale":1.01304305,"type":"palm_bend_sml"}
{"ctxid":0,"pos":[485.58902,-826.806213,124.751022],"rotationMatrix":[-0.673496842,0.739190102,0,-0.739190102,-0.673496842,0,0,0,1],"scale":0.84671998,"type":"palm_bend_sml"}
{"ctxid":0,"pos":[478.124573,-826.775696,124.630501],"rotationMatrix":[-0.980733156,0.19535169,0,-0.19535169,-0.980733156,0,0,0,1],"scale":1.03143358,"type":"palm_bend_sml"}
{"ctxid":0,"pos":[472.471283,-826.703125,128.297058],"rotationMatrix":[-0.974165916,0.22583355,0,-0.219488963,-0.946797609,-0.235369697,-0.0531543754,-0.229289129,0.971905887],"scale":0.820721567,"type":"palm_bend_sml"}
{"ctxid":0,"pos":[451.108734,-823.807922,124.742638],"rotationMatrix":[-0.896060467,0.443932056,0,-0.443932056,-0.896060467,0,0,0,1],"scale":0.925104737,"type":"palm_bend_sml"}
{"ctxid":0,"pos":[427.027557,-814.564331,132.165009],"rotationMatrix":[-0.688205302,0.725515902,0,-0.725515902,-0.688205302,0,0,0,1],"scale":1.08455086,"type":"palm_bend_sml"}
{"ctxid":0,"pos":[432.044556,-817.982788,131.266495],"rotationMatrix":[-0.489850491,0.871806383,0,-0.855783641,-0.480847627,-0.190839693,-0.166375265,-0.093482919,0.981621206],"scale":1.04664588,"type":"palm_bend_sml"}
{"ctxid":0,"pos":[420.51001,-790.329102,126.007835],"rotationMatrix":[-0.362913787,0.931822658,0,-0.931822658,-0.362913787,0,0,0,1],"scale":0.854761481,"type":"palm_bend_sml"}
{"ctxid":0,"pos":[409.964569,-776.059509,126.529465],"rotationMatrix":[-0.484042943,0.875044167,0,-0.875044167,-0.484042943,0,0,0,1],"scale":0.894606471,"type":"palm_bend_sml"}
{"ctxid":0,"pos":[55.6832352,-437.888519,133.885864],"rotationMatrix":[-0.888465285,0.458943725,0,-0.441930562,-0.855529606,-0.269752324,-0.123801135,-0.239665568,0.962929726],"scale":0.902258396,"type":"palm_bend_sml"}
{"ctxid":0,"pos":[-188.532318,-331.826172,130.863861],"rotationMatrix":[-0.366339564,0.930481017,0,-0.930481017,-0.366339564,0,0,0,1],"scale":0.99993217,"type":"palm_bend_sml"}
{"ctxid":0,"pos":[-203.170959,-322.813324,131.043701],"rotationMatrix":[-0.5863536,0.810055375,0,-0.810055375,-0.5863536,0,0,0,1],"scale":0.961332738,"type":"palm_bend_sml"}
{"ctxid":0,"pos":[-187.012955,-301.450623,130.760529],"rotationMatrix":[-0.845060825,-0.534670174,0,0.534670174,-0.845060825,0,0,0,1],"scale":0.854521215,"type":"palm_bend_sml"}
{"ctxid":0,"pos":[-221.988968,-265.594971,130.655182],"rotationMatrix":[0.468814999,0.88329643,0,-0.88329643,0.468814999,0,0,0,1],"scale":0.849203229,"type":"palm_bend_sml"}
{"ctxid":0,"pos":[-220.755356,-258.528137,130.643707],"rotationMatrix":[-0.0363658406,0.999314308,-0.00695488555,-0.98152554,-0.0370249189,-0.187714562,-0.187843367,0,0.982199013],"scale":0.827502251,"type":"palm_bend_sml"}
{"ctxid":0,"pos":[-222.339035,-277.050415,131.048187],"rotationMatrix":[-0.296081364,0.937651992,0.182056159,-0.918946207,-0.227645054,-0.322048992,-0.260525733,-0.262652546,0.929053307],"scale":0.937987506,"type":"palm_bend_sml"}
{"ctxid":0,"pos":[-117.542976,-368.14679,131.443176],"rotationMatrix":[0.657933831,-0.753075838,0,0.753075838,0.657933831,0,0,0,1],"scale":1.07481396,"type":"palm_bend_sml"}
{"ctxid":0,"pos":[-112.134125,-361.503448,131.433075],"rotationMatrix":[0.644488931,0.764612734,0.00123021007,-0.755737841,0.637251139,-0.150902122,-0.116165616,0.096325025,0.988547921],"scale":1.08848846,"type":"palm_bend_sml"}
{"ctxid":0,"pos":[127.984055,-437.330658,125.85144],"rotationMatrix":[-0.754670203,0.63138032,0.178413734,-0.629393399,-0.773466408,0.0749215037,0.185301036,-0.0557514057,0.98109901],"scale":1.01048028,"type":"palm_bend_sml"}
{"ctxid":0,"pos":[212.406662,-325.076111,125.807655],"rotationMatrix":[-0.234465837,0.950397849,0.204375833,-0.961372256,-0.257872343,0.0962555707,0.144183964,-0.173912615,0.974148571],"scale":0.867343366,"type":"palm_bend_sml"}
{"ctxid":0,"pos":[194.653503,-335.169556,126.299011],"rotationMatrix":[0.970242262,0.223728329,-0.092604205,-0.211671501,0.969404459,0.124298818,0.117580101,-0.10099829,0.987914085],"scale":0.897616863,"type":"palm_bend_sml"}
{"ctxid":0,"pos":[177.469666,-348.239227,126.449142],"rotationMatrix":[0.0698394179,0.976728559,0.202789038,-0.992289543,0.0471547842,0.114619091,0.102389336,-0.209230378,0.972491145],"scale":0.969889164,"type":"palm_bend_sml"}
{"ctxid":0,"pos":[169.574158,-345.694977,129.968658],"rotationMatrix":[-0.0454729721,0.998965502,0,-0.998965502,-0.0454729721,0,0,0,1],"scale":0.929699063,"type":"palm_bend_sml"}
{"ctxid":0,"pos":[164.875595,-351.583282,129.613571],"rotationMatrix":[0.8863554,0.463005573,0,-0.463005573,0.8863554,0,0,0,1],"scale":0.9265908,"type":"palm_bend_sml"}
{"ctxid":0,"pos":[138.462631,-380.491211,129.124207],"rotationMatrix":[0.0904007852,0.995905459,0,-0.995905459,0.0904007852,0,0,0,1],"scale":1.03995049,"type":"palm_bend_sml"}
{"ctxid":0,"pos":[479.663727,-493.891785,128.682098],"rotationMatrix":[0.524405003,-0.851468801,0,0.851468801,0.524405003,0,0,0,1],"scale":0.841000438,"type":"palm_bend_sml"}
{"ctxid":0,"pos":[396.036743,-755.651978,125.507965],"rotationMatrix":[-0.37377882,0.927517772,0,-0.927517772,-0.37377882,0,0,0,1],"scale":1.02151012,"type":"palm_bend_sml"}
{"ctxid":0,"pos":[382.700775,-685.628906,126.650452],"rotationMatrix":[-0.97201407,0.234922498,0,-0.234922498,-0.97201407,0,0,0,1],"scale":0.882049441,"type":"palm_bend_sml"}
{"ctxid":0,"pos":[390.419952,-749.645325,125.174255],"rotationMatrix":[-0.642909706,-0.765942037,0,0.765942037,-0.642909706,0,0,0,1],"scale":0.891287565,"type":"palm_bend_sml"}
{"ctxid":0,"pos":[935.9021,-585.791626,129.778091],"rotationMatrix":[0.280189455,0.95780009,-0.0641302392,-0.933656514,0.287434876,0.213697046,0.223112315,-7.4505806e-09,0.974792719],"scale":1.0391854,"type":"palm_bend_sml"}
{"ctxid":0,"pos":[942.46759,-529.134033,128.264847],"rotationMatrix":[0.325637788,0.945494652,0,-0.945494652,0.325637788,0,0,0,1],"scale":1.0327692,"type":"palm_bend_sml"}
{"ctxid":0,"pos":[944.576233,-471.869598,127.572113],"rotationMatrix":[-0.493349195,0.839167058,0.228920788,-0.846967518,-0.523390889,0.0933144242,0.198121518,-0.147851869,0.968962193],"scale":0.925968885,"type":"palm_bend_sml"}
{"ctxid":0,"pos":[825.742188,-254.231415,126.806732],"rotationMatrix":[0.870700359,0.491813987,0,-0.491813987,0.870700359,0,0,0,1],"scale":1.04943597,"type":"palm_bend_sml"}
{"ctxid":0,"pos":[819.738892,-246.810165,126.618362],"rotationMatrix":[0.869998693,0.493054062,0,-0.493054062,0.869998693,0,0,0,1],"scale":0.947358847,"type":"palm_bend_sml"}
{"ctxid":0,"pos":[821.014832,-257.45163,129.802948],"rotationMatrix":[0.500144184,-0.865942121,0,0.865942121,0.500144184,0,0,0,1],"scale":0.948384881,"type":"palm_bend_sml"}
{"ctxid":0,"pos":[825.889587,-262.030823,129.875793],"rotationMatrix":[0.999895215,-0.0144743035,0,0.0144743035,0.999895215,0,0,0,1],"scale":1.03295469,"type":"palm_bend_sml"}
{"ctxid":0,"pos":[816.095764,-262.404572,131.133469],"rotationMatrix":[-0.856609941,-0.515964746,0,0.515964746,-0.856609941,0,0,0,1],"scale":0.86393857,"type":"palm_bend_sml"}
{"ctxid":0,"pos":[815.644836,-246.211441,127.150803],"rotationMatrix":[-0.067771256,0.99770081,0,-0.99770081,-0.067771256,0,0,0,1],"scale":0.821530342,"type":"palm_bend_sml"}
{"ctxid":0,"pos":[885.258118,-294.092316,124.564774],"rotationMatrix":[0.999818385,-0.0190550108,0,0.0190550108,0.999818385,0,0,0,1],"scale":0.866339564,"type":"palm_bend_sml"}
{"ctxid":0,"pos":[885.991028,-303.330505,125.270752],"rotationMatrix":[0.722588897,-0.6912781,0,0.6912781,0.722588897,0,0,0,1],"scale":0.849239826,"type":"palm_bend_sml"}
{"ctxid":0,"pos":[883.72644,-299.609558,125.430054],"rotationMatrix":[-0.271833211,0.962344289,0,-0.962344289,-0.271833211,0,0,0,1],"scale":0.913636804,"type":"palm_bend_sml"}
{"ctxid":0,"pos":[777.892395,-195.121353,125.207443],"rotationMatrix":[0.701498985,-0.712670445,0,0.712670445,0.701498985,0,0,0,1],"scale":1.05200875,"type":"palm_bend_sml"}
{"ctxid":0,"pos":[702.469055,-113.526115,125.364853],"rotationMatrix":[-0.999618471,0.0276204664,0,-0.0276204664,-0.999618471,0,0,0,1],"scale":0.92682147,"type":"palm_bend_sml"}
{"ctxid":0,"pos":[698.511963,-110.387779,125.511932],"rotationMatrix":[-0.190558493,0.974702656,-0.116799392,-0.831022024,-0.223505348,-0.509359956,-0.522579849,0,0.852590322],"scale":0.82006979,"type":"palm_bend_sml"}
{"ctxid":0,"pos":[720.164612,-141.37439,126.580658],"rotationMatrix":[-0.893358111,-0.44934535,0,0.44934535,-0.893358111,0,0,0,1],"scale":0.901334822,"type":"palm_bend_sml"}
{"ctxid":0,"pos":[727.139343,-133.4534,124.933746],"rotationMatrix":[-0.223733485,0.922392249,0.314858586,-0.895354629,-0.0668775737,-0.440303862,-0.385075837,-0.380420774,0.840830863],"scale":0.85149157,"type":"palm_bend_sml"}
{"ctxid":0,"pos":[667.914612,-69.7975769,126.701492],"rotationMatrix":[0.919536173,-0.393005282,0,0.393005282,0.919536173,0,0,0,1],"scale":0.886678457,"type":"palm_bend_sml"}
{"ctxid":0,"pos":[667.663452,-60.835041,126.15538],"rotationMatrix":[0.972440243,0.233152241,0,-0.233152241,0.972440243,0,0,0,1],"scale":1.09266782,"type":"palm_bend_sml"}
{"ctxid":0,"pos":[681.871765,-78.6713409,125.083176],"rotationMatrix":[0.361124754,0.92825973,0.0890108198,-0.901285291,0.371932805,-0.222150773,-0.239319623,0,0.970940828],"scale":0.972877026,"type":"palm_bend_sml"}
{"ctxid":0,"pos":[672.423035,-86.7316742,129.588837],"rotationMatrix":[-0.449902415,-0.893077672,0,0.893077672,-0.449902415,0,0,0,1],"scale":0.867253542,"type":"palm_bend_sml"}
{"ctxid":0,"pos":[863.764709,-315.053162,131.333817],"rotationMatrix":[-0.716257572,-0.697836101,0,0.697836101,-0.716257572,0,0,0,1],"scale":0.9637326,"type":"palm_bend_sml"}
{"ctxid":0,"pos":[843.9021,-316.302399,132.234299],"rotationMatrix":[0.768330991,-0.640052617,0,0.640052617,0.768330991,0,0,0,1],"scale":0.882668257,"type":"palm_bend_sml"}
{"ctxid":0,"pos":[849.351318,-290.781372,131.779114],"rotationMatrix":[-0.309823602,0.950793982,0,-0.950793982,-0.309823602,0,0,0,1],"scale":0.940258384,"type":"palm_bend_sml"}
{"ctxid":0,"pos":[836.905457,-308.653107,132.136688],"rotationMatrix":[0.781331778,-0.624115944,0,0.624115944,0.781331778,0,0,0,1],"scale":1.00498688,"type":"palm_bend_sml"}
{"ctxid":0,"pos":[849.216492,-317.180206,131.599823],"rotationMatrix":[0.900249541,0.435374349,0,-0.435374349,0.900249541,0,0,0,1],"scale":0.960042,"type":"palm_bend_sml"}
{"ctxid":0,"pos":[840.369263,-296.472809,131.996384],"rotationMatrix":[0.920488119,-0.390770584,0,0.390770584,0.920488119,0,0,0,1],"scale":0.866519928,"type":"palm_bend_sml"}
{"ctxid":0,"pos":[849.795654,-313.492096,131.845276],"rotationMatrix":[0.612277448,-0.790642977,0,0.790642977,0.612277448,0,0,0,1],"scale":0.877326012,"type":"palm_bend_sml"}
{"ctxid":0,"pos":[852.191956,-288.979004,130.728531],"rotationMatrix":[-0.513911664,0.857843041,0,-0.857843041,-0.513911664,0,0,0,1],"scale":0.930686712,"type":"palm_bend_sml"}
{"ctxid":0,"pos":[810.52124,-264.844879,131.778366],"rotationMatrix":[-0.825952291,0.563739896,0,-0.563739896,-0.825952291,0,0,0,1],"scale":0.991914868,"type":"palm_bend_sml"}
{"ctxid":0,"pos":[805.994568,-254.075653,130.749329],"rotationMatrix":[-0.858848274,0.512230098,0,-0.512230098,-0.858848274,0,0,0,1],"scale":1.02180779,"type":"palm_bend_sml"}
{"ctxid":0,"pos":[817.850708,-284.242188,132.301208],"rotationMatrix":[-0.0257937908,-0.999614835,-0.0102413334,0.996049762,-0.0248283148,-0.0852545425,0.0849674344,-0.0123999119,0.996306539],"scale":0.979993939,"type":"palm_bend_sml"}
{"ctxid":0,"pos":[808.275879,-272.528717,131.917664],"rotationMatrix":[0.899377882,-0.437172085,0,0.437172085,0.899377882,0,0,0,1],"scale":0.838439345,"type":"palm_bend_sml"}
{"ctxid":0,"pos":[813.413452,-270.362061,131.861206],"rotationMatrix":[-0.543830454,-0.839195013,0,0.839195013,-0.543830454,0,0,0,1],"scale":1.0694983,"type":"palm_bend_sml"}
{"ctxid":0,"pos":[670.027222,-96.6293793,131.803391],"rotationMatrix":[-0.997728109,0.0673690289,0,-0.0673690289,-0.997728109,0,0,0,1],"scale":0.916498303,"type":"palm_bend_sml"}
{"ctxid":0,"pos":[782.220154,289.322998,126.28479],"rotationMatrix":[0.978940129,-0.204147488,0,0.204147488,0.978940129,0,0,0,1],"scale":0.954666913,"type":"palm_bend_sml"}
{"ctxid":0,"pos":[779.90387,266.834778,126.333786],"rotationMatrix":[0.156058416,0.984653831,0.0781174973,-0.819593549,0.173225164,-0.546131194,-0.551282227,0.0212037787,0.834049344],"scale":0.939293265,"type":"palm_bend_sml"}
{"ctxid":0,"pos":[771.09729,268.489563,127.513702],"rotationMatrix":[0.0480204225,0.986809611,-0.154597908,-0.988502264,0.0691674352,0.134457156,0.143376738,0.14636375,0.978785336],"scale":0.832948565,"type":"palm_bend_sml"}
{"ctxid":0,"pos":[782.756042,278.556152,126.28614],"rotationMatrix":[-0.307585597,0.951519012,-0.00145190291,-0.951520085,-0.307585239,0.000469338207,0,0.00152587704,0.999998808],"scale":1.03887677,"type":"palm_bend_sml"}
{"ctxid":0,"pos":[784.350525,310.545258,126.394615],"rotationMatrix":[0.721789002,0.691847324,-0.0191800371,-0.690888166,0.72188288,0.0394787714,0.0411590226,-0.0152440835,0.999036312],"scale":0.834487915,"type":"palm_bend_sml"}
{"ctxid":0,"pos":[794.713867,338.667755,126.07325],"rotationMatrix":[0.427166343,-0.90383774,-0.0246174615,0.901908219,0.427864254,-0.0591062456,0.0639553964,0.00304549746,0.99794811],"scale":0.873730421,"type":"palm_bend_sml"}
{"ctxid":0,"pos":[779.324646,325.328125,130.858658],"rotationMatrix":[0.726763487,0.685274124,0.0470540449,-0.686887741,0.725056291,0.049785655,0,-0.0685032457,0.997650921],"scale":0.929169297,"type":"palm_bend_sml"}
{"ctxid":0,"pos":[790.697876,342.074097,126.592178],"rotationMatrix":[0.875001073,0.480148703,-0.0618890338,-0.478578478,0.877175212,0.0390675254,0.0730457455,-0.00456536189,0.997318149],"scale":1.07686627,"type":"palm_bend_sml"}
{"ctxid":0,"pos":[775.27655,328.803009,132.033752],"rotationMatrix":[-0.934764624,-0.296090037,0.196330547,0.276772171,-0.953402758,-0.120084442,0.222737908,-0.0579118505,0.97315675],"scale":1.05991638,"type":"palm_bend_sml"}
{"ctxid":0,"pos":[795.521851,337.433105,125.977089],"rotationMatrix":[0.0244152993,0.999052286,-0.0360306501,-0.864803374,0.00302630663,-0.502101481,-0.50151664,0.0434183888,0.864057839],"scale":1.03079689,"type":"palm_bend_sml"}
{"ctxid":0,"pos":[786.654236,339.835815,128.775513],"rotationMatrix":[-0.252140641,0.956763208,0.145014167,-0.862547219,-0.290139914,0.414524913,0.438676596,-0.0205629617,0.898409724],"scale":0.903870821,"type":"palm_bend_sml"}
{"ctxid":0,"pos":[778.302246,253.867981,126.464043],"rotationMatrix":[0.998512864,-0.00753170438,-0.0539914928,0.003550041,0.997291267,-0.0734652728,0.0543985814,0.0731643438,0.995835185],"scale":0.867107987,"type":"palm_bend_sml"}
{"ctxid":0,"pos":[744.813538,210.340897,132.249451],"rotationMatrix":[0.126309425,0.991587281,0.0282875951,-0.99176228,0.1268408,-0.0178458504,-0.021283742,-0.0258004777,0.999440491],"scale":0.97865808,"type":"palm_bend_sml"}
{"ctxid":0,"pos":[741.000305,206.05867,132.171463],"rotationMatrix":[0.698608696,0.715503752,0.00041536428,-0.713443339,0.696640611,-0.0754336715,-0.0542624407,0.052402284,0.997150719],"scale":0.941957176,"type":"palm_bend_sml"}
{"ctxid":0,"pos":[712.104004,180.221741,128.933853],"rotationMatrix":[0.983515084,-0.0131896734,-0.180344269,0.0158800185,0.999782979,0.0134818628,0.180127323,-0.0161235034,0.98351115],"scale":0.96410799,"type":"palm_bend_sml"}
{"ctxid":0,"pos":[719.958435,189.523788,130.995514],"rotationMatrix":[0.955224276,0.280565232,-0.0939679891,-0.288190037,0.954170585,-0.0806549937,0.0670324937,0.104124248,0.992302775],"scale":1.02531707,"type":"palm_bend_sml"}
{"ctxid":0,"pos":[457.840607,851.83667,131.92334],"rotationMatrix":[0.842756629,0.533317864,0.0730290115,-0.53827554,0.836079359,0.105975211,-0.00453956798,-0.128621042,0.991683424],"scale":0.96426487,"type":"palm_bend_sml"}
{"ctxid":0,"pos":[464.533966,856.027161,133.403534],"rotationMatrix":[0.985678792,0.0758716762,-0.150600791,-0.132862359,0.899385452,-0.416477203,0.103849322,0.430522025,0.896585882],"scale":0.938542724,"type":"palm_bend_sml"}
{"ctxid":0,"pos":[666.845886,53.0586548,132.397461],"rotationMatrix":[0.512016475,0.85897541,0,-0.85897541,0.512016475,0,0,0,1],"scale":0.995172143,"type":"palm_bend_sml"}
{"ctxid":0,"pos":[-724.980652,697.105225,126.010239],"rotationMatrix":[0.292921036,-0.956136584,0,0.956136584,0.292921036,0,0,0,1],"scale":0.968604445,"type":"palm_bend_sml"}
{"ctxid":0,"pos":[-718.099121,693.961182,125.905792],"rotationMatrix":[-0.419323891,0.907836616,0,-0.907836616,-0.419323891,0,0,0,1],"scale":0.947343588,"type":"palm_bend_sml"}
{"ctxid":0,"pos":[-758.626099,702.083679,125.77272],"rotationMatrix":[0.923830271,0.382802367,0,-0.382802367,0.923830271,0,0,0,1],"scale":0.932032704,"type":"palm_bend_sml"}
{"ctxid":0,"pos":[-743.587341,704.15802,128.092392],"rotationMatrix":[-0.959282517,-0.282448322,0,0.282448322,-0.959282517,0,0,0,1],"scale":1.07404327,"type":"palm_bend_sml"}
{"ctxid":0,"pos":[-744.692627,706.125122,128.906448],"rotationMatrix":[0.495969206,0.868340194,0,-0.868340194,0.495969206,0,0,0,1],"scale":1.04449749,"type":"palm_bend_sml"}
{"ctxid":0,"pos":[-727.80365,700.082336,127.271385],"rotationMatrix":[-0.818046451,0.575152159,0,-0.575152159,-0.818046451,0,0,0,1],"scale":1.04327321,"type":"palm_bend_sml"}
{"ctxid":0,"pos":[-726.297485,703.311279,128.76944],"rotationMatrix":[0.386541724,0.922272027,0,-0.922272027,0.386541724,0,0,0,1],"scale":1.07799232,"type":"palm_bend_sml"}
{"ctxid":0,"pos":[-228.121857,-457.568726,132.245728],"rotationMatrix":[0.249782562,-0.968301952,0,0.968301952,0.249782562,0,0,0,1],"scale":1.04082417,"type":"palm_bend_sml"}
