{"ctxid":0,"pos":[76.7211533,607.446533,156.497192],"rotationMatrix":[-0.157998398,0.987439394,0,-0.987439394,-0.157998398,0,0,0,1],"scale":0.834365845,"type":"palm_tiny"}
{"ctxid":0,"pos":[78.0263443,607.792786,156.497192],"rotationMatrix":[0.816842735,0.576860428,0,-0.576860428,0.816842735,0,0,0,1],"scale":1.06228113,"type":"palm_tiny"}
{"ctxid":0,"pos":[74.5535965,604.522461,156.497192],"rotationMatrix":[-0.460890323,0.887457073,0,-0.887457073,-0.460890323,0,0,0,1],"scale":1.04016387,"type":"palm_tiny"}
{"ctxid":0,"pos":[36.8507423,606.670227,156.497192],"rotationMatrix":[0.866871238,-0.498532087,0,0.498532087,0.866871238,0,0,0,1],"scale":1.09204876,"type":"palm_tiny"}
{"ctxid":0,"pos":[11.7098351,614.822632,156.497192],"rotationMatrix":[0.128150612,-0.991754711,0,0.991754711,0.128150612,0,0,0,1],"scale":0.960755706,"type":"palm_tiny"}
{"ctxid":0,"pos":[84.7260132,646.455994,156.497192],"rotationMatrix":[-0.0351434536,-0.999382257,0,0.999382257,-0.0351434536,0,0,0,1],"scale":0.856341064,"type":"palm_tiny"}
{"ctxid":0,"pos":[85.4063873,647.514465,156.497192],"rotationMatrix":[-0.55830878,-0.829633236,0,0.829633236,-0.55830878,0,0,0,1],"scale":0.866607904,"type":"palm_tiny"}
{"ctxid":0,"pos":[66.3465347,614.293823,156.497192],"rotationMatrix":[0.769649088,-0.638467133,0,0.638467133,0.769649088,0,0,0,1],"scale":0.810764074,"type":"palm_tiny"}
{"ctxid":0,"pos":[66.165123,615.29425,156.497192],"rotationMatrix":[-0.943811357,0.330484718,0,-0.330484718,-0.943811357,0,0,0,1],"scale":0.925224543,"type":"palm_tiny"}
{"ctxid":0,"pos":[61.158226,607.347534,156.497192],"rotationMatrix":[-0.0586563088,-0.99827826,0,0.99827826,-0.0586563088,0,0,0,1],"scale":0.865388453,"type":"palm_tiny"}
{"ctxid":0,"pos":[62.7892647,608.213318,156.497192],"rotationMatrix":[-0.283753902,-0.958897114,0,0.958897114,-0.283753902,0,0,0,1],"scale":0.990767121,"type":"palm_tiny"}
{"ctxid":0,"pos":[63.6817818,610.687622,156.497192],"rotationMatrix":[-0.936858952,0.349707514,0,-0.349707514,-0.936858952,0,0,0,1],"scale":1.08209229,"type":"palm_tiny"}
{"ctxid":0,"pos":[-13.0764208,641.833496,156.497192],"rotationMatrix":[-0.98281908,-0.184571594,0,0.184571594,-0.98281908,0,0,0,1],"scale":0.864514232,"type":"palm_tiny"}
{"ctxid":0,"pos":[-15.3544064,633.717102,156.497192],"rotationMatrix":[-0.224837065,-0.974396348,0,0.974396348,-0.224837065,0,0,0,1],"scale":0.853758335,"type":"palm_tiny"}
{"ctxid":0,"pos":[153.138901,-520.658142,128.629929],"rotationMatrix":[-0.586120903,-0.810223579,0,0.810223579,-0.586120903,0,0,0,1],"scale":0.874816656,"type":"palm_tiny"}
{"ctxid":0,"pos":[165.665466,-523.095154,126.408539],"rotationMatrix":[0.818440974,-0.574590564,0,0.574590564,0.818440974,0,0,0,1],"scale":1.08687091,"type":"palm_tiny"}
{"ctxid":0,"pos":[162.736557,-524.378784,126.633781],"rotationMatrix":[-0.912913263,-0.408153564,0,0.408153564,-0.912913263,0,0,0,1],"scale":0.97002387,"type":"palm_tiny"}
{"ctxid":0,"pos":[162.909546,-521.526123,126.662888],"rotationMatrix":[0.10918124,0.994021833,0,-0.994021833,0.10918124,0,0,0,1],"scale":1.05428874,"type":"palm_tiny"}
{"ctxid":0,"pos":[-236.265335,-400.053497,134.997559],"rotationMatrix":[0.627258837,-0.778810859,0,0.778810859,0.627258837,0,0,0,1],"scale":0.864818811,"type":"palm_tiny"}
{"ctxid":0,"pos":[-321.656189,-415.720093,135.376175],"rotationMatrix":[0.993815839,-0.11104086,0,0.11104086,0.993815839,0,0,0,1],"scale":0.906379461,"type":"palm_tiny"}
{"ctxid":0,"pos":[59.5124397,-602.029663,148.907104],"rotationMatrix":[0.531556726,-0.847022712,0,0.847022712,0.531556726,0,0,0,1],"scale":0.826985717,"type":"palm_tiny"}
{"ctxid":0,"pos":[184.498093,-585.529968,139.315308],"rotationMatrix":[-0.432892084,0.901445746,0,-0.901445746,-0.432892084,0,0,0,1],"scale":1.0619688,"type":"palm_tiny"}
{"ctxid":0,"pos":[316.161255,-563.171753,130.90976],"rotationMatrix":[0.94795388,-0.318407625,0,0.318407625,0.94795388,0,0,0,1],"scale":0.948600888,"type":"palm_tiny"}
{"ctxid":0,"pos":[320.591522,-569.710571,132.342865],"rotationMatrix":[-0.496544898,0.868011057,0,-0.868011057,-0.496544898,0,0,0,1],"scale":0.867401004,"type":"palm_tiny"}
{"ctxid":0,"pos":[-93.5789719,-599.728516,136.023224],"rotationMatrix":[-0.99951911,0.0310095586,0,-0.0310095586,-0.99951911,0,0,0,1],"scale":0.86867404,"type":"palm_tiny"}
{"ctxid":0,"pos":[-92.6908112,-600.704956,136.008728],"rotationMatrix":[0.740712762,-0.671821833,0,0.671821833,0.740712762,0,0,0,1],"scale":0.912133336,"type":"palm_tiny"}
{"ctxid":0,"pos":[-84.3571472,-598.977905,135.909882],"rotationMatrix":[-0.989685714,-0.14325577,0,0.14325577,-0.989685714,0,0,0,1],"scale":1.05355108,"type":"palm_tiny"}
{"ctxid":0,"pos":[-84.7443542,-594.778442,134.88501],"rotationMatrix":[0.121555351,0.992584646,0,-0.992584646,0.121555351,0,0,0,1],"scale":0.99310565,"type":"palm_tiny"}
{"ctxid":0,"pos":[-85.3645706,-591.253845,133.875107],"rotationMatrix":[-0.6116786,0.791106343,0,-0.791106343,-0.6116786,0,0,0,1],"scale":0.902138829,"type":"palm_tiny"}
{"ctxid":0,"pos":[-93.6038284,-586.531372,134.165436],"rotationMatrix":[0.707850575,-0.706362247,0,0.706362247,0.707850575,0,0,0,1],"scale":0.81448102,"type":"palm_tiny"}
{"ctxid":0,"pos":[-93.4290695,-579.260315,133.294647],"rotationMatrix":[0.366528988,0.93040663,0,-0.93040663,0.366528988,0,0,0,1],"scale":0.965639472,"type":"palm_tiny"}
{"ctxid":0,"pos":[-95.0929565,-573.043396,132.706299],"rotationMatrix":[-0.133503228,0.991048396,0,-0.991048396,-0.133503228,0,0,0,1],"scale":1.09984899,"type":"palm_tiny"}
{"ctxid":0,"pos":[-93.0288391,-603.20874,136.89592],"rotationMatrix":[-0.733725369,-0.679446161,0,0.679446161,-0.733725369,0,0,0,1],"scale":1.00712788,"type":"palm_tiny"}
{"ctxid":0,"pos":[-90.4948883,-603.888123,136.420898],"rotationMatrix":[0.571216762,-0.820799232,0,0.820799232,0.571216762,0,0,0,1],"scale":0.823113203,"type":"palm_tiny"}
{"ctxid":0,"pos":[-87.8098068,-606.589539,136.816055],"rotationMatrix":[0.961033344,-0.276432425,0,0.276432425,0.961033344,0,0,0,1],"scale":0.822010994,"type":"palm_tiny"}
{"ctxid":0,"pos":[-84.8569336,-608.559021,137.139297],"rotationMatrix":[-0.727735579,-0.685857832,0,0.685857832,-0.727735579,0,0,0,1],"scale":0.989400625,"type":"palm_tiny"}
{"ctxid":0,"pos":[-82.3591385,-611.578308,137.816544],"rotationMatrix":[0.941042423,-0.338288635,0,0.338288635,0.941042423,0,0,0,1],"scale":1.04631078,"type":"palm_tiny"}
{"ctxid":0,"pos":[-78.1314087,-613.931946,138.231293],"rotationMatrix":[0.767947435,0.640512884,0,-0.640512884,0.767947435,0,0,0,1],"scale":1.01099825,"type":"palm_tiny"}
{"ctxid":0,"pos":[-66.2410049,-595.885681,137.044281],"rotationMatrix":[-0.801608264,0.597849607,0,-0.597849607,-0.801608264,0,0,0,1],"scale":0.933312118,"type":"palm_tiny"}
{"ctxid":0,"pos":[-67.2215729,-600.325623,137.953766],"rotationMatrix":[0.456502855,-0.88972193,0,0.88972193,0.456502855,0,0,0,1],"scale":0.813539147,"type":"palm_tiny"}
{"ctxid":0,"pos":[-73.1155624,-600.559753,137.285843],"rotationMatrix":[-0.991162658,0.13265194,0,-0.13265194,-0.991162658,0,0,0,1],"scale":0.919374228,"type":"palm_tiny"}
{"ctxid":0,"pos":[-80.0250092,-597.796936,136.055664],"rotationMatrix":[-0.99987936,0.0155324331,0,-0.0155324331,-0.99987936,0,0,0,1],"scale":1.04242778,"type":"palm_tiny"}
{"ctxid":0,"pos":[-70.2118835,-596.496155,136.302216],"rotationMatrix":[-0.298523366,-0.954402328,0,0.954402328,-0.298523366,0,0,0,1],"scale":0.824228764,"type":"palm_tiny"}
{"ctxid":0,"pos":[-79.8780365,-587.332642,132.123672],"rotationMatrix":[-0.919833064,0.392309994,0,-0.392309994,-0.919833064,0,0,0,1],"scale":0.933702469,"type":"palm_tiny"}
{"ctxid":0,"pos":[-80.7388306,-594.621277,134.813187],"rotationMatrix":[-0.645242453,-0.763977885,0,0.763977885,-0.645242453,0,0,0,1],"scale":0.895794511,"type":"palm_tiny"}
{"ctxid":0,"pos":[-81.4062958,-592.813782,133.90683],"rotationMatrix":[-0.885676265,-0.464303315,0,0.464303315,-0.885676265,0,0,0,1],"scale":1.04849374,"type":"palm_tiny"}
{"ctxid":0,"pos":[-82.4122238,-582.57196,131.936676],"rotationMatrix":[-0.83434236,0.551246583,0,-0.551246583,-0.83434236,0,0,0,1],"scale":0.983742952,"type":"palm_tiny"}
{"ctxid":0,"pos":[-81.623764,-578.928162,131.849808],"rotationMatrix":[-0.78576076,-0.618530571,0,0.618530571,-0.78576076,0,0,0,1],"scale":0.811670065,"type":"palm_tiny"}
{"ctxid":0,"pos":[-75.662796,-581.029053,131.105362],"rotationMatrix":[-0.645712972,-0.763580203,0,0.763580203,-0.645712972,0,0,0,1],"scale":0.853360593,"type":"palm_tiny"}
{"ctxid":0,"pos":[-82.8624268,-577.365173,132.120956],"rotationMatrix":[0.669135571,-0.743140399,0,0.743140399,0.669135571,0,0,0,1],"scale":0.958876491,"type":"palm_tiny"}
{"ctxid":0,"pos":[-86.0003433,-576.360962,132.479736],"rotationMatrix":[0.251469523,-0.967865229,0,0.967865229,0.251469523,0,0,0,1],"scale":0.848628998,"type":"palm_tiny"}
{"ctxid":0,"pos":[-80.2149277,-576.861511,131.836212],"rotationMatrix":[0.995058477,-0.0992909148,0,0.0992909148,0.995058477,0,0,0,1],"scale":1.07904673,"type":"palm_tiny"}
{"ctxid":0,"pos":[-71.3897781,-611.637878,138.33345],"rotationMatrix":[-0.998169422,0.0604802296,0,-0.0604802296,-0.998169422,0,0,0,1],"scale":0.870384514,"type":"palm_tiny"}
{"ctxid":0,"pos":[-63.9523354,-614.404053,139.421234],"rotationMatrix":[-0.999628246,0.0272655953,0,-0.0272655953,-0.999628246,0,0,0,1],"scale":0.97485441,"type":"palm_tiny"}
{"ctxid":0,"pos":[-59.6319122,-607.401733,139.678497],"rotationMatrix":[0.337891787,0.941184998,0,-0.941184998,0.337891787,0,0,0,1],"scale":0.803832471,"type":"palm_tiny"}
{"ctxid":0,"pos":[-57.3148232,-609.64447,140.017975],"rotationMatrix":[-0.560867846,0.827905357,0,-0.827905357,-0.560867846,0,0,0,1],"scale":0.94532752,"type":"palm_tiny"}
{"ctxid":0,"pos":[-57.3625069,-606.465515,139.886429],"rotationMatrix":[0.711374938,-0.702812731,0,0.702812731,0.711374938,0,0,0,1],"scale":0.843569279,"type":"palm_tiny"}
{"ctxid":0,"pos":[-70.4119949,-605.425659,138.252609],"rotationMatrix":[0.029787913,0.999556243,0,-0.999556243,0.029787913,0,0,0,1],"scale":0.941085935,"type":"palm_tiny"}
{"ctxid":0,"pos":[-151.020462,-534.220581,131.302551],"rotationMatrix":[0.999581099,-0.0289414115,0,0.0289414115,0.999581099,0,0,0,1],"scale":1.02854776,"type":"palm_tiny"}
{"ctxid":0,"pos":[-154.284348,-533.132385,131.374878],"rotationMatrix":[0.92127198,-0.388918877,0,0.388918877,0.92127198,0,0,0,1],"scale":0.892881036,"type":"palm_tiny"}
{"ctxid":0,"pos":[-141.66214,-529.653259,131.414474],"rotationMatrix":[-0.712381601,0.7017923,0,-0.7017923,-0.712381601,0,0,0,1],"scale":1.05055428,"type":"palm_tiny"}
{"ctxid":0,"pos":[-139.464905,-527.217285,131.435715],"rotationMatrix":[-0.32132414,0.946969271,0,-0.946969271,-0.32132414,0,0,0,1],"scale":0.907479882,"type":"palm_tiny"}
{"ctxid":0,"pos":[-143.452103,-536.002075,131.486328],"rotationMatrix":[0.855011404,-0.518609166,0,0.518609166,0.855011404,0,0,0,1],"scale":1.01653099,"type":"palm_tiny"}
{"ctxid":0,"pos":[-164.453552,-525.551025,131.638794],"rotationMatrix":[-0.797398686,0.603452802,0,-0.603452802,-0.797398686,0,0,0,1],"scale":1.01418257,"type":"palm_tiny"}
{"ctxid":0,"pos":[-166.547989,-531.454773,131.907791],"rotationMatrix":[-0.825244486,0.564775705,0,-0.564775705,-0.825244486,0,0,0,1],"scale":1.08491874,"type":"palm_tiny"}
{"ctxid":0,"pos":[-181.893875,-524.544312,131.551117],"rotationMatrix":[-0.524598897,-0.851349533,0,0.851349533,-0.524598897,0,0,0,1],"scale":0.957589984,"type":"palm_tiny"}
{"ctxid":0,"pos":[-183.322891,-523.820435,131.525452],"rotationMatrix":[-0.684948862,0.728591144,0,-0.728591144,-0.684948862,0,0,0,1],"scale":0.952933192,"type":"palm_tiny"}
{"ctxid":0,"pos":[-186.963425,-522.60791,131.558426],"rotationMatrix":[0.525867641,-0.850566447,0,0.850566447,0.525867641,0,0,0,1],"scale":0.915756106,"type":"palm_tiny"}
{"ctxid":0,"pos":[-176.714508,-530.971619,131.575836],"rotationMatrix":[-0.815909684,-0.578179359,0,0.578179359,-0.815909684,0,0,0,1],"scale":0.951596797,"type":"palm_tiny"}
{"ctxid":0,"pos":[-178.769287,-530.880615,131.610626],"rotationMatrix":[0.20476909,0.97881031,0,-0.97881031,0.20476909,0,0,0,1],"scale":0.891551375,"type":"palm_tiny"}
{"ctxid":0,"pos":[-184.037079,-529.221558,131.665131],"rotationMatrix":[-0.574802101,-0.818292439,0,0.818292439,-0.574802101,0,0,0,1],"scale":0.919702649,"type":"palm_tiny"}
{"ctxid":0,"pos":[-188.279648,-519.860107,131.444672],"rotationMatrix":[-0.848317325,-0.529488206,0,0.529488206,-0.848317325,0,0,0,1],"scale":1.08193612,"type":"palm_tiny"}
{"ctxid":0,"pos":[115.487808,-718.746521,157.3815],"rotationMatrix":[-0.841118753,0.54085052,0,-0.54085052,-0.841118753,0,0,0,1],"scale":0.922405839,"type":"palm_tiny"}
{"ctxid":0,"pos":[117.962257,-716.878479,157.189499],"rotationMatrix":[0.968713284,-0.24818252,0,0.24818252,0.968713284,0,0,0,1],"scale":0.889446139,"type":"palm_tiny"}
{"ctxid":0,"pos":[119.389542,-714.273376,157.143661],"rotationMatrix":[-0.975682616,0.219188243,0,-0.219188243,-0.975682616,0,0,0,1],"scale":0.926978707,"type":"palm_tiny"}
{"ctxid":0,"pos":[119.625557,-733.417542,130.923096],"rotationMatrix":[0.606330156,-0.795212984,0,0.795212984,0.606330156,0,0,0,1],"scale":0.82294023,"type":"palm_tiny"}
{"ctxid":0,"pos":[121.431984,-733.112061,134.876205],"rotationMatrix":[-0.784529805,0.62009114,0,-0.62009114,-0.784529805,0,0,0,1],"scale":0.923618436,"type":"palm_tiny"}
{"ctxid":0,"pos":[87.6363449,-748.888489,157.235596],"rotationMatrix":[0.999934912,0.0114117209,0,-0.0114117209,0.999934912,0,0,0,1],"scale":0.907274723,"type":"palm_tiny"}
{"ctxid":0,"pos":[79.493927,-747.016602,157.019836],"rotationMatrix":[-0.619067907,-0.785337448,0,0.785337448,-0.619067907,0,0,0,1],"scale":1.08764732,"type":"palm_tiny"}
{"ctxid":0,"pos":[67.8872147,-731.43457,156.980972],"rotationMatrix":[-0.696322799,0.717728734,0,-0.717728734,-0.696322799,0,0,0,1],"scale":1.05139172,"type":"palm_tiny"}
{"ctxid":0,"pos":[-828.173889,-676.967957,157.717087],"rotationMatrix":[0.986216187,0.165461764,0,-0.165461764,0.986216187,0,0,0,1],"scale":1.06233883,"type":"palm_tiny"}
{"ctxid":0,"pos":[-826.935852,-675.093628,157.837784],"rotationMatrix":[-0.610343456,-0.792136908,0,0.792136908,-0.610343456,0,0,0,1],"scale":1.09197223,"type":"palm_tiny"}
{"ctxid":0,"pos":[-812.714661,-693.195007,160.042664],"rotationMatrix":[-0.532560289,0.846392095,0,-0.846392095,-0.532560289,0,0,0,1],"scale":1.01967299,"type":"palm_tiny"}
{"ctxid":0,"pos":[-808.68335,-695.429871,160.910828],"rotationMatrix":[-0.981867611,-0.189567983,0,0.189567983,-0.981867611,0,0,0,1],"scale":0.999962687,"type":"palm_tiny"}
{"ctxid":0,"pos":[-806.376404,-697.519348,161.309662],"rotationMatrix":[0.896579444,0.442882925,0,-0.442882925,0.896579444,0,0,0,1],"scale":1.06787682,"type":"palm_tiny"}
{"ctxid":0,"pos":[-820.330444,-685.448547,158.990265],"rotationMatrix":[0.136358127,-0.990659595,0,0.990659595,0.136358127,0,0,0,1],"scale":0.829537153,"type":"palm_tiny"}
{"ctxid":0,"pos":[-829.615723,-698.272766,159.550171],"rotationMatrix":[-0.947223008,-0.320575297,0,0.320575297,-0.947223008,0,0,0,1],"scale":0.90111053,"type":"palm_tiny"}
{"ctxid":0,"pos":[-832.066956,-705.167603,161.148956],"rotationMatrix":[0.675656021,0.737217009,0,-0.737217009,0.675656021,0,0,0,1],"scale":0.863738835,"type":"palm_tiny"}
{"ctxid":0,"pos":[-844.978638,-691.465759,149.741409],"rotationMatrix":[0.933980167,0.357324839,0,-0.357324839,0.933980167,0,0,0,1],"scale":0.950791717,"type":"palm_tiny"}
{"ctxid":0,"pos":[-853.041504,-686.386047,144.255341],"rotationMatrix":[-0.747022808,0.664798439,0,-0.664798439,-0.747022808,0,0,0,1],"scale":1.08381796,"type":"palm_tiny"}
{"ctxid":0,"pos":[-850.681824,-710.633484,144.364288],"rotationMatrix":[0.452812612,-0.891605735,0,0.891605735,0.452812612,0,0,0,1],"scale":0.99774313,"type":"palm_tiny"}
{"ctxid":0,"pos":[-850.273193,-693.119019,143.371216],"rotationMatrix":[0.281883448,0.959448636,0,-0.959448636,0.281883448,0,0,0,1],"scale":0.891313136,"type":"palm_tiny"}
{"ctxid":0,"pos":[-835.986389,-709.710266,159.555328],"rotationMatrix":[0.572735071,0.819740534,0,-0.819740534,0.572735071,0,0,0,1],"scale":1.0809499,"type":"palm_tiny"}
{"ctxid":0,"pos":[478.284271,-885.158997,154.092194],"rotationMatrix":[0.0692710727,-0.997597873,0,0.997597873,0.0692710727,0,0,0,1],"scale":0.942348778,"type":"palm_tiny"}
{"ctxid":0,"pos":[482.137299,-871.202209,149.159012],"rotationMatrix":[0.603820264,-0.797120512,0,0.797120512,0.603820264,0,0,0,1],"scale":0.966872334,"type":"palm_tiny"}
{"ctxid":0,"pos":[478.493378,-855.837891,147.705414],"rotationMatrix":[-0.59360528,0.804756343,0,-0.804756343,-0.59360528,0,0,0,1],"scale":0.885086298,"type":"palm_tiny"}
{"ctxid":0,"pos":[486.398285,-857.501099,148.465881],"rotationMatrix":[0.816835523,-0.57687068,0,0.57687068,0.816835523,0,0,0,1],"scale":1.07698679,"type":"palm_tiny"}
{"ctxid":0,"pos":[464.358887,-880.833191,155.106476],"rotationMatrix":[-0.969087303,-0.24671796,0,0.24671796,-0.969087303,0,0,0,1],"scale":0.964401007,"type":"palm_tiny"}
{"ctxid":0,"pos":[475.303528,-900.753723,153.989807],"rotationMatrix":[0.977886617,-0.209135622,0,0.209135622,0.977886617,0,0,0,1],"scale":0.950645208,"type":"palm_tiny"}
{"ctxid":0,"pos":[371.051697,-888.903687,163.507568],"rotationMatrix":[0.180541873,-0.983567297,0,0.983567297,0.180541873,0,0,0,1],"scale":0.819445372,"type":"palm_tiny"}
{"ctxid":0,"pos":[387.523224,-887.128479,162.795624],"rotationMatrix":[0.455128372,-0.890425861,0,0.890425861,0.455128372,0,0,0,1],"scale":0.881685138,"type":"palm_tiny"}
{"ctxid":0,"pos":[388.890625,-887.760193,162.857239],"rotationMatrix":[-0.88095057,-0.473208338,0,0.473208338,-0.88095057,0,0,0,1],"scale":0.836988688,"type":"palm_tiny"}
{"ctxid":0,"pos":[385.751862,-886.374451,162.7565],"rotationMatrix":[0.0070561897,0.999975085,0,-0.999975085,0.0070561897,0,0,0,1],"scale":0.984041929,"type":"palm_tiny"}
{"ctxid":0,"pos":[392.324188,-884.094055,162.142181],"rotationMatrix":[0.752961874,0.658064127,0,-0.658064127,0.752961874,0,0,0,1],"scale":1.079018,"type":"palm_tiny"}
{"ctxid":0,"pos":[370.447327,-885.859253,163.450958],"rotationMatrix":[-0.997904778,-0.0646996349,0,0.0646996349,-0.997904778,0,0,0,1],"scale":0.814959824,"type":"palm_tiny"}
{"ctxid":0,"pos":[-38.5403061,-634.571716,146.031967],"rotationMatrix":[-0.719126403,-0.694879293,0,0.694879293,-0.719126403,0,0,0,1],"scale":1.06660545,"type":"palm_tiny"}
{"ctxid":0,"pos":[-31.9464455,-630.949768,146.680893],"rotationMatrix":[0.937111676,-0.349029601,0,0.349029601,0.937111676,0,0,0,1],"scale":1.07980907,"type":"palm_tiny"}
{"ctxid":0,"pos":[-39.9867516,-632.570129,145.523376],"rotationMatrix":[0.153486535,0.988150716,0,-0.988150716,0.153486535,0,0,0,1],"scale":0.891191721,"type":"palm_tiny"}
{"ctxid":0,"pos":[-52.7618027,-621.130859,141.81015],"rotationMatrix":[0.315687686,0.948863149,0,-0.948863149,0.315687686,0,0,0,1],"scale":0.848855913,"type":"palm_tiny"}
{"ctxid":0,"pos":[-9.90288353,-639.155151,150.659302],"rotationMatrix":[-0.0577930324,-0.998328567,0,0.998328567,-0.0577930324,0,0,0,1],"scale":1.04059768,"type":"palm_tiny"}
{"ctxid":0,"pos":[-3.21298361,-641.268372,151.568481],"rotationMatrix":[0.699736238,0.714401245,0,-0.714401245,0.699736238,0,0,0,1],"scale":0.874397397,"type":"palm_tiny"}
{"ctxid":0,"pos":[16.9924583,-648.256531,154.124084],"rotationMatrix":[-0.997965395,-0.0637579262,0,0.0637579262,-0.997965395,0,0,0,1],"scale":0.995250106,"type":"palm_tiny"}
{"ctxid":0,"pos":[20.5352058,-655.117676,154.36142],"rotationMatrix":[-0.352705866,0.935734272,0,-0.935734272,-0.352705866,0,0,0,1],"scale":0.835057855,"type":"palm_tiny"}
{"ctxid":0,"pos":[30.1402626,-661.082886,154.546722],"rotationMatrix":[-0.490248948,0.871582448,0,-0.871582448,-0.490248948,0,0,0,1],"scale":0.920618534,"type":"palm_tiny"}
{"ctxid":0,"pos":[35.4686623,-654.915527,155.328415],"rotationMatrix":[-0.394114047,0.919061542,0,-0.919061542,-0.394114047,0,0,0,1],"scale":0.897055626,"type":"palm_tiny"}
{"ctxid":0,"pos":[36.8127594,-656.578674,154.995651],"rotationMatrix":[0.998783231,-0.0493157357,0,0.0493157357,0.998783231,0,0,0,1],"scale":1.08196104,"type":"palm_tiny"}
{"ctxid":0,"pos":[405.871826,-812.663513,137.189651],"rotationMatrix":[-0.400918692,0.916113615,0,-0.916113615,-0.400918692,0,0,0,1],"scale":1.06520259,"type":"palm_tiny"}
{"ctxid":0,"pos":[411.422516,-815.059692,137.115784],"rotationMatrix":[0.788478673,-0.615062058,0,0.615062058,0.788478673,0,0,0,1],"scale":1.07545018,"type":"palm_tiny"}
{"ctxid":0,"pos":[413.277252,-810.030273,135.761612],"rotationMatrix":[-0.319185674,0.947692215,0,-0.947692215,-0.319185674,0,0,0,1],"scale":1.01343322,"type":"palm_tiny"}
{"ctxid":0,"pos":[420.72998,-827.182373,139.283508],"rotationMatrix":[-0.996478379,0.083849892,0,-0.083849892,-0.996478379,0,0,0,1],"scale":1.08958626,"type":"palm_tiny"}
{"ctxid":0,"pos":[405.113342,-800.090515,135.514389],"rotationMatrix":[0.135058373,-0.990837634,0,0.990837634,0.135058373,0,0,0,1],"scale":1.08869612,"type":"palm_tiny"}
{"ctxid":0,"pos":[385.361481,-789.151917,134.666046],"rotationMatrix":[-0.286093175,-0.958201826,0,0.958201826,-0.286093175,0,0,0,1],"scale":0.804675579,"type":"palm_tiny"}
{"ctxid":0,"pos":[378.326782,-782.036011,134.09848],"rotationMatrix":[0.336989164,-0.941508532,0,0.941508532,0.336989164,0,0,0,1],"scale":0.951472044,"type":"palm_tiny"}
{"ctxid":0,"pos":[387.300598,-796.39093,135.263336],"rotationMatrix":[0.662001431,0.749502599,0,-0.749502599,0.662001431,0,0,0,1],"scale":0.879472852,"type":"palm_tiny"}
{"ctxid":0,"pos":[392.478851,-793.503906,135.01236],"rotationMatrix":[-0.10099376,0.994887054,0,-0.994887054,-0.10099376,0,0,0,1],"scale":1.04284894,"type":"palm_tiny"}
{"ctxid":0,"pos":[395.609039,-790.68396,134.521881],"rotationMatrix":[-0.400822431,-0.916155756,0,0.916155756,-0.400822431,0,0,0,1],"scale":1.09384322,"type":"palm_tiny"}
{"ctxid":0,"pos":[395.976532,-785.611145,133.812103],"rotationMatrix":[-0.705903471,0.708308101,0,-0.708308101,-0.705903471,0,0,0,1],"scale":0.818661988,"type":"palm_tiny"}
{"ctxid":0,"pos":[387.977448,-778.614929,133.27327],"rotationMatrix":[-0.224964827,-0.974366903,0,0.974366903,-0.224964827,0,0,0,1],"scale":0.989852905,"type":"palm_tiny"}
{"ctxid":0,"pos":[384.916748,-783.348511,134.04097],"rotationMatrix":[-0.956804514,-0.290732086,0,0.290732086,-0.956804514,0,0,0,1],"scale":0.856750309,"type":"palm_tiny"}
{"ctxid":0,"pos":[388.722107,-868.181946,163.167023],"rotationMatrix":[-0.670497596,0.741911709,0,-0.741911709,-0.670497596,0,0,0,1],"scale":0.980145574,"type":"palm_tiny"}
{"ctxid":0,"pos":[405.51535,-860.121277,162.142029],"rotationMatrix":[0.835329592,-0.549749494,0,0.549749494,0.835329592,0,0,0,1],"scale":0.815523982,"type":"palm_tiny"}
{"ctxid":0,"pos":[401.506134,-859.197937,162.920929],"rotationMatrix":[0.534334779,-0.845272958,0,0.845272958,0.534334779,0,0,0,1],"scale":1.0574522,"type":"palm_tiny"}
{"ctxid":0,"pos":[408.945557,-864.270752,161.064636],"rotationMatrix":[0.988158941,0.153433576,0,-0.153433576,0.988158941,0,0,0,1],"scale":0.9439224,"type":"palm_tiny"}
{"ctxid":0,"pos":[409.623047,-866.802002,160.472321],"rotationMatrix":[0.116112478,0.993236065,0,-0.993236065,0.116112478,0,0,0,1],"scale":0.899370074,"type":"palm_tiny"}
{"ctxid":0,"pos":[322.317505,-851.764221,164.490189],"rotationMatrix":[-0.0879271775,-0.99612689,0,0.99612689,-0.0879271775,0,0,0,1],"scale":0.809086442,"type":"palm_tiny"}
{"ctxid":0,"pos":[131.003738,-695.521118,156.946838],"rotationMatrix":[0.639342308,-0.76892221,0,0.76892221,0.639342308,0,0,0,1],"scale":0.975408912,"type":"palm_tiny"}
{"ctxid":0,"pos":[133.71637,-689.999084,157.056259],"rotationMatrix":[0.705141604,0.70906651,0,-0.70906651,0.705141604,0,0,0,1],"scale":0.997887611,"type":"palm_tiny"}
{"ctxid":0,"pos":[133.692932,-713.921143,155.968597],"rotationMatrix":[0.959917545,-0.119610727,-0.253478944,0.123648994,0.992326021,0,0.251533747,-0.031342417,0.967340887],"scale":1.03873503,"type":"palm_tiny"}
{"ctxid":0,"pos":[155.017426,-674.265015,156.27301],"rotationMatrix":[-0.994425833,-0.105438255,0,0.105438255,-0.994425833,0,0,0,1],"scale":1.02454257,"type":"palm_tiny"}
{"ctxid":0,"pos":[184.87854,-682.555786,154.303513],"rotationMatrix":[-0.230359823,-0.97310555,0,0.97310555,-0.230359823,0,0,0,1],"scale":0.982895374,"type":"palm_tiny"}
{"ctxid":0,"pos":[194.218613,-681.423706,154.8815],"rotationMatrix":[0.407027185,0.913416028,0,-0.913416028,0.407027185,0,0,0,1],"scale":0.977044106,"type":"palm_tiny"}
{"ctxid":0,"pos":[282.721619,-705.670471,157.583405],"rotationMatrix":[0.919800222,0.392386973,0,-0.392386973,0.919800222,0,0,0,1],"scale":0.881839275,"type":"palm_tiny"}
{"ctxid":0,"pos":[283.036499,-706.691711,157.55423],"rotationMatrix":[0.972190559,-0.234191164,0,0.234191164,0.972190559,0,0,0,1],"scale":0.833111107,"type":"palm_tiny"}
{"ctxid":0,"pos":[285.261963,-720.029724,157.418365],"rotationMatrix":[0.793820083,-0.608152688,0,0.608152688,0.793820083,0,0,0,1],"scale":0.821766138,"type":"palm_tiny"}
{"ctxid":0,"pos":[294.287537,-721.38324,158.110046],"rotationMatrix":[0.533115923,0.846042216,0,-0.846042216,0.533115923,0,0,0,1],"scale":1.00417018,"type":"palm_tiny"}
{"ctxid":0,"pos":[292.133484,-726.11676,157.910858],"rotationMatrix":[-0.53011632,0.847924948,0,-0.847924948,-0.53011632,0,0,0,1],"scale":0.810294926,"type":"palm_tiny"}
{"ctxid":0,"pos":[294.09198,-732.143066,158.217926],"rotationMatrix":[-0.99877423,-0.0494975485,0,0.0494975485,-0.99877423,0,0,0,1],"scale":1.03062344,"type":"palm_tiny"}
{"ctxid":0,"pos":[291.774506,-740.301147,158.027359],"rotationMatrix":[0.0310537517,-0.999517739,0,0.999517739,0.0310537517,0,0,0,1],"scale":0.918686509,"type":"palm_tiny"}
{"ctxid":0,"pos":[297.8862,-727.992004,158.952332],"rotationMatrix":[-0.339306474,-0.940675914,0,0.940675914,-0.339306474,0,0,0,1],"scale":1.05836761,"type":"palm_tiny"}
{"ctxid":0,"pos":[289.102539,-747.876465,158.232605],"rotationMatrix":[0.542963982,0.839755952,0,-0.839755952,0.542963982,0,0,0,1],"scale":0.81740272,"type":"palm_tiny"}
{"ctxid":0,"pos":[291.940948,-761.590393,159.437012],"rotationMatrix":[0.757865071,0.652411342,0,-0.652411342,0.757865071,0,0,0,1],"scale":0.986659169,"type":"palm_tiny"}
{"ctxid":0,"pos":[296.706238,-764.595154,159.949677],"rotationMatrix":[0.376292408,0.926500976,0,-0.926500976,0.376292408,0,0,0,1],"scale":1.01874232,"type":"palm_tiny"}
{"ctxid":0,"pos":[-332.835022,-527.361694,138.044128],"rotationMatrix":[0.775122225,0.631811321,0,-0.631811321,0.775122225,0,0,0,1],"scale":1.00115347,"type":"palm_tiny"}
{"ctxid":0,"pos":[-334.19577,-520.018494,137.475082],"rotationMatrix":[0.182253689,-0.983251512,0,0.983251512,0.182253689,0,0,0,1],"scale":0.861181796,"type":"palm_tiny"}
{"ctxid":0,"pos":[754.748108,917.78363,125.412994],"rotationMatrix":[0.881345987,-0.472471476,0,0.472471476,0.881345987,0,0,0,1],"scale":0.851998687,"type":"palm_tiny"}
{"ctxid":0,"pos":[764.156006,884.026245,125.782867],"rotationMatrix":[-0.356099039,0.934448242,0,-0.934448242,-0.356099039,0,0,0,1],"scale":0.893497825,"type":"palm_tiny"}
{"ctxid":0,"pos":[765.057312,862.012634,125.589653],"rotationMatrix":[-0.481697381,-0.876337647,0,0.876337647,-0.481697381,0,0,0,1],"scale":1.07398188,"type":"palm_tiny"}
{"ctxid":0,"pos":[764.724243,840.80896,125.010452],"rotationMatrix":[-0.056606818,-0.998396575,0,0.998396575,-0.056606818,0,0,0,1],"scale":1.07780659,"type":"palm_tiny"}
{"ctxid":0,"pos":[760.984253,838.525085,124.835686],"rotationMatrix":[0.436452091,0.899727464,0,-0.899727464,0.436452091,0,0,0,1],"scale":1.05658007,"type":"palm_tiny"}
{"ctxid":0,"pos":[769.591858,849.71405,126.1036],"rotationMatrix":[-0.988348484,0.152207926,0,-0.152207926,-0.988348484,0,0,0,1],"scale":0.863123775,"type":"palm_tiny"}
{"ctxid":0,"pos":[765.16272,850.344543,125.141136],"rotationMatrix":[-0.951766491,0.306823254,0,-0.306823254,-0.951766491,0,0,0,1],"scale":0.901762605,"type":"palm_tiny"}
{"ctxid":0,"pos":[764.917053,880.704834,125.895615],"rotationMatrix":[-0.489511907,0.871996641,0,-0.871996641,-0.489511907,0,0,0,1],"scale":0.803226709,"type":"palm_tiny"}
{"ctxid":0,"pos":[764.564087,876.183289,126.063644],"rotationMatrix":[0.475610942,0.879655778,0,-0.879655778,0.475610942,0,0,0,1],"scale":0.985234022,"type":"palm_tiny"}
{"ctxid":0,"pos":[750.167236,922.246277,125.258873],"rotationMatrix":[-0.967976689,0.25104019,0,-0.25104019,-0.967976689,0,0,0,1],"scale":0.949355245,"type":"palm_tiny"}
{"ctxid":0,"pos":[751.624634,923.990784,125.265465],"rotationMatrix":[-0.915075541,0.403282493,0,-0.403282493,-0.915075541,0,0,0,1],"scale":1.05216599,"type":"palm_tiny"}
{"ctxid":0,"pos":[741.956177,942.460693,125.160645],"rotationMatrix":[0.515606761,0.856825352,0,-0.856825352,0.515606761,0,0,0,1],"scale":1.03672385,"type":"palm_tiny"}
{"ctxid":0,"pos":[740.029602,944.988037,124.945549],"rotationMatrix":[0.999199152,-0.0400126427,0,0.0400126427,0.999199152,0,0,0,1],"scale":0.926306129,"type":"palm_tiny"}
{"ctxid":0,"pos":[741.004639,954.283936,124.959641],"rotationMatrix":[-0.539442301,0.842022598,0,-0.842022598,-0.539442301,0,0,0,1],"scale":1.09145463,"type":"palm_tiny"}
{"ctxid":0,"pos":[740.569702,953.017883,124.942993],"rotationMatrix":[0.388868451,-0.921293318,0,0.921293318,0.388868451,0,0,0,1],"scale":0.97413075,"type":"palm_tiny"}
{"ctxid":0,"pos":[746.646057,963.291931,125.211517],"rotationMatrix":[-0.154929772,-0.98792547,0,0.98792547,-0.154929772,0,0,0,1],"scale":0.870440423,"type":"palm_tiny"}
{"ctxid":0,"pos":[747.632202,964.800354,125.29158],"rotationMatrix":[0.711149573,0.703040779,0,-0.703040779,0.711149573,0,0,0,1],"scale":0.821717978,"type":"palm_tiny"}
{"ctxid":0,"pos":[817.639343,860.111511,149.986542],"rotationMatrix":[0.825315058,0.56467253,0,-0.56467253,0.825315058,0,0,0,1],"scale":1.09428322,"type":"palm_tiny"}
{"ctxid":0,"pos":[821.589172,855.179443,150.3396],"rotationMatrix":[-0.71421665,-0.699924707,0,0.699924707,-0.71421665,0,0,0,1],"scale":0.831410646,"type":"palm_tiny"}
{"ctxid":0,"pos":[822.674255,852.885315,150.439407],"rotationMatrix":[0.953952789,0.299956709,0,-0.299956709,0.953952789,0,0,0,1],"scale":0.916977525,"type":"palm_tiny"}
{"ctxid":0,"pos":[762.682251,906.399536,135.987946],"rotationMatrix":[0.966913819,0.255103201,0,-0.255103201,0.966913819,0,0,0,1],"scale":0.98401314,"type":"palm_tiny"}
{"ctxid":0,"pos":[754.325562,910.55249,125.617935],"rotationMatrix":[-0.811285019,-0.584650874,0,0.584650874,-0.811285019,0,0,0,1],"scale":1.0976131,"type":"palm_tiny"}
{"ctxid":0,"pos":[-770.511597,-546.750122,172.785492],"rotationMatrix":[0.883186162,-0.469022632,0,0.469022632,0.883186162,0,0,0,1],"scale":1.07836807,"type":"palm_tiny"}
{"ctxid":0,"pos":[-781.421448,-544.188721,171.36438],"rotationMatrix":[0.0302812811,-0.999541402,0,0.999541402,0.0302812811,0,0,0,1],"scale":1.04435682,"type":"palm_tiny"}
{"ctxid":0,"pos":[-731.265198,-544.641724,171.238403],"rotationMatrix":[0.932621241,-0.360856712,0,0.360856712,0.932621241,0,0,0,1],"scale":1.02655697,"type":"palm_tiny"}
{"ctxid":0,"pos":[-727.686951,-550.439026,170.929962],"rotationMatrix":[-0.947693765,-0.319181085,0,0.319181085,-0.947693765,0,0,0,1],"scale":1.03514934,"type":"palm_tiny"}
{"ctxid":0,"pos":[-719.137817,-539.244873,169.858032],"rotationMatrix":[-0.343312889,0.939221084,0,-0.939221084,-0.343312889,0,0,0,1],"scale":0.85714227,"type":"palm_tiny"}
{"ctxid":0,"pos":[-716.874695,-540.927063,171.182159],"rotationMatrix":[-0.920808256,0.390015513,0,-0.390015513,-0.920808256,0,0,0,1],"scale":1.08658993,"type":"palm_tiny"}
{"ctxid":0,"pos":[-715.935608,-528.532288,167.718475],"rotationMatrix":[-0.594459474,-0.804125607,0,0.804125607,-0.594459474,0,0,0,1],"scale":0.821923614,"type":"palm_tiny"}
{"ctxid":0,"pos":[-707.537903,-519.741272,164.47348],"rotationMatrix":[0.952538252,0.304418951,0,-0.304418951,0.952538252,0,0,0,1],"scale":0.880778491,"type":"palm_tiny"}
{"ctxid":0,"pos":[-396.733551,-737.293945,174.638031],"rotationMatrix":[-0.790050387,-0.613041878,0,0.613041878,-0.790050387,0,0,0,1],"scale":1.09007049,"type":"palm_tiny"}
{"ctxid":0,"pos":[-410.118164,-731.802673,172.61702],"rotationMatrix":[-0.301163882,0.953572392,0,-0.953572392,-0.301163882,0,0,0,1],"scale":0.965457559,"type":"palm_tiny"}
{"ctxid":0,"pos":[-437.928101,-716.864563,169.763947],"rotationMatrix":[0.911897719,-0.410417527,0,0.410417527,0.911897719,0,0,0,1],"scale":0.931176603,"type":"palm_tiny"}
{"ctxid":0,"pos":[-367.50351,-798.459595,184.541809],"rotationMatrix":[0.665801704,-0.746128738,0,0.746128738,0.665801704,0,0,0,1],"scale":0.940699399,"type":"palm_tiny"}
{"ctxid":0,"pos":[-368.173126,-795.24353,185.322754],"rotationMatrix":[-0.326948732,-0.945042074,0,0.945042074,-0.326948732,0,0,0,1],"scale":0.854272604,"type":"palm_tiny"}
{"ctxid":0,"pos":[-367.426239,-793.097595,185.688187],"rotationMatrix":[0.938180804,0.34614566,0,-0.34614566,0.938180804,0,0,0,1],"scale":1.03211844,"type":"palm_tiny"}
{"ctxid":0,"pos":[-363.776306,-798.893005,184.595184],"rotationMatrix":[0.677609324,-0.735422015,0,0.735422015,0.677609324,0,0,0,1],"scale":0.904669166,"type":"palm_tiny"}
{"ctxid":0,"pos":[-373.744446,-798.325745,184.217819],"rotationMatrix":[-0.093972981,-0.995574772,0,0.995574772,-0.093972981,0,0,0,1],"scale":0.881966949,"type":"palm_tiny"}
{"ctxid":0,"pos":[-354.880371,-786.957703,183.947891],"rotationMatrix":[0.999999821,0.000630680646,0,-0.000630680646,0.999999821,0,0,0,1],"scale":0.829656839,"type":"palm_tiny"}
{"ctxid":0,"pos":[-356.934509,-788.485718,184.207779],"rotationMatrix":[0.720918,-0.693020403,0,0.693020403,0.720918,0,0,0,1],"scale":0.904012322,"type":"palm_tiny"}
{"ctxid":0,"pos":[-360.143219,-779.407471,183.162628],"rotationMatrix":[-0.296639889,0.954989433,0,-0.954989433,-0.296639889,0,0,0,1],"scale":0.864958942,"type":"palm_tiny"}
{"ctxid":0,"pos":[-342.598724,-789.152405,184.493713],"rotationMatrix":[-0.0461169593,-0.998936057,0,0.998936057,-0.0461169593,0,0,0,1],"scale":1.03246367,"type":"palm_tiny"}
{"ctxid":0,"pos":[-342.085327,-785.144775,184.202881],"rotationMatrix":[-0.259150058,-0.965837061,0,0.965837061,-0.259150058,0,0,0,1],"scale":0.804067016,"type":"palm_tiny"}
{"ctxid":0,"pos":[-334.684998,-798.535095,185.046204],"rotationMatrix":[-0.643886626,-0.765120924,0,0.765120924,-0.643886626,0,0,0,1],"scale":1.07366443,"type":"palm_tiny"}
{"ctxid":0,"pos":[-304.733215,-798.772034,185.643372],"rotationMatrix":[-0.965292335,-0.261171758,0,0.261171758,-0.965292335,0,0,0,1],"scale":1.0243957,"type":"palm_tiny"}
{"ctxid":0,"pos":[-302.757812,-795.897339,185.382385],"rotationMatrix":[0.689117193,0.724649906,0,-0.724649906,0.689117193,0,0,0,1],"scale":1.02020931,"type":"palm_tiny"}
{"ctxid":0,"pos":[-300.860657,-782.06543,183.673035],"rotationMatrix":[0.88228929,0.470707566,0,-0.470707566,0.88228929,0,0,0,1],"scale":1.00851917,"type":"palm_tiny"}
{"ctxid":0,"pos":[-300.825775,-775.728088,183.89682],"rotationMatrix":[0.992081344,-0.125596985,0,0.125596985,0.992081344,0,0,0,1],"scale":0.962077856,"type":"palm_tiny"}
{"ctxid":0,"pos":[-296.43103,-807.156128,186.518066],"rotationMatrix":[0.939153612,-0.343497455,0,0.343497455,0.939153612,0,0,0,1],"scale":1.03231955,"type":"palm_tiny"}
{"ctxid":0,"pos":[-297.633545,-788.209045,185.381744],"rotationMatrix":[-0.783813119,0.620996773,0,-0.620996773,-0.783813119,0,0,0,1],"scale":0.956817746,"type":"palm_tiny"}
{"ctxid":0,"pos":[-326.087799,-803.018494,185.828461],"rotationMatrix":[-0.966092825,0.258194923,0,-0.258194923,-0.966092825,0,0,0,1],"scale":0.89059782,"type":"palm_tiny"}
{"ctxid":0,"pos":[-323.284821,-802.77124,185.840393],"rotationMatrix":[-0.244129643,0.969742596,0,-0.969742596,-0.244129643,0,0,0,1],"scale":0.839954317,"type":"palm_tiny"}
{"ctxid":0,"pos":[-327.765106,-799.549438,183.649338],"rotationMatrix":[-0.517690539,0.855567932,0,-0.855567932,-0.517690539,0,0,0,1],"scale":0.815917194,"type":"palm_tiny"}
{"ctxid":0,"pos":[-898.340942,-494.369263,144.028046],"rotationMatrix":[-0.999955595,0.00942558795,0,-0.00942558795,-0.999955595,0,0,0,1],"scale":1.04021347,"type":"palm_tiny"}
{"ctxid":0,"pos":[-903.456055,-486.666779,144.711029],"rotationMatrix":[-0.925498784,0.378750592,0,-0.378750592,-0.925498784,0,0,0,1],"scale":0.838148475,"type":"palm_tiny"}
{"ctxid":0,"pos":[-904.153076,-483.400879,144.816132],"rotationMatrix":[0.979929626,0.199343756,0,-0.199343756,0.979929626,0,0,0,1],"scale":0.822858453,"type":"palm_tiny"}
{"ctxid":0,"pos":[603.244934,-929.082153,139.4104],"rotationMatrix":[-0.046188172,-0.998932779,0,0.998932779,-0.046188172,0,0,0,1],"scale":0.901767731,"type":"palm_tiny"}
{"ctxid":0,"pos":[593.653809,-934.077698,138.112869],"rotationMatrix":[-0.392881781,0.919588983,0,-0.919588983,-0.392881781,0,0,0,1],"scale":0.944985628,"type":"palm_tiny"}
{"ctxid":0,"pos":[604.892456,-874.32251,129.76387],"rotationMatrix":[-0.645404577,0.763840914,0,-0.763840914,-0.645404577,0,0,0,1],"scale":0.826850772,"type":"palm_tiny"}
{"ctxid":0,"pos":[603.35553,-872.694824,129.469009],"rotationMatrix":[0.734877288,-0.678200126,0,0.678200126,0.734877288,0,0,0,1],"scale":0.919019222,"type":"palm_tiny"}
{"ctxid":0,"pos":[606.776306,-870.847412,130.032516],"rotationMatrix":[0.588969946,-0.808154941,0,0.808154941,0.588969946,0,0,0,1],"scale":1.01949108,"type":"palm_tiny"}
{"ctxid":0,"pos":[607.675354,-868.356995,130.026794],"rotationMatrix":[-0.965557337,-0.260190278,0,0.260190278,-0.965557337,0,0,0,1],"scale":0.896648526,"type":"palm_tiny"}
{"ctxid":0,"pos":[600.218567,-861.522644,128.636322],"rotationMatrix":[0.388998538,0.921238363,0,-0.921238363,0.388998538,0,0,0,1],"scale":0.954098821,"type":"palm_tiny"}
{"ctxid":0,"pos":[600.209534,-869.789368,128.644623],"rotationMatrix":[0.585295796,-0.810819864,0,0.810819864,0.585295796,0,0,0,1],"scale":0.988111377,"type":"palm_tiny"}
{"ctxid":0,"pos":[607.887634,-864.678955,129.257141],"rotationMatrix":[-0.64996767,-0.759961903,0,0.759961903,-0.64996767,0,0,0,1],"scale":0.933797717,"type":"palm_tiny"}
{"ctxid":0,"pos":[-10.2849483,-285.293335,131.750336],"rotationMatrix":[-0.999585629,0.0287842005,0,-0.0287842005,-0.999585629,0,0,0,1],"scale":0.94953233,"type":"palm_tiny"}
{"ctxid":0,"pos":[-19.2151184,-278.264099,131.99324],"rotationMatrix":[0.962617993,-0.270862609,0,0.270862609,0.962617993,0,0,0,1],"scale":0.897862971,"type":"palm_tiny"}
{"ctxid":0,"pos":[-2.29035616,-281.18399,131.326294],"rotationMatrix":[0.581384718,-0.813628793,0,0.813628793,0.581384718,0,0,0,1],"scale":1.07332051,"type":"palm_tiny"}
{"ctxid":0,"pos":[2.12674356,-285.519897,131.330566],"rotationMatrix":[-0.98038578,0.197088227,0,-0.197088227,-0.98038578,0,0,0,1],"scale":0.878014147,"type":"palm_tiny"}
{"ctxid":0,"pos":[9.51408577,-287.855621,131.683029],"rotationMatrix":[-0.00926480163,0.999957085,0,-0.999957085,-0.00926480163,0,0,0,1],"scale":0.821197629,"type":"palm_tiny"}
{"ctxid":0,"pos":[9.34447289,-280.219025,131.324951],"rotationMatrix":[-0.431640118,-0.902045906,0,0.902045906,-0.431640118,0,0,0,1],"scale":1.0924716,"type":"palm_tiny"}
{"ctxid":0,"pos":[-22.2367134,-265.963745,133.885193],"rotationMatrix":[-0.848366916,-0.529408693,0,0.529408693,-0.848366916,0,0,0,1],"scale":0.948425591,"type":"palm_tiny"}
{"ctxid":0,"pos":[126.39753,-432.022217,125.767006],"rotationMatrix":[0.758509517,0.645539403,-0.0891192555,-0.64923203,0.760380268,-0.0178776365,0.0562238097,0.0714194328,0.995860517],"scale":1.09439778,"type":"palm_tiny"}
{"ctxid":0,"pos":[144.81514,-380.004059,126.2761],"rotationMatrix":[0.359628499,-0.898341537,-0.252288908,0.905194044,0.401505291,-0.139345467,0.226475149,-0.178257853,0.957566261],"scale":0.812237382,"type":"palm_tiny"}
{"ctxid":0,"pos":[157.911819,-367.089386,126.243843],"rotationMatrix":[0.321371078,0.945949912,0.0435815379,-0.92816782,0.305540383,0.212484121,0.187683433,-0.10873723,0.976192176],"scale":0.827389538,"type":"palm_tiny"}
{"ctxid":0,"pos":[164.828201,-359.232727,127.102982],"rotationMatrix":[-0.595935702,-0.803020716,-0.00424853712,0.791302562,-0.586322069,-0.173396915,0.13675034,-0.106695317,0.984842837],"scale":0.941809177,"type":"palm_tiny"}
{"ctxid":0,"pos":[160.603348,-359.428864,128.855988],"rotationMatrix":[-0.944582582,-0.193544716,0.265148133,0.114495575,-0.951226115,-0.286459714,0.307658643,-0.240226656,0.920672178],"scale":0.956135511,"type":"palm_tiny"}
