{"ctxid":0,"pos":[-4.74989986,-31.6077003,145.957001],"rotationMatrix":[0.718299866,0.695731163,0,-0.695731163,0.718299866,0,0,0,1],"scale":1.19739997,"type":"palm_small"}
{"ctxid":0,"pos":[-10.4050999,-25.4447002,150.255997],"rotationMatrix":[-0.892290592,0.451332778,0,-0.451332778,-0.892290592,0,0,0,1],"scale":1.38199997,"type":"palm_small"}
{"ctxid":0,"pos":[-11.7629995,-28.1291008,148.843994],"rotationMatrix":[-0.153072953,0.988304853,0,-0.988304853,-0.153072953,0,0,0,1],"scale":1.49909997,"type":"palm_small"}
{"ctxid":0,"pos":[-9.30949974,-42.7845993,147.173996],"rotationMatrix":[0.951950014,0.306249022,0,-0.306249022,0.951950014,0,0,0,1],"scale":1.13590002,"type":"palm_small"}
{"ctxid":0,"pos":[-17.6163006,-47.7914009,149.511002],"rotationMatrix":[0.151877105,-0.98839134,0,0.98839134,0.151877105,0,0,0,1],"scale":1.21630001,"type":"palm_small"}
{"ctxid":0,"pos":[-21.3490009,-63.1413994,156.324005],"rotationMatrix":[-0.780761957,0.62504065,0,-0.62504065,-0.780761957,0,0,0,1],"scale":1.04929996,"type":"palm_small"}
{"ctxid":0,"pos":[-17.3346996,-62.6838989,154.339005],"rotationMatrix":[0.314847767,-0.949122548,0,0.949122548,0.314847767,0,0,0,1],"scale":1.03670001,"type":"palm_small"}
{"ctxid":0,"pos":[-60.2613983,-92.9194031,160.800003],"rotationMatrix":[0.504390359,0.863483846,0,-0.863483846,0.504390359,0,0,0,1],"scale":1.3369,"type":"palm_small"}
{"ctxid":0,"pos":[-56.6492996,-97.6100006,159.876007],"rotationMatrix":[-0.130105734,-0.991492271,0,0.991492271,-0.130105734,0,0,0,1],"scale":1.2105,"type":"palm_small"}
{"ctxid":0,"pos":[-60.5914001,-97.324501,159.582001],"rotationMatrix":[-0.472327948,-0.881509185,0,0.881509185,-0.472327948,0,0,0,1],"scale":1.23500001,"type":"palm_small"}
{"ctxid":0,"pos":[-63.8585014,-84.9244003,164.610992],"rotationMatrix":[0.790307105,0.612694383,0,-0.612694383,0.790307105,0,0,0,1],"scale":1.46599996,"type":"palm_small"}
{"ctxid":0,"pos":[-84.6940002,-172.602997,131.757034],"rotationMatrix":[0.966769576,-0.255660266,0,0.255660266,0.966769576,0,0,0,1],"scale":1.0539,"type":"palm_small"}
{"ctxid":0,"pos":[-83.1578979,-168.046005,132.095718],"rotationMatrix":[0.719499469,-0.694472849,0,0.694472849,0.719499469,0,0,0,1],"scale":1.22350001,"type":"palm_small"}
{"ctxid":0,"pos":[-68.8859024,-231.070007,132.115021],"rotationMatrix":[0.765113413,-0.643864751,0,0.643864751,0.765113413,0,0,0,1],"scale":1.3556,"type":"palm_small"}
{"ctxid":0,"pos":[-224.574005,-121.406998,148.429001],"rotationMatrix":[0.917744339,-0.39716354,0,0.39716354,0.917744339,0,0,0,1],"scale":1.29939997,"type":"palm_small"}
{"ctxid":0,"pos":[-213.606003,-94.1480026,147.882996],"rotationMatrix":[-0.951497674,0.307600915,0,-0.307600915,-0.951497674,0,0,0,1],"scale":1.2802,"type":"palm_small"}
{"ctxid":0,"pos":[-210.744003,-87.7406998,148.796005],"rotationMatrix":[-0.942026377,0.335233092,0,-0.335233092,-0.942026377,0,0,0,1],"scale":1.39470005,"type":"palm_small"}
{"ctxid":0,"pos":[-215.612,-95.8074036,148.281006],"rotationMatrix":[0.675665379,-0.737182617,0,0.737182617,0.675665379,0,0,0,1],"scale":1.21619999,"type":"palm_small"}
{"ctxid":0,"pos":[-227.376999,-130.710007,148.179993],"rotationMatrix":[0.837207854,0.546863019,0,-0.546863019,0.837207854,0,0,0,1],"scale":1.28610003,"type":"palm_small"}
{"ctxid":0,"pos":[-229.151001,-128.563004,149.350006],"rotationMatrix":[0.949374378,0.314158857,0,-0.314158857,0.949374378,0,0,0,1],"scale":1.37030005,"type":"palm_small"}
{"ctxid":0,"pos":[-26.9832993,-356.235992,136.166016],"rotationMatrix":[0.168981731,-0.985593379,0,0.985593379,0.168981731,0,0,0,1],"scale":1.03559995,"type":"palm_small"}
{"ctxid":0,"pos":[-29.0512009,-357.954987,135.422943],"rotationMatrix":[-0.3203125,0.947375,0,-0.947375,-0.3203125,0,0,0,1],"scale":1.22599995,"type":"palm_small"}
{"ctxid":0,"pos":[-25.7082996,-356.660004,136.224899],"rotationMatrix":[0.181567848,-0.98334682,0,0.98334682,0.181567848,0,0,0,1],"scale":1.08920002,"type":"palm_small"}
{"ctxid":0,"pos":[-98.2416992,-348.527008,132.896545],"rotationMatrix":[0.759181976,-0.650902629,0,0.650902629,0.759181976,0,0,0,1],"scale":1.08840001,"type":"palm_small"}
{"ctxid":0,"pos":[-64.6390991,-343.717987,134.431824],"rotationMatrix":[0.856351972,0.516382396,0,-0.516382396,0.856351972,0,0,0,1],"scale":1.31710005,"type":"palm_small"}
{"ctxid":0,"pos":[-64.3746033,-372.869995,132.456604],"rotationMatrix":[0.977697253,0.210017279,0,-0.210017279,0.977697253,0,0,0,1],"scale":1.33599997,"type":"palm_small"}
{"ctxid":0,"pos":[-168.313004,-269.427002,133.267319],"rotationMatrix":[-0.83476162,-0.550351858,0,0.550351858,-0.83476162,0,0,0,1],"scale":1.17349994,"type":"palm_small"}
{"ctxid":0,"pos":[-165.460007,-284.230011,133.266068],"rotationMatrix":[-0.590257883,-0.807166874,0,0.807166874,-0.590257883,0,0,0,1],"scale":1.01259995,"type":"palm_small"}
{"ctxid":0,"pos":[-146.835999,-260.40799,132.808075],"rotationMatrix":[0.739069104,-0.673637986,0,0.673637986,0.739069104,0,0,0,1],"scale":1.27569997,"type":"palm_small"}
{"ctxid":0,"pos":[-145.011993,-260.910004,132.809647],"rotationMatrix":[-0.602049947,-0.798340023,0,0.798340023,-0.602049947,0,0,0,1],"scale":1.43050003,"type":"palm_small"}
{"ctxid":0,"pos":[-146.067001,-283.890015,132.723129],"rotationMatrix":[0.977187514,-0.212382481,0,0.212382481,0.977187514,0,0,0,1],"scale":1.12769997,"type":"palm_small"}
{"ctxid":0,"pos":[-149.162994,-286.464996,132.685394],"rotationMatrix":[0.0115819573,-0.99994719,0,0.99994719,0.0115819573,0,0,0,1],"scale":1.35189998,"type":"palm_small"}
{"ctxid":0,"pos":[-142.798004,-295.199005,132.620636],"rotationMatrix":[0.971295893,-0.23787488,0,0.23787488,0.971295893,0,0,0,1],"scale":1.13259995,"type":"palm_small"}
{"ctxid":0,"pos":[-127.906998,-273.186005,132.237427],"rotationMatrix":[0.453778505,-0.891137481,0,0.891137481,0.453778505,0,0,0,1],"scale":1.17659998,"type":"palm_small"}
{"ctxid":0,"pos":[-129.076996,-278.867004,132.906982],"rotationMatrix":[-0.702381372,-0.711878121,0,0.711878121,-0.702381372,0,0,0,1],"scale":1.05920005,"type":"palm_small"}
{"ctxid":0,"pos":[-279.882996,-52.3997002,174.453995],"rotationMatrix":[0.940211177,-0.340578437,0,0.340578437,0.940211177,0,0,0,1],"scale":1.39929998,"type":"palm_small"}
{"ctxid":0,"pos":[-294.954987,-44.4696999,174.641998],"rotationMatrix":[0.707693458,0.706490397,0,-0.706490397,0.707693458,0,0,0,1],"scale":1.2256,"type":"palm_small"}
{"ctxid":0,"pos":[-257.093994,-33.7812004,179.363998],"rotationMatrix":[0.999999821,-0.000600000028,0,0.000600000028,0.999999821,0,0,0,1],"scale":1.37310004,"type":"palm_small"}
{"ctxid":0,"pos":[-263.156006,-40.2869987,178.490997],"rotationMatrix":[0.28023994,0.959960043,0,-0.959960043,0.28023994,0,0,0,1],"scale":1.26680005,"type":"palm_small"}
{"ctxid":0,"pos":[-346.502014,-70.3976974,168.966995],"rotationMatrix":[-0.470612526,0.882367551,0,-0.882367551,-0.470612526,0,0,0,1],"scale":1.1171,"type":"palm_small"}
{"ctxid":0,"pos":[-361.960999,-70.4237976,166.852005],"rotationMatrix":[0.149009407,-0.988756359,0,0.988756359,0.149009407,0,0,0,1],"scale":1.12370002,"type":"palm_small"}
{"ctxid":0,"pos":[-484.776001,-202.802002,135.184998],"rotationMatrix":[-0.11691463,-0.993161738,0,0.993161738,-0.11691463,0,0,0,1],"scale":1.13940001,"type":"palm_small"}
{"ctxid":0,"pos":[-277.776001,-291.635986,132.591568],"rotationMatrix":[-0.592398643,-0.805568457,0,0.805568457,-0.592398643,0,0,0,1],"scale":1.34099996,"type":"palm_small"}
{"ctxid":0,"pos":[-271.240997,-287.132996,132.52272],"rotationMatrix":[0.912303269,-0.409502655,0,0.409502655,0.912303269,0,0,0,1],"scale":1.35230005,"type":"palm_small"}
{"ctxid":0,"pos":[-290.35199,-264.688995,132.308838],"rotationMatrix":[-0.609935641,-0.792407036,0,0.792407036,-0.609935641,0,0,0,1],"scale":1.0122,"type":"palm_small"}
{"ctxid":0,"pos":[-273.903015,-291.584015,132.534882],"rotationMatrix":[-0.976072073,-0.217685997,0,0.217685997,-0.976072073,0,0,0,1],"scale":1.22800004,"type":"palm_small"}
{"ctxid":0,"pos":[-276.694,-284.346985,132.639038],"rotationMatrix":[0.548559964,0.836080968,0,-0.836080968,0.548559964,0,0,0,1],"scale":1.19219995,"type":"palm_small"}
{"ctxid":0,"pos":[-283.298004,-318.164001,132.47995],"rotationMatrix":[-0.244726419,-0.96955812,0,0.96955812,-0.244726419,0,0,0,1],"scale":1.17519999,"type":"palm_small"}
{"ctxid":0,"pos":[-249.218002,-597.913025,152.052994],"rotationMatrix":[0.931105256,0.364741117,0,-0.364741117,0.931105256,0,0,0,1],"scale":1.27069998,"type":"palm_small"}
{"ctxid":0,"pos":[-248.460999,-617.263,151.524994],"rotationMatrix":[-0.991608858,0.129926577,0,-0.129926577,-0.991608858,0,0,0,1],"scale":1.03980005,"type":"palm_small"}
{"ctxid":0,"pos":[-239.578995,-610.255981,151.636993],"rotationMatrix":[-0.229625583,-0.973381758,0,0.973381758,-0.229625583,0,0,0,1],"scale":1.42709994,"type":"palm_small"}
{"ctxid":0,"pos":[-272.30899,-584.466003,152.981995],"rotationMatrix":[-0.333997726,0.942635059,0,-0.942635059,-0.333997726,0,0,0,1],"scale":1.17060006,"type":"palm_small"}
{"ctxid":0,"pos":[-274.240997,-582.133972,153.080002],"rotationMatrix":[0.105680645,0.994356871,0,-0.994356871,0.105680645,0,0,0,1],"scale":1.31809998,"type":"palm_small"}
{"ctxid":0,"pos":[-306.438995,-682.91803,176.953995],"rotationMatrix":[0.766482234,-0.6422593,0,0.6422593,0.766482234,0,0,0,1],"scale":1.37590003,"type":"palm_small"}
{"ctxid":0,"pos":[-294.542999,-705.02301,178.158005],"rotationMatrix":[0.594459772,-0.804145753,0,0.804145753,0.594459772,0,0,0,1],"scale":1.30980003,"type":"palm_small"}
{"ctxid":0,"pos":[-306.14801,-733.328979,180.929993],"rotationMatrix":[0.83318913,0.552994251,0,-0.552994251,0.83318913,0,0,0,1],"scale":1.17840004,"type":"palm_small"}
{"ctxid":0,"pos":[-254.509995,-702.840027,164.671005],"rotationMatrix":[-0.99200809,0.125348791,0,-0.125348791,-0.99200809,0,0,0,1],"scale":1.01199996,"type":"palm_small"}
{"ctxid":0,"pos":[-259.942993,-728.814026,165.175003],"rotationMatrix":[-0.458631873,-0.888672292,0,0.888672292,-0.458631873,0,0,0,1],"scale":1.42340004,"type":"palm_small"}
{"ctxid":0,"pos":[-500.246002,-165.785995,135.630005],"rotationMatrix":[-0.993205786,0.117599741,0,-0.117599741,-0.993205786,0,0,0,1],"scale":1.31420004,"type":"palm_small"}
{"ctxid":0,"pos":[-512.263977,-175.337997,135.619995],"rotationMatrix":[-0.962576628,0.271226257,0,-0.271226257,-0.962576628,0,0,0,1],"scale":1.35549998,"type":"palm_small"}
{"ctxid":0,"pos":[-659.873901,-178.225342,144.75798],"rotationMatrix":[-0.362570286,0.932041645,0,-0.932041645,-0.362570286,0,0,0,1],"scale":1.22350001,"type":"palm_small"}
{"ctxid":0,"pos":[-675.281006,-191.494003,143.283997],"rotationMatrix":[-0.273927212,-0.961710513,0,0.961710513,-0.273927212,0,0,0,1],"scale":1.2148,"type":"palm_small"}
{"ctxid":0,"pos":[-685.473022,-192.436005,150.873001],"rotationMatrix":[0.985719502,-0.1683916,0,0.1683916,0.985719502,0,0,0,1],"scale":1.47950006,"type":"palm_small"}
{"ctxid":0,"pos":[-675.231018,-232.733994,153.287994],"rotationMatrix":[-0.636602402,0.77126199,0,-0.77126199,-0.636602402,0,0,0,1],"scale":1.40480006,"type":"palm_small"}
{"ctxid":0,"pos":[-881.315979,-133.347,172.932999],"rotationMatrix":[-0.943209052,-0.332180917,0,0.332180917,-0.943209052,0,0,0,1],"scale":1.19669998,"type":"palm_small"}
{"ctxid":0,"pos":[-18.9256992,771.08197,131.856995],"rotationMatrix":[0.965046346,-0.262073278,0,0.262073278,0.965046346,0,0,0,1],"scale":1.44719994,"type":"palm_small"}
{"ctxid":0,"pos":[-22.8057003,774.041992,131.904007],"rotationMatrix":[-0.837444663,-0.546344995,0,0.546344995,-0.837444663,0,0,0,1],"scale":1.17649996,"type":"palm_small"}
{"ctxid":0,"pos":[-19.4850006,773.02002,131.858002],"rotationMatrix":[0.232439518,0.972615004,0,-0.972615004,0.232439518,0,0,0,1],"scale":1.43490005,"type":"palm_small"}
{"ctxid":0,"pos":[-26.2865009,776.062012,130.860992],"rotationMatrix":[-0.885293603,0.464672744,0,-0.464672744,-0.885293603,0,0,0,1],"scale":1.42879999,"type":"palm_small"}
{"ctxid":0,"pos":[-36.7153015,753.757996,132.757004],"rotationMatrix":[0.954216599,-0.299120098,0,0.299120098,0.954216599,0,0,0,1],"scale":1.32309997,"type":"palm_small"}
{"ctxid":0,"pos":[-18.2693005,750.914978,131.996994],"rotationMatrix":[0.806433558,-0.591338873,0,0.591338873,0.806433558,0,0,0,1],"scale":1.46580005,"type":"palm_small"}
{"ctxid":0,"pos":[-52.1554985,781.093994,131.082001],"rotationMatrix":[-0.238108516,0.971225977,0,-0.971225977,-0.238108516,0,0,0,1],"scale":1.47459996,"type":"palm_small"}
{"ctxid":0,"pos":[-51.4931984,782.18103,130.365005],"rotationMatrix":[0.97037822,-0.241598845,0,0.241598845,0.97037822,0,0,0,1],"scale":1.07729995,"type":"palm_small"}
{"ctxid":0,"pos":[-55.0573006,757.521973,133.490005],"rotationMatrix":[-0.217736244,0.975999296,0,-0.975999296,-0.217736244,0,0,0,1],"scale":1.25349998,"type":"palm_small"}
{"ctxid":0,"pos":[-69.3555984,761.146973,132.542999],"rotationMatrix":[-0.237479091,0.971450984,0,-0.971450984,-0.237479091,0,0,0,1],"scale":1.02129996,"type":"palm_small"}
{"ctxid":0,"pos":[-93.6341019,779.013977,133.981995],"rotationMatrix":[-0.604556918,0.796635568,0,-0.796635568,-0.604556918,0,0,0,1],"scale":1.13080001,"type":"palm_small"}
{"ctxid":0,"pos":[-91.3813019,798.70697,129.742004],"rotationMatrix":[0.81455946,-0.580072522,0,0.580072522,0.81455946,0,0,0,1],"scale":1.27170002,"type":"palm_small"}
{"ctxid":0,"pos":[-105.25,809.317993,128.087997],"rotationMatrix":[-0.905152082,0.424755216,0,-0.424755216,-0.905152082,0,0,0,1],"scale":1.1415,"type":"palm_small"}
{"ctxid":0,"pos":[-68.6183014,782.044983,131.906998],"rotationMatrix":[0.718600035,0.695435345,0,-0.695435345,0.718600035,0,0,0,1],"scale":1.10899997,"type":"palm_small"}
{"ctxid":0,"pos":[-57.1315002,786.533997,129.429993],"rotationMatrix":[-0.331059337,0.94371748,0,-0.94371748,-0.331059337,0,0,0,1],"scale":1.30159998,"type":"palm_small"}
{"ctxid":0,"pos":[-77.9782028,677.020996,150.511002],"rotationMatrix":[-0.199080944,0.979954004,0,-0.979954004,-0.199080944,0,0,0,1],"scale":1.0675,"type":"palm_small"}
{"ctxid":0,"pos":[-225.539993,729.872009,171.188995],"rotationMatrix":[0.150574148,-0.988628924,0,0.988628924,0.150574148,0,0,0,1],"scale":1.18729997,"type":"palm_small"}
{"ctxid":0,"pos":[-435.542999,850.530029,127.036003],"rotationMatrix":[-0.223673582,0.974621236,0,-0.974621236,-0.223673582,0,0,0,1],"scale":1.03610003,"type":"palm_small"}
{"ctxid":0,"pos":[-432.864014,854.450989,126.282997],"rotationMatrix":[-0.887235999,-0.46102643,0,0.46102643,-0.887235999,0,0,0,1],"scale":1.35109997,"type":"palm_small"}
{"ctxid":0,"pos":[-393.432007,858.466003,129.947006],"rotationMatrix":[0.557823896,0.829997063,0,-0.829997063,0.557823896,0,0,0,1],"scale":1.19889998,"type":"palm_small"}
{"ctxid":0,"pos":[-426.559998,843.072998,128.779999],"rotationMatrix":[-0.892290592,0.451138258,0,-0.451138258,-0.892290592,0,0,0,1],"scale":1.1652,"type":"palm_small"}
{"ctxid":0,"pos":[-425.390015,846.275024,128.259995],"rotationMatrix":[0.57107681,0.820891082,0,-0.820891082,0.57107681,0,0,0,1],"scale":1.42159998,"type":"palm_small"}
{"ctxid":0,"pos":[-428.164001,844.112,128.503006],"rotationMatrix":[0.265527964,-0.964145958,0,0.964145958,0.265527964,0,0,0,1],"scale":1.13119996,"type":"palm_small"}
{"ctxid":0,"pos":[-482.010986,837.200012,129.389008],"rotationMatrix":[0.556883037,-0.830597222,0,0.830597222,0.556883037,0,0,0,1],"scale":1.00179994,"type":"palm_small"}
{"ctxid":0,"pos":[-468.906006,501.028015,167.794998],"rotationMatrix":[0.979273498,-0.202541277,0,0.202541277,0.979273498,0,0,0,1],"scale":1.21879995,"type":"palm_small"}
{"ctxid":0,"pos":[-118.611,188.529999,243.177994],"rotationMatrix":[0.759736896,-0.650221586,0,0.650221586,0.759736896,0,0,0,1],"scale":1.20229995,"type":"palm_small"}
{"ctxid":0,"pos":[-121.370003,185.774002,242.561996],"rotationMatrix":[0.833881497,-0.551960647,0,0.551960647,0.833881497,0,0,0,1],"scale":1.16040003,"type":"palm_small"}
{"ctxid":0,"pos":[-152.569,232.455994,258.044006],"rotationMatrix":[0.130383313,0.991473794,0,-0.991473794,0.130383313,0,0,0,1],"scale":1.05990005,"type":"palm_small"}
{"ctxid":0,"pos":[-150.339005,232.587006,258.256012],"rotationMatrix":[0.369210839,-0.929335773,0,0.929335773,0.369210839,0,0,0,1],"scale":1.03079998,"type":"palm_small"}
{"ctxid":0,"pos":[-128.813004,175.940994,241.955994],"rotationMatrix":[-0.990411639,0.137668803,0,-0.137668803,-0.990411639,0,0,0,1],"scale":1.29260004,"type":"palm_small"}
{"ctxid":0,"pos":[-126.551003,176.514008,240.733002],"rotationMatrix":[-0.844736218,0.535326958,0,-0.535326958,-0.844736218,0,0,0,1],"scale":1.02540004,"type":"palm_small"}
{"ctxid":0,"pos":[-207.481003,178.800995,255.509995],"rotationMatrix":[-0.508584499,-0.861030877,0,0.861030877,-0.508584499,0,0,0,1],"scale":1.30499995,"type":"palm_small"}
{"ctxid":0,"pos":[-209.268997,178.979004,253.929993],"rotationMatrix":[0.743098855,-0.669204473,0,0.669204473,0.743098855,0,0,0,1],"scale":1.20650005,"type":"palm_small"}
{"ctxid":0,"pos":[-252.733002,252.701004,215.425995],"rotationMatrix":[-0.998400331,0.0555777587,0,-0.0555777587,-0.998400331,0,0,0,1],"scale":1.25810003,"type":"palm_small"}
{"ctxid":0,"pos":[-418.69101,441.312012,162.809006],"rotationMatrix":[0.776754379,0.629778504,0,-0.629778504,0.776754379,0,0,0,1],"scale":1.23010004,"type":"palm_small"}
{"ctxid":0,"pos":[-395.532013,404.183014,163.679001],"rotationMatrix":[-0.476449251,0.879133463,0,-0.879133463,-0.476449251,0,0,0,1],"scale":1.2529,"type":"palm_small"}
{"ctxid":0,"pos":[-394.876007,402.326996,163.376999],"rotationMatrix":[-0.154592156,-0.987891972,0,0.987891972,-0.154592156,0,0,0,1],"scale":1.08700001,"type":"palm_small"}
{"ctxid":0,"pos":[-448.95401,485.769989,165.031006],"rotationMatrix":[-0.956242085,0.291952789,0,-0.291952789,-0.956242085,0,0,0,1],"scale":1.31029999,"type":"palm_small"}
{"ctxid":0,"pos":[-447.022003,482.565002,165.169998],"rotationMatrix":[-0.726825237,0.687050521,0,-0.687050521,-0.726825237,0,0,0,1],"scale":1.10950005,"type":"palm_small"}
{"ctxid":0,"pos":[-442.984985,479.997009,163.891006],"rotationMatrix":[-0.571055532,0.820891082,0,-0.820891082,-0.571055532,0,0,0,1],"scale":1.25730002,"type":"palm_small"}
{"ctxid":0,"pos":[-455.248993,491.115997,165.561996],"rotationMatrix":[-0.247568011,0.968768716,0,-0.968768716,-0.247568011,0,0,0,1],"scale":1.26010001,"type":"palm_small"}
{"ctxid":0,"pos":[-463.290985,496.830994,166.690002],"rotationMatrix":[-0.846273303,-0.532667518,0,0.532667518,-0.846273303,0,0,0,1],"scale":1.01900005,"type":"palm_small"}
{"ctxid":0,"pos":[-464.688995,489.484985,165.554001],"rotationMatrix":[-0.967334509,0.253900826,0,-0.253900826,-0.967334509,0,0,0,1],"scale":1.15799999,"type":"palm_small"}
{"ctxid":0,"pos":[-453.709015,476.882996,162.710007],"rotationMatrix":[-0.905152082,0.424950421,0,-0.424950421,-0.905152082,0,0,0,1],"scale":1.07089996,"type":"palm_small"}
{"ctxid":0,"pos":[-450.190002,460.839996,161.985001],"rotationMatrix":[-0.446700454,-0.894726038,0,0.894726038,-0.446700454,0,0,0,1],"scale":1.45150006,"type":"palm_small"}
{"ctxid":0,"pos":[-448.957001,460.299988,161.822998],"rotationMatrix":[0.938188732,-0.346115023,0,0.346115023,0.938188732,0,0,0,1],"scale":1.35619998,"type":"palm_small"}
{"ctxid":0,"pos":[-450.179993,448.972992,160.292007],"rotationMatrix":[-0.980846047,-0.194661126,0,0.194661126,-0.980846047,0,0,0,1],"scale":1.26250005,"type":"palm_small"}
{"ctxid":0,"pos":[-455.51001,462.252991,161.123993],"rotationMatrix":[-0.999200225,-0.0397920422,0,0.0397920422,-0.999200225,0,0,0,1],"scale":1.13380003,"type":"palm_small"}
{"ctxid":0,"pos":[-461.213013,457.709991,160.783997],"rotationMatrix":[-0.248832107,-0.968469143,0,0.968469143,-0.248832107,0,0,0,1],"scale":1.04320002,"type":"palm_small"}
{"ctxid":0,"pos":[-462.424988,456.921997,161.231995],"rotationMatrix":[-0.681044579,-0.732339859,0,0.732339859,-0.681044579,0,0,0,1],"scale":1.199,"type":"palm_small"}
{"ctxid":0,"pos":[-453.377014,460.459015,161.063995],"rotationMatrix":[-0.931398511,0.364385158,0,-0.364385158,-0.931398511,0,0,0,1],"scale":1.2313,"type":"palm_small"}
{"ctxid":0,"pos":[-285.799011,222.757996,212.716995],"rotationMatrix":[-0.606707454,0.795018137,0,-0.795018137,-0.606707454,0,0,0,1],"scale":1.09119999,"type":"palm_small"}
{"ctxid":0,"pos":[-285.34201,210.106995,212.856003],"rotationMatrix":[0.990995169,-0.133891344,0,0.133891344,0.990995169,0,0,0,1],"scale":1.31379998,"type":"palm_small"}
{"ctxid":0,"pos":[-304.950989,198.994995,212.912003],"rotationMatrix":[-0.999599934,0.034396559,0,-0.034396559,-0.999599934,0,0,0,1],"scale":1.37150002,"type":"palm_small"}
{"ctxid":0,"pos":[-437.033997,71.9424973,139.033997],"rotationMatrix":[-0.575312495,-0.81791997,0,0.81791997,-0.575312495,0,0,0,1],"scale":1.21899998,"type":"palm_small"}
{"ctxid":0,"pos":[-464.841003,59.7938004,135.604996],"rotationMatrix":[-0.99520278,-0.0988812,0,0.0988812,-0.99520278,0,0,0,1],"scale":1.42869997,"type":"palm_small"}
{"ctxid":0,"pos":[-533.426025,824.502991,128.406006],"rotationMatrix":[-0.679577947,0.733669817,0,-0.733669817,-0.679577947,0,0,0,1],"scale":1.11059999,"type":"palm_small"}
{"ctxid":0,"pos":[-567.038025,808.570984,131.964996],"rotationMatrix":[-0.951102495,0.308359951,0,-0.308359951,-0.951102495,0,0,0,1],"scale":1.01090002,"type":"palm_small"}
{"ctxid":0,"pos":[-569.135986,812.888,128.248001],"rotationMatrix":[0.137227595,0.990454376,0,-0.990454376,0.137227595,0,0,0,1],"scale":1.20700002,"type":"palm_small"}
{"ctxid":0,"pos":[-578.143982,809.554993,127.686996],"rotationMatrix":[-0.165864468,-0.986136556,0,0.986136556,-0.165864468,0,0,0,1],"scale":1.00139999,"type":"palm_small"}
{"ctxid":0,"pos":[-573.906006,809.138977,129.584],"rotationMatrix":[0.838688016,0.544598401,0,-0.544598401,0.838688016,0,0,0,1],"scale":1.05330002,"type":"palm_small"}
{"ctxid":0,"pos":[-560.728027,783.192017,132.955002],"rotationMatrix":[-0.0614244938,-0.998190761,0,0.998190761,-0.0614244938,0,0,0,1],"scale":1.49230003,"type":"palm_small"}
{"ctxid":0,"pos":[-629.515991,788.268982,136.559998],"rotationMatrix":[-0.0276044607,-0.999649286,0,0.999649286,-0.0276044607,0,0,0,1],"scale":1.28639996,"type":"palm_small"}
{"ctxid":0,"pos":[-631.262024,791.674988,134.917007],"rotationMatrix":[-0.75331533,0.657469869,0,-0.657469869,-0.75331533,0,0,0,1],"scale":1.04820001,"type":"palm_small"}
{"ctxid":0,"pos":[-662.849976,801.838013,129.397003],"rotationMatrix":[-0.736502528,0.67648679,0,-0.67648679,-0.736502528,0,0,0,1],"scale":1.02349997,"type":"palm_small"}
{"ctxid":0,"pos":[-672.61499,811.45697,129.393005],"rotationMatrix":[-0.60169208,0.79860878,0,-0.79860878,-0.60169208,0,0,0,1],"scale":1.32280004,"type":"palm_small"}
{"ctxid":0,"pos":[-679.710999,692.619995,134.766998],"rotationMatrix":[0.183613598,-0.983011484,0,0.983011484,0.183613598,0,0,0,1],"scale":1.34329998,"type":"palm_small"}
{"ctxid":0,"pos":[-674.447021,649.659973,130.179993],"rotationMatrix":[0.328359425,0.944585025,0,-0.944585025,0.328359425,0,0,0,1],"scale":1.03069997,"type":"palm_small"}
{"ctxid":0,"pos":[-676.986023,645.731018,127.470001],"rotationMatrix":[0.937483549,-0.348013103,0,0.348013103,0.937483549,0,0,0,1],"scale":1.38919997,"type":"palm_small"}
{"ctxid":0,"pos":[-676.64502,665.963013,132.337997],"rotationMatrix":[-0.728684187,0.684631109,0,-0.684631109,-0.728684187,0,0,0,1],"scale":1.15069997,"type":"palm_small"}
{"ctxid":0,"pos":[-674.875,635.620972,129.141998],"rotationMatrix":[-0.993605018,-0.113418236,0,0.113418236,-0.993605018,0,0,0,1],"scale":1.43920004,"type":"palm_small"}
{"ctxid":0,"pos":[-667.044006,637.698975,136.164001],"rotationMatrix":[-0.213370562,-0.976896405,0,0.976896405,-0.213370562,0,0,0,1],"scale":1.32539999,"type":"palm_small"}
{"ctxid":0,"pos":[-671.322998,578.749023,131.707001],"rotationMatrix":[-0.180877209,0.983551979,0,-0.983551979,-0.180877209,0,0,0,1],"scale":1.46229994,"type":"palm_small"}
{"ctxid":0,"pos":[-685.770996,577.224976,128.910995],"rotationMatrix":[-0.852042556,-0.523683667,0,0.523683667,-0.852042556,0,0,0,1],"scale":1.18990004,"type":"palm_small"}
{"ctxid":0,"pos":[-672.632996,528.987976,139.160995],"rotationMatrix":[0.0358950496,0.999375403,0,-0.999375403,0.0358950496,0,0,0,1],"scale":1.29770005,"type":"palm_small"}
{"ctxid":0,"pos":[-687.700989,519.101013,135.966995],"rotationMatrix":[0.999975502,-0.00700000022,0,0.00700000022,0.999975502,0,0,0,1],"scale":1.15849996,"type":"palm_small"}
{"ctxid":0,"pos":[-804.497986,507.28299,126.401001],"rotationMatrix":[-0.721254468,-0.692620754,0,0.692620754,-0.721254468,0,0,0,1],"scale":1.43190002,"type":"palm_small"}
{"ctxid":0,"pos":[-736.855347,503.703857,128.679535],"rotationMatrix":[0.739646733,-0.672964156,0,0.672964156,0.739646733,0,0,0,1],"scale":1.04530001,"type":"palm_small"}
{"ctxid":0,"pos":[-764.00293,515.624146,127.009003],"rotationMatrix":[0.114751816,0.993425965,0,-0.993425965,0.114751816,0,0,0,1],"scale":1.12469995,"type":"palm_small"}
{"ctxid":0,"pos":[-806.75,119.325996,128.449997],"rotationMatrix":[0.947187483,-0.320677489,0,0.320677489,0.947187483,0,0,0,1],"scale":1.33399999,"type":"palm_small"}
{"ctxid":0,"pos":[-795.083008,105.346001,127.249001],"rotationMatrix":[-1,-0.00600000005,0,0.00600000005,-1,0,0,0,1],"scale":1.49310005,"type":"palm_small"}
{"ctxid":0,"pos":[-797.633972,108.345001,128.016006],"rotationMatrix":[0.419389129,0.907770276,0,-0.907770276,0.419389129,0,0,0,1],"scale":1.44330001,"type":"palm_small"}
{"ctxid":0,"pos":[-795.906006,58.8336983,127.269997],"rotationMatrix":[0.810366035,-0.541422486,0.224065572,0.555535793,0.831512332,4.78588045e-05,-0.186342865,0.124425575,0.974576592],"scale":1.04700005,"type":"palm_small"}
{"ctxid":0,"pos":[-925.728027,2.30100012,129.179993],"rotationMatrix":[0.0566741824,0.983921826,0.169157714,-0.998310268,0.05749017,7.11008906e-05,-0.00964889675,-0.16888231,0.985588431],"scale":1.37899995,"type":"palm_small"}
{"ctxid":0,"pos":[-928.572998,2.22659993,128.283997],"rotationMatrix":[-0.82119143,-0.567054212,-0.0612259805,0.5598647,-0.821921587,0.103202641,-0.108860582,0.0504854433,0.992773473],"scale":1.08990002,"type":"palm_small"}
{"ctxid":0,"pos":[897.784973,-2.18860006,131.429001],"rotationMatrix":[0.994508505,-0.104653284,0,0.104653284,0.994508505,0,0,0,1],"scale":1.26820004,"type":"palm_small"}
{"ctxid":0,"pos":[953.40802,-738.513977,141.524994],"rotationMatrix":[-0.390778303,-0.920458853,0,0.920458853,-0.390778303,0,0,0,1],"scale":1.1825,"type":"palm_small"}
{"ctxid":0,"pos":[948.572021,-736.237,147.468994],"rotationMatrix":[-0.845120549,-0.534422219,0,0.534422219,-0.845120549,0,0,0,1],"scale":1.29429996,"type":"palm_small"}
{"ctxid":0,"pos":[946.117981,-723.594971,148.658005],"rotationMatrix":[-0.778875113,0.626972854,0,-0.626972854,-0.778875113,0,0,0,1],"scale":1.04820001,"type":"palm_small"}
{"ctxid":0,"pos":[831.075989,-583.718018,162.533997],"rotationMatrix":[0.998960316,-0.0455863215,0,0.0455863215,0.998960316,0,0,0,1],"scale":1.14409995,"type":"palm_small"}
{"ctxid":0,"pos":[940.718994,-766.059998,135.259003],"rotationMatrix":[-0.382119417,0.92407316,0,-0.92407316,-0.382119417,0,0,0,1],"scale":1.14139998,"type":"palm_small"}
{"ctxid":0,"pos":[942.335022,-766.911987,133.615997],"rotationMatrix":[0.371231019,0.928519189,0,-0.928519189,0.371231019,0,0,0,1],"scale":1.00409997,"type":"palm_small"}
{"ctxid":0,"pos":[926.835999,-782.242981,144.153],"rotationMatrix":[-0.106987,-0.97969985,-0.169478595,0.994081616,-0.108548284,-5.41657209e-05,-0.0183451623,-0.168482795,0.985533714],"scale":1.17910004,"type":"palm_small"}
{"ctxid":0,"pos":[875.046021,-790.250977,130.742996],"rotationMatrix":[-0.172592878,-0.984996438,0,0.984996438,-0.172592878,0,0,0,1],"scale":1.13279998,"type":"palm_small"}
{"ctxid":0,"pos":[872.601013,-788.906982,131.307999],"rotationMatrix":[0.868312895,0.49600777,0,-0.49600777,0.868312895,0,0,0,1],"scale":1.32550001,"type":"palm_small"}
{"ctxid":0,"pos":[286.700012,-232.785004,131.119003],"rotationMatrix":[0.59769547,0.80173862,0,-0.80173862,0.59769547,0,0,0,1],"scale":1.39520001,"type":"palm_small"}
{"ctxid":0,"pos":[401.90799,-323.678986,126.103996],"rotationMatrix":[-0.181799412,0.983321011,0,-0.983321011,-0.181799412,0,0,0,1],"scale":1.06930006,"type":"palm_small"}
{"ctxid":0,"pos":[407.506012,-330.552002,125.753998],"rotationMatrix":[-0.617840648,-0.786255479,0,0.786255479,-0.617840648,0,0,0,1],"scale":1.04400003,"type":"palm_small"}
{"ctxid":0,"pos":[409.562988,-320.90799,126.971001],"rotationMatrix":[0.278078794,-0.960558951,0,0.960558951,0.278078794,0,0,0,1],"scale":1.40139997,"type":"palm_small"}
{"ctxid":0,"pos":[421.826996,-336.877991,127.555],"rotationMatrix":[0.394779921,0.918777049,0,-0.918777049,0.394779921,0,0,0,1],"scale":1.16840005,"type":"palm_small"}
{"ctxid":0,"pos":[435.48999,-357.348999,127.392998],"rotationMatrix":[0.946600914,0.322420865,0,-0.322420865,0.946600914,0,0,0,1],"scale":1.08109999,"type":"palm_small"}
{"ctxid":0,"pos":[491.846008,-467.498993,128.365005],"rotationMatrix":[0.378610492,-0.925506949,0,0.925506949,0.378610492,0,0,0,1],"scale":1.20650005,"type":"palm_small"}
{"ctxid":0,"pos":[497.04599,-452.714996,128.020996],"rotationMatrix":[0.651554465,-0.758582771,0,0.758582771,0.651554465,0,0,0,1],"scale":1.43659997,"type":"palm_small"}
{"ctxid":0,"pos":[490.985992,-468.967987,128.156998],"rotationMatrix":[-0.765696287,0.643062234,0,-0.643062234,-0.765696287,0,0,0,1],"scale":1.10889995,"type":"palm_small"}
{"ctxid":0,"pos":[266.841003,-262.328003,132.912994],"rotationMatrix":[-0.883740425,-0.468169183,0,0.468169183,-0.883740425,0,0,0,1],"scale":1.2651,"type":"palm_small"}
{"ctxid":0,"pos":[351.937988,-274.528992,126.960999],"rotationMatrix":[0.631059468,-0.775762916,0,0.775762916,0.631059468,0,0,0,1],"scale":1.40970004,"type":"palm_small"}
{"ctxid":0,"pos":[372.289001,-287.200989,126.952003],"rotationMatrix":[-0.996401787,-0.0825256631,0,0.0825256631,-0.996401787,0,0,0,1],"scale":1.03120005,"type":"palm_small"}
{"ctxid":0,"pos":[365.774994,-294.514008,126.185997],"rotationMatrix":[-0.232136011,-0.972648084,0,0.972648084,-0.232136011,0,0,0,1],"scale":1.16170001,"type":"palm_small"}
{"ctxid":0,"pos":[253.660004,-281.488007,127.527],"rotationMatrix":[0.954397976,0.298526973,0,-0.298526973,0.954397976,0,0,0,1],"scale":1.22239995,"type":"palm_small"}
{"ctxid":0,"pos":[256.678009,-275.475006,131.190002],"rotationMatrix":[0.980674207,0.195656314,0,-0.195656314,0.980674207,0,0,0,1],"scale":1.26189995,"type":"palm_small"}
{"ctxid":0,"pos":[162.013,-111.346001,147.311005],"rotationMatrix":[-0.215552449,-0.976526976,0,0.976526976,-0.215552449,0,0,0,1],"scale":1.45079994,"type":"palm_small"}
{"ctxid":0,"pos":[162.867996,-115.521004,146.768997],"rotationMatrix":[0.705088019,0.709094405,0,-0.709094405,0.705088019,0,0,0,1],"scale":1.28670001,"type":"palm_small"}
{"ctxid":0,"pos":[142.526993,-118.063004,141.755005],"rotationMatrix":[-0.901639938,0.432359338,0,-0.432359338,-0.901639938,0,0,0,1],"scale":1.09720004,"type":"palm_small"}
{"ctxid":0,"pos":[140.253998,-120.995003,140.949997],"rotationMatrix":[-0.181184411,-0.983526289,0,0.983526289,-0.181184411,0,0,0,1],"scale":1.02670002,"type":"palm_small"}
{"ctxid":0,"pos":[141.031998,-123.666,141.259003],"rotationMatrix":[-0.867858052,0.49692288,0,-0.49692288,-0.867858052,0,0,0,1],"scale":1.30200005,"type":"palm_small"}
{"ctxid":0,"pos":[70.2287979,-92.4179993,132.536545],"rotationMatrix":[0.188461959,0.981999218,0,-0.981999218,0.188461959,0,0,0,1],"scale":1.13670003,"type":"palm_small"}
{"ctxid":0,"pos":[14.3198996,-46.6241989,139.518997],"rotationMatrix":[0.0930649042,-0.995689213,0,0.995689213,0.0930649042,0,0,0,1],"scale":1.01569998,"type":"palm_small"}
{"ctxid":0,"pos":[31.6713009,-24.3941994,140.705002],"rotationMatrix":[-0.410528064,-0.911686897,0,0.911686897,-0.410528064,0,0,0,1],"scale":1.24059999,"type":"palm_small"}
{"ctxid":0,"pos":[30.3409996,-21.9822998,141.574005],"rotationMatrix":[-0.934151053,0.356384158,0,-0.356384158,-0.934151053,0,0,0,1],"scale":1.01499999,"type":"palm_small"}
{"ctxid":0,"pos":[13.0999002,-108.977997,132.905945],"rotationMatrix":[0.999005437,-0.0445910804,0,0.0445910804,0.999005437,0,0,0,1],"scale":1.24779999,"type":"palm_small"}
{"ctxid":0,"pos":[14.6422005,-119.032997,131.561157],"rotationMatrix":[-0.392780542,-0.919619024,0,0.919619024,-0.392780542,0,0,0,1],"scale":1.23360002,"type":"palm_small"}
{"ctxid":0,"pos":[50.4592018,-64.0958023,132.063156],"rotationMatrix":[0.695487976,-0.718514264,0,0.718514264,0.695487976,0,0,0,1],"scale":1.23310006,"type":"palm_small"}
{"ctxid":0,"pos":[12.5539999,-146.815002,131.262848],"rotationMatrix":[0.941449583,0.337169677,0,-0.337169677,0.941449583,0,0,0,1],"scale":1.22850001,"type":"palm_small"}
{"ctxid":0,"pos":[21.2842999,-157.479004,133.494751],"rotationMatrix":[-0.216176033,0.976309597,0,-0.976309597,-0.216176033,0,0,0,1],"scale":1.30840003,"type":"palm_small"}
{"ctxid":0,"pos":[234.901001,-266.904999,135.658005],"rotationMatrix":[-0.490228534,-0.871486783,0,0.871486783,-0.490228534,0,0,0,1],"scale":1.01989996,"type":"palm_small"}
{"ctxid":0,"pos":[207.134995,-286.601013,137.897003],"rotationMatrix":[-0.946364641,0.322585493,0,-0.322585493,-0.946364641,0,0,0,1],"scale":1.23950005,"type":"palm_small"}
{"ctxid":0,"pos":[212.283005,-293.498993,135.016998],"rotationMatrix":[0.782595813,-0.62253952,0,0.62253952,0.782595813,0,0,0,1],"scale":1.06500006,"type":"palm_small"}
{"ctxid":0,"pos":[211.098007,-301.437012,133.813004],"rotationMatrix":[-0.616761684,0.787251949,0,-0.787251949,-0.616761684,0,0,0,1],"scale":1.09329998,"type":"palm_small"}
{"ctxid":0,"pos":[210.845001,-295.381012,134.481995],"rotationMatrix":[-0.980049968,-0.199597001,0,0.199597001,-0.980049968,0,0,0,1],"scale":1.48109996,"type":"palm_small"}
{"ctxid":0,"pos":[236.929001,-289.880005,129.945999],"rotationMatrix":[-0.682511806,-0.73100841,0,0.73100841,-0.682511806,0,0,0,1],"scale":1.10640001,"type":"palm_small"}
{"ctxid":0,"pos":[226.729004,-307.457001,126.689003],"rotationMatrix":[0.746243119,-0.66566658,0,0.66566658,0.746243119,0,0,0,1],"scale":1.02470005,"type":"palm_small"}
{"ctxid":0,"pos":[226.214005,-305.834991,127.028],"rotationMatrix":[0.73325789,0.679929376,0,-0.679929376,0.73325789,0,0,0,1],"scale":1.25199997,"type":"palm_small"}
{"ctxid":0,"pos":[203.395996,-307.878998,134.195007],"rotationMatrix":[0.697046757,-0.717062056,0,0.717062056,0.697046757,0,0,0,1],"scale":1.20480001,"type":"palm_small"}
{"ctxid":0,"pos":[197.362,-321.895996,129.138],"rotationMatrix":[-0.340866804,-0.940146148,0,0.940146148,-0.340866804,0,0,0,1],"scale":1.02049994,"type":"palm_small"}
{"ctxid":0,"pos":[187.839996,-334.868988,130.339005],"rotationMatrix":[-0.203420877,0.979088485,0,-0.979088485,-0.203420877,0,0,0,1],"scale":1.44280005,"type":"palm_small"}
{"ctxid":0,"pos":[165.304001,-310.787994,139.524643],"rotationMatrix":[-0.974084496,-0.2255245,0,0.2255245,-0.974084496,0,0,0,1],"scale":1.34290004,"type":"palm_small"}
{"ctxid":0,"pos":[166.985992,-329.563995,136.544998],"rotationMatrix":[0.585039496,-0.810972214,0,0.810972214,0.585039496,0,0,0,1],"scale":1.27400005,"type":"palm_small"}
{"ctxid":0,"pos":[181.309998,-335.789001,131.621002],"rotationMatrix":[0.941518009,0.336972594,0,-0.336972594,0.941518009,0,0,0,1],"scale":1.40240002,"type":"palm_small"}
{"ctxid":0,"pos":[175.962006,-342.265015,130.251007],"rotationMatrix":[-0.390778303,-0.920458853,0,0.920458853,-0.390778303,0,0,0,1],"scale":1.39639997,"type":"palm_small"}
{"ctxid":0,"pos":[155.378006,-346.066986,133.291],"rotationMatrix":[-0.548447967,0.836256921,0,-0.836256921,-0.548447967,0,0,0,1],"scale":1.3642,"type":"palm_small"}
{"ctxid":0,"pos":[161.063004,-348.779999,130.710999],"rotationMatrix":[-0.153376698,0.988131344,0,-0.988131344,-0.153376698,0,0,0,1],"scale":1.44299996,"type":"palm_small"}
{"ctxid":0,"pos":[151.009003,-348.022003,134.244003],"rotationMatrix":[0.962571502,0.271028161,0,-0.271028161,0.962571502,0,0,0,1],"scale":1.03100002,"type":"palm_small"}
{"ctxid":0,"pos":[132.209,-362.777008,131.981003],"rotationMatrix":[-0.837061167,-0.546863019,0,0.546863019,-0.837061167,0,0,0,1],"scale":1.26929998,"type":"palm_small"}
{"ctxid":0,"pos":[131.414993,-354.81601,136.814728],"rotationMatrix":[0.865837991,0.50033623,0,-0.50033623,0.865837991,0,0,0,1],"scale":1.13450003,"type":"palm_small"}
{"ctxid":0,"pos":[147.091003,-341.920013,137.8508],"rotationMatrix":[0.440106392,-0.897988498,0,0.897988498,0.440106392,0,0,0,1],"scale":1.1516,"type":"palm_small"}
{"ctxid":0,"pos":[149.501007,-343.796997,136.614136],"rotationMatrix":[-0.994803429,-0.102266878,0,0.102266878,-0.994803429,0,0,0,1],"scale":1.12849998,"type":"palm_small"}
{"ctxid":0,"pos":[146.410995,-349.549011,135.083649],"rotationMatrix":[-0.924329638,-0.381766289,0,0.381766289,-0.924329638,0,0,0,1],"scale":1.15840006,"type":"palm_small"}
{"ctxid":0,"pos":[143.266998,-348.807007,136.308685],"rotationMatrix":[0.497597098,0.867376745,0,-0.867376745,0.497597098,0,0,0,1],"scale":1.49609995,"type":"palm_small"}
{"ctxid":0,"pos":[148.289001,-325.359985,138.256821],"rotationMatrix":[0.527219117,-0.849780381,0,0.849780381,0.527219117,0,0,0,1],"scale":1.05120003,"type":"palm_small"}
{"ctxid":0,"pos":[150.097,-323.125,138.439911],"rotationMatrix":[-0.722367883,-0.691359997,0,0.691359997,-0.722367883,0,0,0,1],"scale":1.06719995,"type":"palm_small"}
{"ctxid":0,"pos":[96.0412979,-374.114014,131.573318],"rotationMatrix":[0.99203676,0.12594761,0,-0.12594761,0.99203676,0,0,0,1],"scale":1.22150004,"type":"palm_small"}
{"ctxid":0,"pos":[26.7658005,-351.910004,132.119812],"rotationMatrix":[0.682714224,0.730641544,0,-0.730641544,0.682714224,0,0,0,1],"scale":1.2823,"type":"palm_small"}
{"ctxid":0,"pos":[64.8009033,-384.609009,130.64061],"rotationMatrix":[0.371903658,0.928246558,0,-0.928246558,0.371903658,0,0,0,1],"scale":1.22599995,"type":"palm_small"}
{"ctxid":0,"pos":[66.7634964,-393.938995,129.96431],"rotationMatrix":[0.932508647,-0.361154169,0,0.361154169,0.932508647,0,0,0,1],"scale":1.3355,"type":"palm_small"}
{"ctxid":0,"pos":[392.667999,-729.335999,124.904999],"rotationMatrix":[0.309687555,0.950809956,0,-0.950809956,0.309687555,0,0,0,1],"scale":1.34280002,"type":"palm_small"}
{"ctxid":0,"pos":[393.687012,-758.166016,127.82193],"rotationMatrix":[0.985820711,0.167793766,0,-0.167793766,0.985820711,0,0,0,1],"scale":1.08609998,"type":"palm_small"}
{"ctxid":0,"pos":[394.90799,-760.848022,128.454865],"rotationMatrix":[-0.597041845,0.802095354,0,-0.802095354,-0.597041845,0,0,0,1],"scale":1.3096,"type":"palm_small"}
{"ctxid":0,"pos":[371.841003,-753.481995,126.039352],"rotationMatrix":[-0.970112562,0.242765501,0,-0.242765501,-0.970112562,0,0,0,1],"scale":1.2802,"type":"palm_small"}
{"ctxid":0,"pos":[254.863998,-756.221008,137.656998],"rotationMatrix":[0.612975955,-0.790148437,0,0.790148437,0.612975955,0,0,0,1],"scale":1.07500005,"type":"palm_small"}
{"ctxid":0,"pos":[257.136993,-753.187988,139.302002],"rotationMatrix":[0.567177892,-0.8235901,0,0.8235901,0.567177892,0,0,0,1],"scale":1.36899996,"type":"palm_small"}
{"ctxid":0,"pos":[247.264008,-745.106018,135.350006],"rotationMatrix":[0.121657431,-0.992592037,0,0.992592037,0.121657431,0,0,0,1],"scale":1.30780005,"type":"palm_small"}
{"ctxid":0,"pos":[247.227005,-748.098022,133.725998],"rotationMatrix":[-0.850118399,0.526681662,0,-0.526681662,-0.850118399,0,0,0,1],"scale":1.38530004,"type":"palm_small"}
{"ctxid":0,"pos":[245.753998,-741.133972,134.494003],"rotationMatrix":[0.458367705,0.888739109,0,-0.888739109,0.458367705,0,0,0,1],"scale":1.49810004,"type":"palm_small"}
{"ctxid":0,"pos":[236.468002,-724.73999,131.457993],"rotationMatrix":[-0.513451934,0.85806936,0,-0.85806936,-0.513451934,0,0,0,1],"scale":1.4483,"type":"palm_small"}
{"ctxid":0,"pos":[228.684006,-718.077026,130.397003],"rotationMatrix":[0.492371142,-0.870364845,0,0.870364845,0.492371142,0,0,0,1],"scale":1.0165,"type":"palm_small"}
{"ctxid":0,"pos":[233.298004,-725.924011,129.843994],"rotationMatrix":[0.539583921,-0.84195298,0,0.84195298,0.539583921,0,0,0,1],"scale":1.32019997,"type":"palm_small"}
{"ctxid":0,"pos":[232.397995,-721.796997,130.776001],"rotationMatrix":[0.993905902,-0.110234395,0,0.110234395,0.993905902,0,0,0,1],"scale":1.09630001,"type":"palm_small"}
