{"ctxid":0,"pos":[-45.0250015,-131.468994,140.770523],"rotationMatrix":[0.745188594,0.666853786,0,-0.666853786,0.745188594,0,0,0,1],"scale":0.999946296,"type":"palm_bend"}
{"ctxid":0,"pos":[-185.949997,-136.832001,136.382004],"rotationMatrix":[0.999996603,0.00260081794,0,-0.00260081794,0.999996603,0,0,0,1],"scale":0.828016937,"type":"palm_bend"}
{"ctxid":0,"pos":[-155.912994,-139.524002,135.078003],"rotationMatrix":[0.932819128,-0.360344976,0,0.360344976,0.932819128,0,0,0,1],"scale":0.924432993,"type":"palm_bend"}
{"ctxid":0,"pos":[-215.404007,-148.332001,139.082993],"rotationMatrix":[0.980194926,0.198035076,0,-0.198035076,0.980194926,0,0,0,1],"scale":0.863501906,"type":"palm_bend"}
{"ctxid":0,"pos":[-193.264008,-266.819,131.784607],"rotationMatrix":[-0.571822643,-0.82037735,0,0.82037735,-0.571822643,0,0,0,1],"scale":0.879245222,"type":"palm_bend"}
{"ctxid":0,"pos":[-274.622009,-283.401001,132.603607],"rotationMatrix":[0.639200568,0.769040108,0,-0.769040108,0.639200568,0,0,0,1],"scale":0.811189294,"type":"palm_bend"}
{"ctxid":0,"pos":[-252.757996,-629.494019,160.998993],"rotationMatrix":[-0.984548211,0.175113901,0,-0.175113901,-0.984548211,0,0,0,1],"scale":0.809140265,"type":"palm_bend"}
{"ctxid":0,"pos":[-708.317993,-4.42810011,146.751007],"rotationMatrix":[-0.782336831,-0.622855604,0,0.622855604,-0.782336831,0,0,0,1],"scale":0.835238576,"type":"palm_bend"}
{"ctxid":0,"pos":[-668.362976,-166.487,164.205994],"rotationMatrix":[0.998730004,0.0503819287,0,-0.0503819287,0.998730004,0,0,0,1],"scale":0.825650692,"type":"palm_bend"}
{"ctxid":0,"pos":[-915.737,-442.269989,138.811996],"rotationMatrix":[0.0509641767,-0.9987005,0,0.9987005,0.0509641767,0,0,0,1],"scale":0.819390714,"type":"palm_bend"}
{"ctxid":0,"pos":[-949.455017,-774.682007,135.647003],"rotationMatrix":[-0.370775223,-0.92872262,0,0.92872262,-0.370775223,0,0,0,1],"scale":0.906123757,"type":"palm_bend"}
{"ctxid":0,"pos":[-8.18190002,770.406982,131.121994],"rotationMatrix":[-0.84820044,0.529675543,0,-0.529675543,-0.84820044,0,0,0,1],"scale":0.895175338,"type":"palm_bend"}
{"ctxid":0,"pos":[-26.2485008,779.044006,129.253006],"rotationMatrix":[-0.988224149,-0.147187725,-0.0418197215,0.130677924,-0.954020739,0.269754797,-0.0796014741,0.261113256,0.962020516],"scale":0.91478616,"type":"palm_bend"}
{"ctxid":0,"pos":[-44.8538017,782.625977,129.651993],"rotationMatrix":[-0.957136512,0.289637387,0,-0.289637387,-0.957136512,0,0,0,1],"scale":0.817054152,"type":"palm_bend"}
{"ctxid":0,"pos":[-51.2957993,755.838013,133.376007],"rotationMatrix":[-0.907120466,0.42087093,0,-0.42087093,-0.907120466,0,0,0,1],"scale":0.918844581,"type":"palm_bend"}
{"ctxid":0,"pos":[-297.86499,188.143005,213.636002],"rotationMatrix":[-0.763883829,0.645353973,0,-0.645353973,-0.763883829,0,0,0,1],"scale":0.804312289,"type":"palm_bend"}
{"ctxid":0,"pos":[-688.64502,841.541992,126.790001],"rotationMatrix":[-0.857964039,0.513709664,0,-0.513709664,-0.857964039,0,0,0,1],"scale":0.969211638,"type":"palm_bend"}
{"ctxid":0,"pos":[-745.984985,784.208984,152.735001],"rotationMatrix":[0.850758195,0.525557399,0,-0.525557399,0.850758195,0,0,0,1],"scale":0.83451575,"type":"palm_bend"}
{"ctxid":0,"pos":[-696.513977,687.440979,127.303001],"rotationMatrix":[0.8443259,-0.535829961,0,0.535829961,0.8443259,0,0,0,1],"scale":0.969811738,"type":"palm_bend"}
{"ctxid":0,"pos":[-681.802002,608.148987,126.986],"rotationMatrix":[0.826224685,-0.563340724,0,0.563340724,0.826224685,0,0,0,1],"scale":0.805045545,"type":"palm_bend"}
{"ctxid":0,"pos":[-680.705994,611.47998,127.220001],"rotationMatrix":[-0.34699285,-0.93786782,0,0.93786782,-0.34699285,0,0,0,1],"scale":0.876620412,"type":"palm_bend"}
{"ctxid":0,"pos":[-725.817993,552.114014,129.026001],"rotationMatrix":[-0.9993155,-0.0369930975,0,0.0369930975,-0.9993155,0,0,0,1],"scale":0.899890661,"type":"palm_bend"}
{"ctxid":0,"pos":[-800.237,940.109985,141.966003],"rotationMatrix":[-0.760847807,0.648930192,0,-0.648930192,-0.760847807,0,0,0,1],"scale":0.845053315,"type":"palm_bend"}
{"ctxid":0,"pos":[-760.038025,709.619995,128.332001],"rotationMatrix":[0.989744782,0.142847091,0,-0.142847091,0.989744782,0,0,0,1],"scale":0.955319703,"type":"palm_bend"}
{"ctxid":0,"pos":[-847.400024,263.132996,129.955994],"rotationMatrix":[-0.543400049,-0.839473963,0,0.839473963,-0.543400049,0,0,0,1],"scale":0.870310247,"type":"palm_bend"}
{"ctxid":0,"pos":[-808.973999,114.955002,127.623001],"rotationMatrix":[0.997990191,0.0633684173,0,-0.0633684173,0.997990191,0,0,0,1],"scale":0.899296641,"type":"palm_bend"}
{"ctxid":0,"pos":[-839.612976,157.552994,129.817001],"rotationMatrix":[-0.185668707,-0.982612491,0,0.982612491,-0.185668707,0,0,0,1],"scale":0.822569311,"type":"palm_bend"}
{"ctxid":0,"pos":[850.89502,-775.536011,145.496002],"rotationMatrix":[0.884047329,-0.467397392,0,0.467397392,0.884047329,0,0,0,1],"scale":0.904500365,"type":"palm_bend"}
{"ctxid":0,"pos":[377.966003,-816.927002,147.766998],"rotationMatrix":[-0.861661553,0.507483482,0,-0.507483482,-0.861661553,0,0,0,1],"scale":1.01277053,"type":"palm_bend"}
{"ctxid":0,"pos":[188.936005,-687.216003,149.264008],"rotationMatrix":[0.997655809,-0.0665566251,-0.0159108229,0.0610525683,0.970705688,-0.232385591,0.0309115238,0.230869427,0.972493589],"scale":0.808640599,"type":"palm_bend"}
{"ctxid":0,"pos":[132.904999,-644.046997,153.444],"rotationMatrix":[-0.999322891,-0.0367932096,0,0.0367932096,-0.999322891,0,0,0,1],"scale":0.82151562,"type":"palm_bend"}
{"ctxid":0,"pos":[131.714005,-662.409973,166.315994],"rotationMatrix":[0.462732196,0.886498094,0,-0.886498094,0.462732196,0,0,0,1],"scale":0.844172657,"type":"palm_bend"}
{"ctxid":0,"pos":[956.203979,838.258972,131.593002],"rotationMatrix":[-0.977100015,-0.212780297,0,0.212780297,-0.977100015,0,0,0,1],"scale":0.887236238,"type":"palm_bend"}
{"ctxid":0,"pos":[957.71698,832.46698,134.666],"rotationMatrix":[0.0984568596,0.995141327,0,-0.995141327,0.0984568596,0,0,0,1],"scale":0.958473504,"type":"palm_bend"}
{"ctxid":0,"pos":[895.427002,831.286987,140.539001],"rotationMatrix":[-0.828180075,0.560462296,0,-0.560462296,-0.828180075,0,0,0,1],"scale":0.900137126,"type":"palm_bend"}
{"ctxid":0,"pos":[782.507019,342.352997,131.908005],"rotationMatrix":[0.442993283,0.896524906,0,-0.896524906,0.442993283,0,0,0,1],"scale":0.869231224,"type":"palm_bend"}
{"ctxid":0,"pos":[780.995972,344.182007,132.182999],"rotationMatrix":[-0.830395222,0.557174623,0,-0.557174623,-0.830395222,0,0,0,1],"scale":0.947639763,"type":"palm_bend"}
{"ctxid":0,"pos":[58.4870987,759.492004,131.130997],"rotationMatrix":[-0.995449066,0.0952949822,0,-0.0952949822,-0.995449066,0,0,0,1],"scale":0.844253242,"type":"palm_bend"}
{"ctxid":0,"pos":[30.0718002,765.497986,130.371994],"rotationMatrix":[-0.933312774,-0.359064549,0,0.359064549,-0.933312774,0,0,0,1],"scale":0.910470545,"type":"palm_bend"}
{"ctxid":0,"pos":[11.8984003,738.578979,132.237],"rotationMatrix":[-0.989227176,0.141664743,0.0368903615,-0.128124982,-0.959756732,0.249902397,0.0708081275,0.242483646,0.96756804],"scale":0.915015936,"type":"palm_bend"}
{"ctxid":0,"pos":[323.240997,25.9004002,227.891006],"rotationMatrix":[0.317396164,-0.94829303,0,0.94829303,0.317396164,0,0,0,1],"scale":1.00421238,"type":"palm_bend"}
{"ctxid":0,"pos":[289.553986,65.1408005,227.714996],"rotationMatrix":[0.916782141,-0.399387598,0,0.399387598,0.916782141,0,0,0,1],"scale":0.986259818,"type":"palm_bend"}
{"ctxid":0,"pos":[213.735992,410.977997,220.733994],"rotationMatrix":[-0.946730614,-0.32202661,0,0.32202661,-0.946730614,0,0,0,1],"scale":0.825237632,"type":"palm_bend"}
{"ctxid":0,"pos":[183.418228,74.1951981,227.592331],"rotationMatrix":[0.998431861,0.0559801646,0,-0.0559801646,0.998431861,0,0,0,1],"scale":0.91682303,"type":"palm_bend"}
{"ctxid":0,"pos":[62.0737,109.383003,210.464996],"rotationMatrix":[0.962468505,-0.271393448,0,0.271393448,0.962468505,0,0,0,1],"scale":0.859726787,"type":"palm_bend"}
{"ctxid":0,"pos":[113.237106,519.130432,157.997681],"rotationMatrix":[-0.115628108,-0.99329257,0,0.99329257,-0.115628108,0,0,0,1],"scale":0.879468203,"type":"palm_bend"}
{"ctxid":0,"pos":[175.084946,-508.932861,126.206573],"rotationMatrix":[-0.892385006,0.451274842,0,-0.451274842,-0.892385006,0,0,0,1],"scale":0.882960975,"type":"palm_bend"}
{"ctxid":0,"pos":[169.34404,-508.217896,126.54567],"rotationMatrix":[-0.972431958,-0.233186692,0,0.233186692,-0.972431958,0,0,0,1],"scale":0.909234524,"type":"palm_bend"}
{"ctxid":0,"pos":[214.452652,-520.385803,126.050873],"rotationMatrix":[-0.970426679,0.24139601,0,-0.24139601,-0.970426679,0,0,0,1],"scale":1.09667015,"type":"palm_bend"}
{"ctxid":0,"pos":[128.755386,-504.698425,130.146683],"rotationMatrix":[-0.656859815,0.754012704,0,-0.754012704,-0.656859815,0,0,0,1],"scale":1.08106661,"type":"palm_bend"}
{"ctxid":0,"pos":[197.141571,-524.021973,126.254044],"rotationMatrix":[-0.965656936,-0.259820521,0,0.259820521,-0.965656936,0,0,0,1],"scale":0.888232708,"type":"palm_bend"}
{"ctxid":0,"pos":[117.189819,-415.851837,129.692505],"rotationMatrix":[0.0562819839,0.998414874,0,-0.998414874,0.0562819839,0,0,0,1],"scale":0.996999741,"type":"palm_bend"}
{"ctxid":0,"pos":[119.240669,-415.127563,129.356415],"rotationMatrix":[0.616934419,0.787014484,0,-0.787014484,0.616934419,0,0,0,1],"scale":1.0284884,"type":"palm_bend"}
{"ctxid":0,"pos":[143.073792,-368.853485,130.098114],"rotationMatrix":[0.43205899,0.901845336,0,-0.901845336,0.43205899,0,0,0,1],"scale":0.981572986,"type":"palm_bend"}
{"ctxid":0,"pos":[157.408936,-664.934021,156.817413],"rotationMatrix":[0.774345398,0.632731438,0.00633497536,-0.630139887,0.772007287,-0.0832374394,-0.0575575903,0.0604626089,0.996509552],"scale":0.997029662,"type":"palm_bend"}
{"ctxid":0,"pos":[141.6698,-679.465759,157.30101],"rotationMatrix":[0.996883273,-0.0788903311,0,0.0788903311,0.996883273,0,0,0,1],"scale":1.03530514,"type":"palm_bend"}
{"ctxid":0,"pos":[226.587997,-669.811829,156.996048],"rotationMatrix":[0.968968928,0.244673938,-0.0351260304,-0.247182474,0.959135294,-0.137695983,0,0.142105669,0.989851475],"scale":0.840236902,"type":"palm_bend"}
{"ctxid":0,"pos":[-342.772308,-533.491882,139.118561],"rotationMatrix":[0.99448967,0.104834519,0,-0.104834519,0.99448967,0,0,0,1],"scale":0.876295924,"type":"palm_bend"}
{"ctxid":0,"pos":[-343.506683,-534.615479,139.271423],"rotationMatrix":[0.984570503,0.174988493,0,-0.174988493,0.984570503,0,0,0,1],"scale":0.88195771,"type":"palm_bend"}
{"ctxid":0,"pos":[-345.295532,-535.540039,139.321838],"rotationMatrix":[0.668946087,0.743310928,0,-0.743310928,0.668946087,0,0,0,1],"scale":0.847259939,"type":"palm_bend"}
{"ctxid":0,"pos":[752.271912,922.705872,125.287567],"rotationMatrix":[-0.874024749,-0.485881418,0,0.485881418,-0.874024749,0,0,0,1],"scale":0.905634701,"type":"palm_bend"}
{"ctxid":0,"pos":[765.727295,852.34613,125.176422],"rotationMatrix":[0.214472562,-0.976729989,0,0.976729989,0.214472562,0,0,0,1],"scale":1.09574842,"type":"palm_bend"}
{"ctxid":0,"pos":[856.114685,879.194519,125.986053],"rotationMatrix":[0.318825513,0.947813451,0,-0.947813451,0.318825513,0,0,0,1],"scale":0.841635764,"type":"palm_bend"}
{"ctxid":0,"pos":[-691.759644,-485.852783,161.372177],"rotationMatrix":[0.578689635,0.815547824,0,-0.815547824,0.578689635,0,0,0,1],"scale":0.947539091,"type":"palm_bend"}
{"ctxid":0,"pos":[780.573486,-769.547607,127.350006],"rotationMatrix":[0.994216859,-0.107390545,0,0.107390545,0.994216859,0,0,0,1],"scale":1.09229827,"type":"palm_bend"}
{"ctxid":0,"pos":[866.088989,-798.681946,127.486694],"rotationMatrix":[0.930361331,-0.366644055,0,0.364605755,0.925189137,-0.105298467,0.0386070572,0.0979656205,0.994440675],"scale":0.968003392,"type":"palm_bend"}
{"ctxid":0,"pos":[614.608215,-877.574951,130.423859],"rotationMatrix":[0.950330377,0.311242998,0,-0.304017186,0.928267539,-0.214226305,-0.0666764379,0.203585759,0.97678405],"scale":0.974366784,"type":"palm_bend"}
{"ctxid":0,"pos":[612.870483,-869.732666,130.310059],"rotationMatrix":[-0.558365226,0.829595268,0,-0.829595268,-0.558365226,0,0,0,1],"scale":0.878733575,"type":"palm_bend"}
{"ctxid":0,"pos":[-900.0448,-617.865479,126.8927],"rotationMatrix":[0.0938297585,-0.995588243,0,0.995588243,0.0938297585,0,0,0,1],"scale":1.05214155,"type":"palm_bend"}
{"ctxid":0,"pos":[-895.197449,-608.728088,127.25296],"rotationMatrix":[-0.18861258,-0.982051492,0,0.968709946,-0.186050206,-0.164274767,0.161326274,-0.0309842881,0.986414611],"scale":1.06055355,"type":"palm_bend"}
{"ctxid":0,"pos":[-896.362854,-619.526306,127.006897],"rotationMatrix":[0.648250639,-0.761426985,0,0.754358768,0.642233014,-0.135939106,0.103507705,0.0881226137,0.990717173],"scale":1.09690344,"type":"palm_bend"}
{"ctxid":0,"pos":[-904.616638,-556.771423,126.806664],"rotationMatrix":[-0.207146257,-0.978310049,0,0.942392349,-0.199541092,-0.26847735,0.262654096,-0.0556140766,0.963285983],"scale":0.863502026,"type":"palm_bend"}
{"ctxid":0,"pos":[-911.015137,-533.485107,126.604935],"rotationMatrix":[0.107016355,-0.994257212,0,0.994257212,0.107016355,0,0,0,1],"scale":0.978400469,"type":"palm_bend"}
{"ctxid":0,"pos":[-888.946594,-642.21405,128.891953],"rotationMatrix":[-0.0327418149,-0.999463797,0,0.976139724,-0.0319777317,-0.214775667,0.21466051,-0.00703214528,0.976663411],"scale":0.99135685,"type":"palm_bend"}
{"ctxid":0,"pos":[-898.264038,-680.159973,127.284103],"rotationMatrix":[-0.829926133,-0.557873189,0,0.557873189,-0.829926133,0,0,0,1],"scale":1.06182504,"type":"palm_bend"}
{"ctxid":0,"pos":[-927.151245,-722.542297,127.863434],"rotationMatrix":[-0.785070837,-0.619406044,0,0.585391879,-0.741959393,-0.326822102,0.202435583,-0.256578505,0.945085883],"scale":0.88874501,"type":"palm_bend"}
{"ctxid":0,"pos":[-931.241272,-725.932556,127.356552],"rotationMatrix":[-0.622686863,-0.78247112,0,0.78247112,-0.622686863,0,0,0,1],"scale":0.840349078,"type":"palm_bend"}
{"ctxid":0,"pos":[507.030487,-837.452026,124.757088],"rotationMatrix":[-0.29862085,0.95437181,0,-0.95437181,-0.29862085,0,0,0,1],"scale":1.05808675,"type":"palm_bend"}
{"ctxid":0,"pos":[513.276733,-874.721802,139.936142],"rotationMatrix":[-0.459884137,0.887978911,0,-0.887978911,-0.459884137,0,0,0,1],"scale":0.906792045,"type":"palm_bend"}
{"ctxid":0,"pos":[495.019073,-842.995911,138.620331],"rotationMatrix":[-0.571709394,0.820456147,0,-0.820456147,-0.571709394,0,0,0,1],"scale":1.00794148,"type":"palm_bend"}
{"ctxid":0,"pos":[487.221222,-831.334229,129.063065],"rotationMatrix":[-0.975393534,-0.22047101,0,0.22047101,-0.975393534,0,0,0,1],"scale":1.00800896,"type":"palm_bend"}
{"ctxid":0,"pos":[439.555176,-815.906982,124.581573],"rotationMatrix":[-0.657179892,0.753733754,0,-0.753733754,-0.657179892,0,0,0,1],"scale":0.902513146,"type":"palm_bend"}
{"ctxid":0,"pos":[434.3927,-810.620483,124.616928],"rotationMatrix":[-0.627051711,0.778977692,0,-0.778977692,-0.627051711,0,0,0,1],"scale":0.998563886,"type":"palm_bend"}
{"ctxid":0,"pos":[408.525024,-772.773987,125.200516],"rotationMatrix":[-0.730874479,0.682511926,0,-0.682511926,-0.730874479,0,0,0,1],"scale":1.02984893,"type":"palm_bend"}
{"ctxid":0,"pos":[261.913971,-527.719299,132.538773],"rotationMatrix":[-0.858419955,0.51294744,0,-0.51294744,-0.858419955,0,0,0,1],"scale":0.975757241,"type":"palm_bend"}
{"ctxid":0,"pos":[838.828003,-261.711792,125.244019],"rotationMatrix":[0.100282289,0.994090557,0.0415631682,-0.918339312,0.108554296,-0.380616486,-0.382879078,0,0.923798442],"scale":1.03076375,"type":"palm_bend"}
{"ctxid":0,"pos":[809.505249,-254.268753,129.396576],"rotationMatrix":[-0.197369605,0.980329096,0,-0.980329096,-0.197369605,0,0,0,1],"scale":0.914926052,"type":"palm_bend"}
{"ctxid":0,"pos":[817.192261,-243.464096,126.351364],"rotationMatrix":[-0.518685043,0.854965329,0,-0.854965329,-0.518685043,0,0,0,1],"scale":1.02823126,"type":"palm_bend"}
{"ctxid":0,"pos":[822.714111,-257.595917,129.286804],"rotationMatrix":[-0.543644011,0.839315832,0,-0.839315832,-0.543644011,0,0,0,1],"scale":1.04919827,"type":"palm_bend"}
{"ctxid":0,"pos":[827.722839,-250.74176,125.456917],"rotationMatrix":[-0.710427284,0.703770459,0,-0.703770459,-0.710427284,0,0,0,1],"scale":0.86418885,"type":"palm_bend"}
{"ctxid":0,"pos":[840.658752,-257.265839,124.489166],"rotationMatrix":[-0.0295246281,0.999563992,0,-0.999563992,-0.0295246281,0,0,0,1],"scale":0.826274872,"type":"palm_bend"}
{"ctxid":0,"pos":[813.495239,-253.586227,128.616547],"rotationMatrix":[0.268093914,0.963392854,0,-0.963392854,0.268093914,0,0,0,1],"scale":1.02688336,"type":"palm_bend"}
{"ctxid":0,"pos":[816.518677,-259.006897,130.265732],"rotationMatrix":[-0.266828686,0.963743925,0,-0.963743925,-0.266828686,0,0,0,1],"scale":1.0485481,"type":"palm_bend"}
{"ctxid":0,"pos":[808.428894,-249.500793,130.215103],"rotationMatrix":[-0.752559662,-0.658524215,0,0.658524215,-0.752559662,0,0,0,1],"scale":0.927608609,"type":"palm_bend"}
{"ctxid":0,"pos":[814.27179,-257.350189,129.669724],"rotationMatrix":[-0.964485884,-0.264134318,0,0.264134318,-0.964485884,0,0,0,1],"scale":1.02780652,"type":"palm_bend"}
{"ctxid":0,"pos":[880.149292,-298.843964,126.102913],"rotationMatrix":[0.300184458,-0.953881145,0,0.953881145,0.300184458,0,0,0,1],"scale":0.916224718,"type":"palm_bend"}
{"ctxid":0,"pos":[888.035339,-306.862793,125.090988],"rotationMatrix":[-0.708633959,-0.70557642,0,0.70557642,-0.708633959,0,0,0,1],"scale":1.07570195,"type":"palm_bend"}
{"ctxid":0,"pos":[784.051025,-209.337463,126.34346],"rotationMatrix":[0.9898175,0.139566585,-0.0279706903,-0.142341807,0.970519125,-0.194502786,0,0.196503684,0.980503082],"scale":1.06406808,"type":"palm_bend"}
{"ctxid":0,"pos":[787.915955,-203.510742,125.165283],"rotationMatrix":[0.978743494,-0.188506722,0.0807857066,0.204742327,0.920958757,-0.331535131,-0.0119036967,0.341028124,0.939977705],"scale":1.05552411,"type":"palm_bend"}
{"ctxid":0,"pos":[791.877686,-203.792007,124.954117],"rotationMatrix":[0.571842074,0.82036376,0,-0.82036376,0.571842074,0,0,0,1],"scale":0.919329047,"type":"palm_bend"}
{"ctxid":0,"pos":[779.388794,-206.637024,127.108101],"rotationMatrix":[0.675830662,-0.737056911,0,0.737056911,0.675830662,0,0,0,1],"scale":0.94788301,"type":"palm_bend"}
{"ctxid":0,"pos":[772.184448,-194.89621,125.941803],"rotationMatrix":[0.896660149,0.442719579,0,-0.442719579,0.896660149,0,0,0,1],"scale":0.870699942,"type":"palm_bend"}
{"ctxid":0,"pos":[691.122559,-104.552711,126.101074],"rotationMatrix":[-0.999998152,0.00191601797,0,-0.00191601797,-0.999998152,0,0,0,1],"scale":0.970870376,"type":"palm_bend"}
{"ctxid":0,"pos":[720.512573,-143.487625,127.337578],"rotationMatrix":[-0.547149122,0.83703506,0,-0.83703506,-0.547149122,0,0,0,1],"scale":0.834102809,"type":"palm_bend"}
{"ctxid":0,"pos":[731.420471,-144.371414,125.48053],"rotationMatrix":[-0.500417352,0.849802554,-0.165583745,-0.806782603,-0.52710104,-0.266957343,-0.314140439,0,0.949376523],"scale":0.896212101,"type":"palm_bend"}
{"ctxid":0,"pos":[727.67572,-136.618088,125.14212],"rotationMatrix":[-0.951923847,-0.306334734,0,0.306334734,-0.951923847,0,0,0,1],"scale":1.08221853,"type":"palm_bend"}
{"ctxid":0,"pos":[719.653198,-131.588699,125.689362],"rotationMatrix":[-0.448175579,-0.893945575,0,0.893945575,-0.448175579,0,0,0,1],"scale":0.908842683,"type":"palm_bend"}
{"ctxid":0,"pos":[709.053711,-130.722031,126.995598],"rotationMatrix":[-0.675431907,0.737422228,0,-0.737422228,-0.675431907,0,0,0,1],"scale":0.807157695,"type":"palm_bend"}
{"ctxid":0,"pos":[711.318787,-131.906769,126.560493],"rotationMatrix":[-0.525513709,-0.850785077,0,0.703786016,-0.434715182,-0.56187892,0.478038192,-0.295275062,0.827219486],"scale":1.00905704,"type":"palm_bend"}
{"ctxid":0,"pos":[709.136292,-128.987869,126.408119],"rotationMatrix":[0.442892194,-0.896574855,0,0.896574855,0.442892194,0,0,0,1],"scale":1.02733421,"type":"palm_bend"}
{"ctxid":0,"pos":[669.225891,-62.1443558,125.974991],"rotationMatrix":[-0.493117929,0.869962394,0,-0.869962394,-0.493117929,0,0,0,1],"scale":1.05214584,"type":"palm_bend"}
{"ctxid":0,"pos":[678.29248,-79.6349335,125.653709],"rotationMatrix":[-0.621736109,-0.783226728,0,0.783226728,-0.621736109,0,0,0,1],"scale":0.803993165,"type":"palm_bend"}
{"ctxid":0,"pos":[675.955261,-85.327507,126.793015],"rotationMatrix":[-0.705334485,0.708874643,0,-0.708874643,-0.705334485,0,0,0,1],"scale":0.928606808,"type":"palm_bend"}
{"ctxid":0,"pos":[686.631653,-89.375145,125.141548],"rotationMatrix":[0.223273292,0.973176122,0.05547221,-0.944463015,0.230061144,-0.234651655,-0.241119415,0,0.970495462],"scale":0.880834103,"type":"palm_bend"}
{"ctxid":0,"pos":[865.531311,-303.90863,132.064148],"rotationMatrix":[-0.979550362,0.201199174,0,-0.201199174,-0.979550362,0,0,0,1],"scale":1.01831019,"type":"palm_bend"}
{"ctxid":0,"pos":[856.897278,-306.631805,132.239639],"rotationMatrix":[-0.998347044,-0.0574724041,0,0.0574724041,-0.998347044,0,0,0,1],"scale":0.982043982,"type":"palm_bend"}
{"ctxid":0,"pos":[851.079712,-292.052673,131.598206],"rotationMatrix":[0.843024969,-0.537874341,0,0.537874341,0.843024969,0,0,0,1],"scale":0.916995525,"type":"palm_bend"}
{"ctxid":0,"pos":[855.99646,-291.356201,129.892548],"rotationMatrix":[0.461987853,0.886886358,0,-0.886886358,0.461987853,0,0,0,1],"scale":1.07680082,"type":"palm_bend"}
{"ctxid":0,"pos":[859.221313,-305.814789,131.984558],"rotationMatrix":[0.991802275,0.127781838,0,-0.127781838,0.991802275,0,0,0,1],"scale":0.945715666,"type":"palm_bend"}
{"ctxid":0,"pos":[796.222656,-271.044983,131.423172],"rotationMatrix":[-0.283679187,-0.958919227,0,0.958919227,-0.283679187,0,0,0,1],"scale":1.07291567,"type":"palm_bend"}
{"ctxid":0,"pos":[679.175781,-113.358994,131.81192],"rotationMatrix":[0.593994439,-0.804469168,0,0.804469168,0.593994439,0,0,0,1],"scale":1.09023702,"type":"palm_bend"}
{"ctxid":0,"pos":[688.221313,-96.9746933,125.702347],"rotationMatrix":[-0.12315467,-0.989613771,0.0741448253,0.847820401,-0.143751621,-0.510427237,0.515784264,0,0.856718481],"scale":0.877071261,"type":"palm_bend"}
{"ctxid":0,"pos":[673.046143,-94.2933044,131.055542],"rotationMatrix":[-0.964668512,0.263466626,0,-0.263466626,-0.964668512,0,0,0,1],"scale":0.982622862,"type":"palm_bend"}
{"ctxid":0,"pos":[676.01355,-116.878296,131.30069],"rotationMatrix":[0.155353278,0.987859011,0,-0.987859011,0.155353278,0,0,0,1],"scale":0.888469458,"type":"palm_bend"}
{"ctxid":0,"pos":[768.82666,284.557648,130.924164],"rotationMatrix":[-0.572724819,0.809372246,0.130009174,-0.808918655,-0.583699584,0.0703212842,0.132802427,-0.0648920909,0.989015937],"scale":1.02423096,"type":"palm_bend"}
{"ctxid":0,"pos":[784.081787,285.50235,126.28479],"rotationMatrix":[0.17183125,0.985126317,0,-0.985126317,0.17183125,0,0,0,1],"scale":1.08602631,"type":"palm_bend"}
{"ctxid":0,"pos":[782.655212,284.724701,126.28479],"rotationMatrix":[-0.124994278,-0.9921574,0,0.9921574,-0.124994278,0,0,0,1],"scale":0.943914652,"type":"palm_bend"}
{"ctxid":0,"pos":[777.999084,293.121552,127.042862],"rotationMatrix":[-0.446879864,0.886083126,0.12310487,-0.874164224,-0.461760998,0.150377363,0.190091908,-0.040413253,0.980934143],"scale":0.932784915,"type":"palm_bend"}
{"ctxid":0,"pos":[778.991882,292.530029,126.728851],"rotationMatrix":[-0.105052471,-0.994250953,-0.0207013935,0.983422697,-0.100769639,-0.150747538,0.147794828,-0.0361946598,0.988355517],"scale":0.876234174,"type":"palm_bend"}
{"ctxid":0,"pos":[787.886414,311.412628,126.287842],"rotationMatrix":[0.779201269,-0.626773775,0,0.626773775,0.779201269,0,0,0,1],"scale":0.837622046,"type":"palm_bend"}
{"ctxid":0,"pos":[792.154297,303.023254,126.209099],"rotationMatrix":[-0.263087273,0.964754701,0.00575381238,-0.964381099,-0.263145685,0.0268890467,0.0274554305,0.00152530149,0.999621868],"scale":0.918552518,"type":"palm_bend"}
{"ctxid":0,"pos":[775.109131,294.22937,128.264236],"rotationMatrix":[0.612337768,0.787787259,-0.0665856004,-0.774332345,0.614605427,0.150563926,0.159536228,-0.0406365804,0.986355364],"scale":0.950749815,"type":"palm_bend"}
{"ctxid":0,"pos":[793.802124,324.20636,126.09906],"rotationMatrix":[-0.121328831,-0.99258548,0.00728719402,0.991992414,-0.121509194,-0.034443371,0.0350734554,0.00304986723,0.999380112],"scale":0.981024146,"type":"palm_bend"}
{"ctxid":0,"pos":[768.154602,234.670456,130.236633],"rotationMatrix":[-0.471377134,-0.877258718,0.0906681791,0.846695483,-0.478915453,-0.231833324,0.246800214,-0.0325125903,0.96852082],"scale":0.858079195,"type":"palm_bend"}
{"ctxid":0,"pos":[763.512512,244.850754,130.015915],"rotationMatrix":[-0.611669064,-0.782047689,0.119424671,0.790645182,-0.609495878,0.0582657419,0.0272222497,0.130061895,0.991132081],"scale":0.826636672,"type":"palm_bend"}
{"ctxid":0,"pos":[752.450439,205.448135,129.605927],"rotationMatrix":[-0.214613914,-0.97377336,-0.0755395368,0.949630022,-0.189958572,-0.249235749,0.228349775,-0.125224054,0.965492249],"scale":0.899022162,"type":"palm_bend"}
{"ctxid":0,"pos":[768.508057,231.119217,129.667007],"rotationMatrix":[-0.664113879,-0.735512018,0.134069264,0.693637133,-0.673074841,-0.256588221,0.278962404,-0.0774084255,0.957177043],"scale":1.01359093,"type":"palm_bend"}
{"ctxid":0,"pos":[729.28656,196.157425,131.036743],"rotationMatrix":[0.884667397,0.46023789,-0.0744627863,-0.459722787,0.88771224,0.0249392167,0.0775794983,0.012169335,0.996911883],"scale":0.980416298,"type":"palm_bend"}
{"ctxid":0,"pos":[732.782959,185.415192,127.938911],"rotationMatrix":[0.916900158,-0.359091848,-0.174204171,0.379346579,0.919756234,0.1007208,0.124057353,-0.158434689,0.979544878],"scale":0.94425106,"type":"palm_bend"}
{"ctxid":0,"pos":[-726.006287,697.836426,126.12455],"rotationMatrix":[-0.629203081,0.777240813,0,-0.777240813,-0.629203081,0,0,0,1],"scale":1.01956272,"type":"palm_bend"}
