{"ctxid":0,"pos":[-42.6500015,-28.6986008,161.376999],"rotationMatrix":[0.998978496,0.0451864414,0,-0.0451864414,0.998978496,0,0,0,1],"scale":1.10749996,"type":"palm_tall"}
{"ctxid":0,"pos":[-40.5477982,-24.7614002,160.789993],"rotationMatrix":[-0.939268231,0.343463361,0,-0.343463361,-0.939268231,0,0,0,1],"scale":1.16989994,"type":"palm_tall"}
{"ctxid":0,"pos":[-43.5680008,-18.2567005,164.070007],"rotationMatrix":[0.996092737,0.0883115977,0,-0.0883115977,0.996092737,0,0,0,1],"scale":1.02149999,"type":"palm_tall"}
{"ctxid":0,"pos":[-47.0195999,-29.5678005,164.981003],"rotationMatrix":[-0.692432046,0.721569538,0,-0.721569538,-0.692432046,0,0,0,1],"scale":1.16190004,"type":"palm_tall"}
{"ctxid":0,"pos":[-40.4191017,-21.8397007,160.873001],"rotationMatrix":[-0.457607269,0.88921392,0,-0.88921392,-0.457607269,0,0,0,1],"scale":1.3973,"type":"palm_tall"}
{"ctxid":0,"pos":[-15.4159002,-61.9376984,152.953003],"rotationMatrix":[-0.200630069,0.979657114,0,-0.979657114,-0.200630069,0,0,0,1],"scale":1.2457,"type":"palm_tall"}
{"ctxid":0,"pos":[-9.96380043,-32.6455994,146.511993],"rotationMatrix":[0.889455974,-0.457034409,0,0.457034409,0.889455974,0,0,0,1],"scale":0.916599989,"type":"palm_tall"}
{"ctxid":0,"pos":[-5.08319998,-33.4370995,146.085007],"rotationMatrix":[0.999167681,-0.0407918431,0,0.0407918431,0.999167681,0,0,0,1],"scale":0.952799976,"type":"palm_tall"}
{"ctxid":0,"pos":[-9.55650043,-44.0150986,147.485001],"rotationMatrix":[-0.986821771,0.161664739,0,-0.161664739,-0.986821771,0,0,0,1],"scale":0.925999999,"type":"palm_tall"}
{"ctxid":0,"pos":[-11.2076998,-45.919899,148.007004],"rotationMatrix":[-0.988416791,-0.151958048,0,0.151958048,-0.988416791,0,0,0,1],"scale":1.2694,"type":"palm_tall"}
{"ctxid":0,"pos":[-14.5439997,-38.9869995,146.781006],"rotationMatrix":[-0.927077055,-0.374971181,0,0.374971181,-0.927077055,0,0,0,1],"scale":0.911899984,"type":"palm_tall"}
{"ctxid":0,"pos":[-16.1219997,-43.2975006,147.582993],"rotationMatrix":[0.773400903,0.633885145,0,-0.633885145,0.773400903,0,0,0,1],"scale":0.987500012,"type":"palm_tall"}
{"ctxid":0,"pos":[-15.5528002,-56.0919991,151.251999],"rotationMatrix":[-0.124400139,0.992285371,0,-0.992285371,-0.124400139,0,0,0,1],"scale":1.24160004,"type":"palm_tall"}
{"ctxid":0,"pos":[-16.9766998,-68.7752991,154.904999],"rotationMatrix":[0.680799484,0.732443333,0,-0.732443333,0.680799484,0,0,0,1],"scale":1.17050004,"type":"palm_tall"}
{"ctxid":0,"pos":[-35.1748009,-108.765999,156.582993],"rotationMatrix":[-0.322263122,0.946610928,0,-0.946610928,-0.322263122,0,0,0,1],"scale":1.26489997,"type":"palm_tall"}
{"ctxid":0,"pos":[-32.8499985,-108.260002,155.251007],"rotationMatrix":[0.644506812,-0.764613748,0,0.764613748,0.644506812,0,0,0,1],"scale":0.914600015,"type":"palm_tall"}
{"ctxid":0,"pos":[-52.7509995,-94.0610962,161.878998],"rotationMatrix":[-0.477136612,0.878822446,0,-0.878822446,-0.477136612,0,0,0,1],"scale":1.3973,"type":"palm_tall"}
{"ctxid":0,"pos":[-53.4622993,-91.0299988,162.848007],"rotationMatrix":[0.027266562,-0.999653161,0,0.999653161,0.027266562,0,0,0,1],"scale":1.15840006,"type":"palm_tall"}
{"ctxid":0,"pos":[-59.9257011,-76.4232025,166.421997],"rotationMatrix":[0.365836799,-0.9306916,0,0.9306916,0.365836799,0,0,0,1],"scale":1.10609996,"type":"palm_tall"}
{"ctxid":0,"pos":[-50.0133018,-82.3553009,165.244003],"rotationMatrix":[-0.956242085,0.292546213,0,-0.292546213,-0.956242085,0,0,0,1],"scale":0.923300028,"type":"palm_tall"}
{"ctxid":0,"pos":[-55.4768982,-85.8557968,163.871994],"rotationMatrix":[-0.545985222,-0.837877572,0,0.837877572,-0.545985222,0,0,0,1],"scale":1.10940003,"type":"palm_tall"}
{"ctxid":0,"pos":[-63.5760994,-81.6009979,165.886002],"rotationMatrix":[0.572742343,-0.819757879,0,0.819757879,0.572742343,0,0,0,1],"scale":1.08319998,"type":"palm_tall"}
{"ctxid":0,"pos":[-63.5646019,-96.0957031,159.384003],"rotationMatrix":[-0.925114512,-0.379881918,0,0.379881918,-0.925114512,0,0,0,1],"scale":1.12240005,"type":"palm_tall"}
{"ctxid":0,"pos":[-65.5789032,-76.5218964,168.649002],"rotationMatrix":[-0.225864768,0.97424072,0,-0.97424072,-0.225864768,0,0,0,1],"scale":1.34959996,"type":"palm_tall"}
{"ctxid":0,"pos":[-54.4287987,-175.996002,131.320862],"rotationMatrix":[-0.625404477,0.780338407,0,-0.780338407,-0.625404477,0,0,0,1],"scale":1.19219995,"type":"palm_tall"}
{"ctxid":0,"pos":[-38.8647003,-175.942001,131.797699],"rotationMatrix":[0.911379516,-0.411569595,0,0.411569595,0.911379516,0,0,0,1],"scale":1.19710004,"type":"palm_tall"}
{"ctxid":0,"pos":[-12.2264614,-165.729874,131.720016],"rotationMatrix":[-0.853967786,0.520104587,0,-0.520104587,-0.853967786,0,0,0,1],"scale":1.39629996,"type":"palm_tall"}
{"ctxid":0,"pos":[-9.57190037,-167.080002,131.904449],"rotationMatrix":[0.0686604977,-0.997668803,0,0.997668803,0.0686604977,0,0,0,1],"scale":1.20650005,"type":"palm_tall"}
{"ctxid":0,"pos":[-26.7712002,-142.951004,131.796631],"rotationMatrix":[0.427763939,-0.90387404,0,0.90387404,0.427763939,0,0,0,1],"scale":1.25950003,"type":"palm_tall"}
{"ctxid":0,"pos":[-20.9071007,-211.742996,136.488998],"rotationMatrix":[-0.919232368,0.394191027,0,-0.394191027,-0.919232368,0,0,0,1],"scale":1.27980006,"type":"palm_tall"}
{"ctxid":0,"pos":[-19.1033001,-219.582993,133.620544],"rotationMatrix":[-0.0521202087,-0.99873811,0,0.99873811,-0.0521202087,0,0,0,1],"scale":1.09870005,"type":"palm_tall"}
{"ctxid":0,"pos":[-70.1119995,-153.744995,132.272751],"rotationMatrix":[0.329054654,0.944327712,0,-0.944327712,0.329054654,0,0,0,1],"scale":1.34210002,"type":"palm_tall"}
{"ctxid":0,"pos":[-86.1904984,-175.438004,131.293472],"rotationMatrix":[-0.31446898,-0.949329674,0,0.949329674,-0.31446898,0,0,0,1],"scale":0.907299995,"type":"palm_tall"}
{"ctxid":0,"pos":[-123.051003,-131.664993,139.048996],"rotationMatrix":[-0.446020246,-0.89502579,0,0.89502579,-0.446020246,0,0,0,1],"scale":1.17110002,"type":"palm_tall"}
{"ctxid":0,"pos":[-117.829002,-130.117004,141.880997],"rotationMatrix":[0.889455974,0.457034409,0,-0.457034409,0.889455974,0,0,0,1],"scale":1.08220005,"type":"palm_tall"}
{"ctxid":0,"pos":[-75.0031967,-140.356003,143.738998],"rotationMatrix":[0.873596072,-0.486660093,0,0.486660093,0.873596072,0,0,0,1],"scale":1.25510001,"type":"palm_tall"}
{"ctxid":0,"pos":[-81.6218033,-148.770004,136.479004],"rotationMatrix":[-0.978856206,-0.204908207,0,0.204908207,-0.978856206,0,0,0,1],"scale":1.19630003,"type":"palm_tall"}
{"ctxid":0,"pos":[-78.5337982,-220.612,132.400848],"rotationMatrix":[0.999646246,-0.0265973397,0,0.0265973397,0.999646246,0,0,0,1],"scale":1.25250006,"type":"palm_tall"}
{"ctxid":0,"pos":[-69.9205017,-224.126999,131.541351],"rotationMatrix":[0.502596617,0.864546299,0,-0.864546299,0.502596617,0,0,0,1],"scale":1.31570005,"type":"palm_tall"}
{"ctxid":0,"pos":[-241.212006,-58.1946983,164.123001],"rotationMatrix":[-0.603482246,0.797443271,0,-0.797443271,-0.603482246,0,0,0,1],"scale":1.0661,"type":"palm_tall"}
{"ctxid":0,"pos":[-215.929993,-113.889999,144.701004],"rotationMatrix":[-0.798545837,-0.601980865,0,0.601980865,-0.798545837,0,0,0,1],"scale":0.939800024,"type":"palm_tall"}
{"ctxid":0,"pos":[-212.151001,-92.2493973,148.447006],"rotationMatrix":[-0.857435346,-0.514230311,0,0.514230311,-0.857435346,0,0,0,1],"scale":1.30270004,"type":"palm_tall"}
{"ctxid":0,"pos":[-209.016006,-87.4125977,148.584],"rotationMatrix":[-0.14670372,-0.989206016,0,0.989206016,-0.14670372,0,0,0,1],"scale":1.00849998,"type":"palm_tall"}
{"ctxid":0,"pos":[-213.248001,-84.3102036,150.824997],"rotationMatrix":[-0.0913553238,0.995915294,0,-0.995915294,-0.0913553238,0,0,0,1],"scale":1.25870001,"type":"palm_tall"}
{"ctxid":0,"pos":[-214.479996,-92.9701004,148.662994],"rotationMatrix":[-0.793239236,-0.608856738,0,0.608856738,-0.793239236,0,0,0,1],"scale":1.10590005,"type":"palm_tall"}
{"ctxid":0,"pos":[-231.477997,-62.9934006,163.421005],"rotationMatrix":[-0.845120549,0.534614265,0,-0.534614265,-0.845120549,0,0,0,1],"scale":0.81190002,"type":"palm_tall"}
{"ctxid":0,"pos":[-247.983994,-78.1255035,161.942001],"rotationMatrix":[0.480004013,-0.877231896,0,0.877231896,0.480004013,0,0,0,1],"scale":0.985400021,"type":"palm_tall"}
{"ctxid":0,"pos":[-215.169006,-68.495903,164.501999],"rotationMatrix":[-0.232764006,0.972581923,0,-0.972581923,-0.232764006,0,0,0,1],"scale":1.11269999,"type":"palm_tall"}
{"ctxid":0,"pos":[-53.860199,-357.511993,132.464294],"rotationMatrix":[0.228718042,0.973479569,0,-0.973479569,0.228718042,0,0,0,1],"scale":1.13680005,"type":"palm_tall"}
{"ctxid":0,"pos":[-50.5979996,-358.28299,132.580399],"rotationMatrix":[-0.743217945,-0.66883105,0,0.66883105,-0.743217945,0,0,0,1],"scale":0.900300026,"type":"palm_tall"}
{"ctxid":0,"pos":[-8.68739986,-367.416992,132.33963],"rotationMatrix":[0.499199688,0.866492689,0,-0.866492689,0.499199688,0,0,0,1],"scale":1.07519996,"type":"palm_tall"}
{"ctxid":0,"pos":[-2.25909996,-363.605988,132.520172],"rotationMatrix":[-0.482642055,0.875809193,0,-0.875809193,-0.482642055,0,0,0,1],"scale":1.20770001,"type":"palm_tall"}
{"ctxid":0,"pos":[-8.19369984,-362.489014,132.954376],"rotationMatrix":[-0.244410872,-0.969592988,0,0.969592988,-0.244410872,0,0,0,1],"scale":1.05159998,"type":"palm_tall"}
{"ctxid":0,"pos":[-10.0268002,-368.442993,132.309219],"rotationMatrix":[0.142735898,0.989775479,0,-0.989775479,0.142735898,0,0,0,1],"scale":1.00080001,"type":"palm_tall"}
{"ctxid":0,"pos":[-116.468002,-282.225006,131.902496],"rotationMatrix":[-0.026458025,-0.999664605,0,0.999664605,-0.026458025,0,0,0,1],"scale":1.09609997,"type":"palm_tall"}
{"ctxid":0,"pos":[-93.8647003,-351.632996,132.632553],"rotationMatrix":[-0.90203011,0.431233436,0,-0.431233436,-0.90203011,0,0,0,1],"scale":1.30159998,"type":"palm_tall"}
{"ctxid":0,"pos":[-60.7372017,-379.647003,132.431488],"rotationMatrix":[0.165367901,0.986312866,0,-0.986312866,0.165367901,0,0,0,1],"scale":1.1516,"type":"palm_tall"}
{"ctxid":0,"pos":[-55.4426003,-381.601013,132.34549],"rotationMatrix":[-0.798925161,-0.60166496,0,0.60166496,-0.798925161,0,0,0,1],"scale":1.14760005,"type":"palm_tall"}
{"ctxid":0,"pos":[-62.6309013,-385.200012,132.522705],"rotationMatrix":[0.959044814,-0.28325212,0,0.28325212,0.959044814,0,0,0,1],"scale":1.2579,"type":"palm_tall"}
{"ctxid":0,"pos":[-125.123001,-311.432007,132.793915],"rotationMatrix":[-0.99520278,-0.096284315,0,0.096284315,-0.99520278,0,0,0,1],"scale":1.32050002,"type":"palm_tall"}
{"ctxid":0,"pos":[-129.994003,-272.212006,132.418243],"rotationMatrix":[0.887092471,0.461609274,0,-0.461609274,0.887092471,0,0,0,1],"scale":1.13890004,"type":"palm_tall"}
{"ctxid":0,"pos":[-280.53299,-49.5414009,174.873001],"rotationMatrix":[-0.928647995,-0.371392399,0,0.371392399,-0.928647995,0,0,0,1],"scale":0.961499989,"type":"palm_tall"}
{"ctxid":0,"pos":[-277.958008,-52.5858994,174.317001],"rotationMatrix":[-0.867084861,0.497786254,0,-0.497786254,-0.867084861,0,0,0,1],"scale":1.2069,"type":"palm_tall"}
{"ctxid":0,"pos":[-291.217987,-34.7813988,177.927994],"rotationMatrix":[0.932508647,-0.361154169,0,0.361154169,0.932508647,0,0,0,1],"scale":1.26189995,"type":"palm_tall"}
{"ctxid":0,"pos":[-260.341003,-35.3350983,179.332993],"rotationMatrix":[0.962626219,-0.270830035,0,0.270830035,0.962626219,0,0,0,1],"scale":0.985700011,"type":"palm_tall"}
{"ctxid":0,"pos":[-256.631989,-71.3977966,162.059006],"rotationMatrix":[-0.551969767,-0.83385998,0,0.83385998,-0.551969767,0,0,0,1],"scale":1.13450003,"type":"palm_tall"}
{"ctxid":0,"pos":[-259.01001,-181.925995,141.880493],"rotationMatrix":[-0.424334526,0.905504704,0,-0.905504704,-0.424334526,0,0,0,1],"scale":1.09759998,"type":"palm_tall"}
{"ctxid":0,"pos":[-493.753296,-162.571121,138.852875],"rotationMatrix":[0.999573708,-0.0291970801,0,0.0291970801,0.999573708,0,0,0,1],"scale":1.13940001,"type":"palm_tall"}
{"ctxid":0,"pos":[-496.436218,-166.202606,140.243179],"rotationMatrix":[0.366962433,0.930202842,0,-0.930202842,0.366962433,0,0,0,1],"scale":0.970899999,"type":"palm_tall"}
{"ctxid":0,"pos":[-293.44101,-274.612,132.376465],"rotationMatrix":[0.396978438,0.917765677,0,-0.917765677,0.396978438,0,0,0,1],"scale":1.12469995,"type":"palm_tall"}
{"ctxid":0,"pos":[-274.247009,-287.363007,132.572968],"rotationMatrix":[-0.234963179,-0.972034574,0,0.972034574,-0.234963179,0,0,0,1],"scale":1.18710005,"type":"palm_tall"}
{"ctxid":0,"pos":[-272.389008,-259.088013,132.547745],"rotationMatrix":[-0.904371142,-0.426814914,0,0.426814914,-0.904371142,0,0,0,1],"scale":1.17420006,"type":"palm_tall"}
{"ctxid":0,"pos":[-282.765015,-326.398987,132.491028],"rotationMatrix":[-1,0.0164000001,0,-0.0164000001,-1,0,0,0,1],"scale":1.3003,"type":"palm_tall"}
{"ctxid":0,"pos":[-309.095001,-364.368988,133.325394],"rotationMatrix":[-0.998800278,0.0511846393,0,-0.0511846393,-0.998800278,0,0,0,1],"scale":1.15219998,"type":"palm_tall"}
{"ctxid":0,"pos":[-429.481995,-259.919006,135.628006],"rotationMatrix":[0.240841568,-0.970603943,0,0.970603943,0.240841568,0,0,0,1],"scale":1.14390004,"type":"palm_tall"}
{"ctxid":0,"pos":[-405.410004,-261.648987,134.972],"rotationMatrix":[-0.147309422,-0.989164352,0,0.989164352,-0.147309422,0,0,0,1],"scale":1.25810003,"type":"palm_tall"}
{"ctxid":0,"pos":[-399.81601,-283.407013,148.904999],"rotationMatrix":[0.782068014,0.623162746,0,-0.623162746,0.782068014,0,0,0,1],"scale":1.38880002,"type":"palm_tall"}
{"ctxid":0,"pos":[-249.990005,-613.476013,151.662003],"rotationMatrix":[-0.830932379,-0.556474864,0,0.556474864,-0.830932379,0,0,0,1],"scale":1.11559999,"type":"palm_tall"}
{"ctxid":0,"pos":[-227.466003,-656.349976,148.957001],"rotationMatrix":[-0.149431109,0.988865554,0,-0.988865554,-0.149431109,0,0,0,1],"scale":1.11860001,"type":"palm_tall"}
{"ctxid":0,"pos":[-227.824997,-651.174011,149.748993],"rotationMatrix":[0.861767173,-0.507291853,0,0.507291853,0.861767173,0,0,0,1],"scale":1.28400004,"type":"palm_tall"}
{"ctxid":0,"pos":[-228.845001,-645.174011,149.281006],"rotationMatrix":[0.878376901,-0.47796011,0,0.47796011,0.878376901,0,0,0,1],"scale":1.2701,"type":"palm_tall"}
{"ctxid":0,"pos":[-274.709991,-583.638,153.076996],"rotationMatrix":[-0.986821771,-0.161266059,0,0.161266059,-0.986821771,0,0,0,1],"scale":1.04910004,"type":"palm_tall"}
{"ctxid":0,"pos":[-321.131012,-578.906982,141.112],"rotationMatrix":[-0.912576914,0.408566654,0,-0.408566654,-0.912576914,0,0,0,1],"scale":0.968699992,"type":"palm_tall"}
{"ctxid":0,"pos":[-319.649994,-585.963013,142.798004],"rotationMatrix":[0.985481918,-0.169786558,0,0.169786558,0.985481918,0,0,0,1],"scale":1.29400003,"type":"palm_tall"}
{"ctxid":0,"pos":[-294.130005,-569.713989,151.602005],"rotationMatrix":[-0.68324554,-0.730066895,0,0.730066895,-0.68324554,0,0,0,1],"scale":1.02079999,"type":"palm_tall"}
{"ctxid":0,"pos":[-332.819,-610.437012,153.434998],"rotationMatrix":[0.101127625,0.994873583,0,-0.994873583,0.101127625,0,0,0,1],"scale":1.13240004,"type":"palm_tall"}
{"ctxid":0,"pos":[-319.701996,-622.247009,154.608002],"rotationMatrix":[-0.639136314,-0.769142926,0,0.769142926,-0.639136314,0,0,0,1],"scale":1.25230002,"type":"palm_tall"}
{"ctxid":0,"pos":[-319.48999,-618.737,153.852005],"rotationMatrix":[0.319755554,0.947466731,0,-0.947466731,0.319755554,0,0,0,1],"scale":1.29050004,"type":"palm_tall"}
{"ctxid":0,"pos":[-303.372009,-630.065979,172.347],"rotationMatrix":[0.769071937,-0.639163792,0,0.639163792,0.769071937,0,0,0,1],"scale":1.05250001,"type":"palm_tall"}
{"ctxid":0,"pos":[-259.516998,-666.435974,165.460007],"rotationMatrix":[0.623461604,0.781887829,0,-0.781887829,0.623461604,0,0,0,1],"scale":1.00150001,"type":"palm_tall"}
{"ctxid":0,"pos":[-262.84201,-657.473022,166.042007],"rotationMatrix":[0.661500096,-0.749982178,0,0.749982178,0.661500096,0,0,0,1],"scale":1.0891,"type":"palm_tall"}
{"ctxid":0,"pos":[-306.315002,-726.030029,180.682999],"rotationMatrix":[-0.435156941,0.90029794,0,-0.90029794,-0.435156941,0,0,0,1],"scale":1.1099,"type":"palm_tall"}
{"ctxid":0,"pos":[-306.473999,-718.664978,180.044998],"rotationMatrix":[-0.973687053,-0.227091223,0,0.227091223,-0.973687053,0,0,0,1],"scale":1.204,"type":"palm_tall"}
{"ctxid":0,"pos":[-306.468994,-716.164001,179.828003],"rotationMatrix":[0.964355528,-0.264596999,0,0.264596999,0.964355528,0,0,0,1],"scale":1.16190004,"type":"palm_tall"}
{"ctxid":0,"pos":[-251.906998,-691.489014,162.906006],"rotationMatrix":[-0.329428196,-0.944280446,0,0.944280446,-0.329428196,0,0,0,1],"scale":1.26660001,"type":"palm_tall"}
{"ctxid":0,"pos":[-255.406006,-690.388,164.776001],"rotationMatrix":[0.993225515,-0.116202123,0,0.116202123,0.993225515,0,0,0,1],"scale":0.962400019,"type":"palm_tall"}
{"ctxid":0,"pos":[-263.924011,-733.494995,165.287003],"rotationMatrix":[-0.377136111,0.926056862,0,-0.926056862,-0.377136111,0,0,0,1],"scale":1.34140003,"type":"palm_tall"}
{"ctxid":0,"pos":[-334.65799,-632.452026,153.619995],"rotationMatrix":[-0.646749616,0.762578964,0,-0.762578964,-0.646749616,0,0,0,1],"scale":1.35730004,"type":"palm_tall"}
{"ctxid":0,"pos":[-341.033997,-629.726013,153.175995],"rotationMatrix":[0.872285426,-0.488974482,0,0.488974482,0.872285426,0,0,0,1],"scale":1.27339995,"type":"palm_tall"}
{"ctxid":0,"pos":[-346.694,-638.401001,151.024002],"rotationMatrix":[-0.249780416,-0.96836251,0,0.96836251,-0.249780416,0,0,0,1],"scale":0.996999979,"type":"palm_tall"}
{"ctxid":0,"pos":[-323.466003,-633.866028,153.908005],"rotationMatrix":[-0.892290592,0.451527327,0,-0.451527327,-0.892290592,0,0,0,1],"scale":1.02240002,"type":"palm_tall"}
{"ctxid":0,"pos":[-566.098999,-60.3791008,194.25],"rotationMatrix":[0.676631212,-0.736325502,0,0.736325502,0.676631212,0,0,0,1],"scale":1.34430003,"type":"palm_tall"}
{"ctxid":0,"pos":[-570.682007,-61.2969017,194.315002],"rotationMatrix":[-0.453171492,0.891439915,0,-0.891439915,-0.453171492,0,0,0,1],"scale":1.09220004,"type":"palm_tall"}
{"ctxid":0,"pos":[-587.403992,-57.778801,201.214996],"rotationMatrix":[-0.7009058,0.713045061,0,-0.713045061,-0.7009058,0,0,0,1],"scale":1.39549994,"type":"palm_tall"}
{"ctxid":0,"pos":[-587.783997,-56.5135994,201.834],"rotationMatrix":[-0.653653145,-0.75671947,0,0.75671947,-0.653653145,0,0,0,1],"scale":1.36070001,"type":"palm_tall"}
{"ctxid":0,"pos":[-572.565002,-9.02649975,176.858002],"rotationMatrix":[-0.390111327,-0.920738339,0,0.920738339,-0.390111327,0,0,0,1],"scale":1.37390006,"type":"palm_tall"}
{"ctxid":0,"pos":[-565.481018,-5.37260008,177.386002],"rotationMatrix":[-0.999599934,-0.0305969398,0,0.0305969398,-0.999599934,0,0,0,1],"scale":0.978600025,"type":"palm_tall"}
{"ctxid":0,"pos":[-512.426025,-170.309998,135.123993],"rotationMatrix":[0.692828774,-0.721096039,0,0.721096039,0.692828774,0,0,0,1],"scale":1.19120002,"type":"palm_tall"}
{"ctxid":0,"pos":[-523.419983,-145.373993,153.842896],"rotationMatrix":[0.99611038,0.0881118029,0,-0.0881118029,0.99611038,0,0,0,1],"scale":1.2536,"type":"palm_tall"}
{"ctxid":0,"pos":[-522.171997,-152.576004,145.326279],"rotationMatrix":[0.998951197,-0.0457862616,0,0.0457862616,0.998951197,0,0,0,1],"scale":1.28740001,"type":"palm_tall"}
{"ctxid":0,"pos":[-665.568848,-181.488937,140.817993],"rotationMatrix":[0.558951735,0.829219639,0,-0.829219639,0.558951735,0,0,0,1],"scale":1.05789995,"type":"palm_tall"}
{"ctxid":0,"pos":[-678.086975,-204.651993,144.166],"rotationMatrix":[0.76757437,0.640960217,0,-0.640960217,0.76757437,0,0,0,1],"scale":0.948899984,"type":"palm_tall"}
{"ctxid":0,"pos":[-678.093018,-194.401001,140.376007],"rotationMatrix":[0.833073616,0.553185701,0,-0.553185701,0.833073616,0,0,0,1],"scale":1.28690004,"type":"palm_tall"}
{"ctxid":0,"pos":[-685.749023,-238.522995,167.923996],"rotationMatrix":[-0.280000091,-0.960000038,0,0.960000038,-0.280000091,0,0,0,1],"scale":0.927399993,"type":"palm_tall"}
{"ctxid":0,"pos":[-687.682007,-236.024994,165.460999],"rotationMatrix":[-0.373818994,0.927592993,0,-0.927592993,-0.373818994,0,0,0,1],"scale":1.03849995,"type":"palm_tall"}
{"ctxid":0,"pos":[-871.268982,-167.042999,196.270004],"rotationMatrix":[-0.974489927,0.0349265598,-0.221445277,-0.035817761,-0.99930191,8.56071711e-06,-0.221302882,0.0079402402,0.975172102],"scale":1.37899995,"type":"palm_tall"}
{"ctxid":0,"pos":[-866.406982,-183.205002,204.498993],"rotationMatrix":[-0.269243479,0.956920326,-0.108564481,-0.914411485,-0.289387822,-0.28298527,-0.302215695,0.0230780691,0.952959657],"scale":1.31980002,"type":"palm_tall"}
{"ctxid":0,"pos":[-872.036011,-148.287003,190.330002],"rotationMatrix":[0.423721015,0.905782819,-8.7916851e-06,-0.884338379,0.413687646,-0.216309786,-0.19592911,0.0916608274,0.976324379],"scale":1.10529995,"type":"palm_tall"}
{"ctxid":0,"pos":[-872.34198,-203.397995,203.520004],"rotationMatrix":[-0.123492122,0.992438436,2.88039446e-05,-0.937238455,-0.116618395,-0.328888237,-0.326371193,-0.0406117588,0.944373667],"scale":1.09169996,"type":"palm_tall"}
{"ctxid":0,"pos":[-897.508972,-18.9144001,130.865005],"rotationMatrix":[0.0210675001,0.997450292,-0.0677045137,-0.999744475,0.0211154222,-7.06315041e-06,0.00142036006,0.06768962,0.99770534],"scale":1.13320005,"type":"palm_tall"}
{"ctxid":0,"pos":[-905.416016,-226.942993,182.112],"rotationMatrix":[-0.700301647,-0.685542881,-0.198209882,0.575209796,-0.706615329,0.411710829,-0.422362208,0.174364895,0.889486432],"scale":0.975899994,"type":"palm_tall"}
{"ctxid":0,"pos":[-908.421997,-235.916,183.130005],"rotationMatrix":[-0.835954785,0.399399191,-0.376529694,-0.373958558,-0.916575909,-0.141997933,-0.401807547,0.0221064016,0.91546011],"scale":1.05830002,"type":"palm_tall"}
{"ctxid":0,"pos":[-881.546997,-134.684006,173.608002],"rotationMatrix":[0.426693738,0.904397666,0,-0.904397666,0.426693738,0,0,0,1],"scale":1.15090001,"type":"palm_tall"}
{"ctxid":0,"pos":[-881.783997,-192.031998,191.925003],"rotationMatrix":[-0.978516579,0.148017809,-0.143433481,-0.149566516,-0.988740087,1.53603032e-05,-0.141817808,0.0214679986,0.989659905],"scale":1.29530001,"type":"palm_tall"}
{"ctxid":0,"pos":[-893.187012,-204.647003,181.742004],"rotationMatrix":[-0.153383136,0.977693021,-0.143336326,-0.977002561,-0.171770334,-0.126157135,-0.147969514,0.120689452,0.981599927],"scale":1.49059999,"type":"palm_tall"}
{"ctxid":0,"pos":[-881.867004,-173.348999,180.167007],"rotationMatrix":[0.56843245,0.812521398,0.129467696,-0.791943371,0.582987487,-0.181706905,-0.223111391,0.000771343708,0.974794686],"scale":1.38750005,"type":"palm_tall"}
{"ctxid":0,"pos":[-902.710999,-247.272003,184.606995],"rotationMatrix":[-0.484364629,0.874767184,0,-0.874767184,-0.484364629,0,0,0,1],"scale":1.16900003,"type":"palm_tall"}
{"ctxid":0,"pos":[-886.271973,-248.565002,192.634995],"rotationMatrix":[-0.893068671,-0.450258106,0,0.450258106,-0.893068671,0,0,0,1],"scale":0.838100016,"type":"palm_tall"}
{"ctxid":0,"pos":[-914.138977,-183.209,168.488998],"rotationMatrix":[-0.798925161,0.601285636,0,-0.601285636,-0.798925161,0,0,0,1],"scale":1.12279999,"type":"palm_tall"}
{"ctxid":0,"pos":[-913.664978,-181.541,168.281006],"rotationMatrix":[0.661500096,0.749899924,0,-0.749899924,0.661500096,0,0,0,1],"scale":1.18840003,"type":"palm_tall"}
{"ctxid":0,"pos":[-910.91803,-170.990997,168.919998],"rotationMatrix":[0.518623292,0.855017662,0,-0.855017662,0.518623292,0,0,0,1],"scale":1.10140002,"type":"palm_tall"}
{"ctxid":0,"pos":[-899.369995,-185.884003,170.587997],"rotationMatrix":[-0.0952064991,0.981417179,-0.166852206,-0.98642087,-0.115589738,-0.117039122,-0.134139121,0.153442204,0.979011655],"scale":1.19770002,"type":"palm_tall"}
{"ctxid":0,"pos":[-891.244995,-162.5,170.787994],"rotationMatrix":[0.955494463,0.25705415,0.144734055,-0.243167758,0.964072883,-0.106903881,-0.167015642,0.0669489205,0.983677566],"scale":1.27960002,"type":"palm_tall"}
{"ctxid":0,"pos":[-845.72699,-281.963989,173.123993],"rotationMatrix":[-0.98070991,0.0566787384,-0.186826304,-0.0479847379,-0.99751246,-0.0507360995,-0.189245895,-0.0407947004,0.981081486],"scale":1.28139997,"type":"palm_tall"}
{"ctxid":0,"pos":[-859.093994,-265.291992,177.852005],"rotationMatrix":[0.955836058,0.293901086,0,-0.293901086,0.955836058,0,0,0,1],"scale":1.41390002,"type":"palm_tall"}
{"ctxid":0,"pos":[-865.609009,-260.615997,183.386002],"rotationMatrix":[-0.889956951,0.455914915,0,-0.455914915,-0.889956951,0,0,0,1],"scale":1.27779996,"type":"palm_tall"}
{"ctxid":0,"pos":[-858.343018,-436.334015,168.723999],"rotationMatrix":[0.137227595,0.990585744,0,-0.990585744,0.137227595,0,0,0,1],"scale":1.16670001,"type":"palm_tall"}
{"ctxid":0,"pos":[-869.41803,-434.53299,153.537994],"rotationMatrix":[-0.245690584,-0.947887897,0.202457562,0.937030673,-0.178857565,0.299727112,-0.247899488,0.263384253,0.932290792],"scale":1.16709995,"type":"palm_tall"}
{"ctxid":0,"pos":[-862.942993,-454.471008,187.561005],"rotationMatrix":[0.125364602,0.992082298,0,-0.992082298,0.125364602,0,0,0,1],"scale":1.37370002,"type":"palm_tall"}
{"ctxid":0,"pos":[-869.034973,-454.455994,179.684998],"rotationMatrix":[0.984086692,-0.177686393,0,0.177686393,0.984086692,0,0,0,1],"scale":1.26209998,"type":"palm_tall"}
{"ctxid":0,"pos":[-857.711975,-487.424988,173.326752],"rotationMatrix":[-0.729760647,-0.671834171,-0.127282277,0.677346528,-0.7357409,-3.74391675e-05,-0.0936144441,-0.0862387195,0.991866827],"scale":1.39320004,"type":"palm_tall"}
{"ctxid":0,"pos":[-879.960999,-270.394989,167.108994],"rotationMatrix":[0.945938706,-0.324361265,6.54421747e-05,0.317997754,0.92741859,0.196941674,-0.0639348775,-0.186274946,0.980417073],"scale":1.05920005,"type":"palm_tall"}
{"ctxid":0,"pos":[-875.163025,-259.898987,174.955002],"rotationMatrix":[-0.704227209,0.710048556,0,-0.710048556,-0.704227209,0,0,0,1],"scale":1.13110006,"type":"palm_tall"}
{"ctxid":0,"pos":[-889.380005,-260.450989,174.729996],"rotationMatrix":[-0.869404435,0.493841439,0,-0.493841439,-0.869404435,0,0,0,1],"scale":0.95389998,"type":"palm_tall"}
{"ctxid":0,"pos":[-899.478027,-291.562012,154.526001],"rotationMatrix":[0.365611553,-0.93074435,0,0.93074435,0.365611553,0,0,0,1],"scale":1.34010005,"type":"palm_tall"}
{"ctxid":0,"pos":[-894.202026,-299.608002,148],"rotationMatrix":[-0.703234076,0.65717423,0.271112233,-0.70686388,-0.686976552,-0.16830197,0.0756523609,-0.310006618,0.947718382],"scale":1.05999994,"type":"palm_tall"}
{"ctxid":0,"pos":[-905.202026,-299.484009,140.526001],"rotationMatrix":[0.189638972,0.960450649,0.20352751,-0.981251717,0.192211092,0.00723445415,-0.0321562365,-0.201101378,0.979040563],"scale":1.42110002,"type":"palm_tall"}
{"ctxid":0,"pos":[-875.52002,-452.174011,167.863007],"rotationMatrix":[0.786272764,0.617906392,0,-0.617906392,0.786272764,0,0,0,1],"scale":1.33529997,"type":"palm_tall"}
{"ctxid":0,"pos":[-717.666016,-612,175.056915],"rotationMatrix":[-0.13251245,-0.991192937,0,0.991192937,-0.13251245,0,0,0,1],"scale":1.29999995,"type":"palm_tall"}
{"ctxid":0,"pos":[-581.424988,-784.60199,180.197998],"rotationMatrix":[-0.638411999,0.769697011,0,-0.769697011,-0.638411999,0,0,0,1],"scale":1.12160003,"type":"palm_tall"}
{"ctxid":0,"pos":[-565.814026,-771.924988,188.455002],"rotationMatrix":[-0.175351143,0.984467685,0,-0.984467685,-0.175351143,0,0,0,1],"scale":1.17110002,"type":"palm_tall"}
{"ctxid":0,"pos":[-28.0135994,774.71698,131.264008],"rotationMatrix":[-0.695376992,-0.718514264,0,0.718514264,-0.695376992,0,0,0,1],"scale":1.1408,"type":"palm_tall"}
{"ctxid":0,"pos":[-57.8520012,782.018982,131.483002],"rotationMatrix":[-0.758937597,-0.651020706,0,0.651020706,-0.758937597,0,0,0,1],"scale":0.985499978,"type":"palm_tall"}
{"ctxid":0,"pos":[-51.2000008,783.416016,129.731003],"rotationMatrix":[-0.546337008,0.837621152,0,-0.837621152,-0.546337008,0,0,0,1],"scale":1.27939999,"type":"palm_tall"}
{"ctxid":0,"pos":[-54.6994019,761.546021,132.401993],"rotationMatrix":[-0.383117199,0.923741341,0,-0.923741341,-0.383117199,0,0,0,1],"scale":1.18900001,"type":"palm_tall"}
{"ctxid":0,"pos":[-87.566803,772.682007,133.246994],"rotationMatrix":[0.123776793,-0.992320418,0,0.992320418,0.123776793,0,0,0,1],"scale":1.22880006,"type":"palm_tall"}
{"ctxid":0,"pos":[-82.0830994,794.112976,129.643997],"rotationMatrix":[-0.967334509,0.252909005,0,-0.252909005,-0.967334509,0,0,0,1],"scale":1.08249998,"type":"palm_tall"}
{"ctxid":0,"pos":[-99.0554962,804.534973,128.697998],"rotationMatrix":[-0.0141729116,0.999930859,0,-0.999930859,-0.0141729116,0,0,0,1],"scale":1.23959994,"type":"palm_tall"}
{"ctxid":0,"pos":[-80.1724014,792.468994,130.029999],"rotationMatrix":[-0.7578125,0.652312517,0,-0.652312517,-0.7578125,0,0,0,1],"scale":1.14670002,"type":"palm_tall"}
{"ctxid":0,"pos":[-50.1161003,782.810974,129.440002],"rotationMatrix":[0.532262087,-0.846590161,0,0.846590161,0.532262087,0,0,0,1],"scale":1.21819997,"type":"palm_tall"}
{"ctxid":0,"pos":[-121.105003,755.205994,143.397003],"rotationMatrix":[-0.620720148,0.784074187,0,-0.784074187,-0.620720148,0,0,0,1],"scale":1.17980003,"type":"palm_tall"}
{"ctxid":0,"pos":[-142.395004,760.479004,142.697998],"rotationMatrix":[0.388160825,-0.921575248,0,0.921575248,0.388160825,0,0,0,1],"scale":0.914099991,"type":"palm_tall"}
{"ctxid":0,"pos":[-1.76900005,739.685974,132.429001],"rotationMatrix":[-0.876759291,-0.481250167,0,0.481250167,-0.876759291,0,0,0,1],"scale":1.37520003,"type":"palm_tall"}
{"ctxid":0,"pos":[-78.8315964,678.895996,150.358994],"rotationMatrix":[0.969791174,0.243931919,0,-0.243931919,0.969791174,0,0,0,1],"scale":1.01370001,"type":"palm_tall"}
{"ctxid":0,"pos":[-102.071999,587.687988,173.214996],"rotationMatrix":[-0.650381088,-0.759604096,0,0.759604096,-0.650381088,0,0,0,1],"scale":1.09640002,"type":"palm_tall"}
{"ctxid":0,"pos":[-113.75,566.09198,184.807999],"rotationMatrix":[0.570520878,0.82133019,0,-0.82133019,0.570520878,0,0,0,1],"scale":1.19480002,"type":"palm_tall"}
{"ctxid":0,"pos":[-104.699997,551.807983,188.322006],"rotationMatrix":[0.954939961,-0.296807706,0,0.296807706,0.954939961,0,0,0,1],"scale":1.23759997,"type":"palm_tall"}
{"ctxid":0,"pos":[-92.3986969,540.177002,183.966995],"rotationMatrix":[0.897486091,-0.441027194,0,0.441027194,0.897486091,0,0,0,1],"scale":0.915600002,"type":"palm_tall"}
{"ctxid":0,"pos":[-178.264008,745.30603,151.464996],"rotationMatrix":[-0.223360896,0.974809468,0,-0.974809468,-0.223360896,0,0,0,1],"scale":1.08679998,"type":"palm_tall"}
{"ctxid":0,"pos":[-170.576004,737.06897,153.692001],"rotationMatrix":[-0.298305035,-0.954432249,0,0.954432249,-0.298305035,0,0,0,1],"scale":1.20490003,"type":"palm_tall"}
{"ctxid":0,"pos":[-177.960007,738.802979,155.615005],"rotationMatrix":[0.973825276,-0.227289915,0,0.227289915,0.973825276,0,0,0,1],"scale":0.982299984,"type":"palm_tall"}
{"ctxid":0,"pos":[-178.287003,733.015015,158.343002],"rotationMatrix":[-0.0187354088,-0.999893725,0,0.999893725,-0.0187354088,0,0,0,1],"scale":1.0654,"type":"palm_tall"}
{"ctxid":0,"pos":[-136.164993,638.054993,173.522003],"rotationMatrix":[-0.827871919,0.560598373,0,-0.560598373,-0.827871919,0,0,0,1],"scale":0.971899986,"type":"palm_tall"}
{"ctxid":0,"pos":[-143.626007,621.94397,182.690994],"rotationMatrix":[-0.922760487,-0.385728717,0,0.385728717,-0.922760487,0,0,0,1],"scale":0.983900011,"type":"palm_tall"}
{"ctxid":0,"pos":[-145.274994,620.140015,183.947998],"rotationMatrix":[0.998838365,0.0481855422,0,-0.0481855422,0.998838365,0,0,0,1],"scale":1.05560005,"type":"palm_tall"}
{"ctxid":0,"pos":[-150.563995,616.052002,188.264999],"rotationMatrix":[-0.800442934,0.599262118,0,-0.599262118,-0.800442934,0,0,0,1],"scale":1.05560005,"type":"palm_tall"}
{"ctxid":0,"pos":[-219.473007,500.449005,221.675003],"rotationMatrix":[0.960181594,-0.279377997,0,0.279377997,0.960181594,0,0,0,1],"scale":1.17540002,"type":"palm_tall"}
{"ctxid":0,"pos":[-202.242996,515.755981,223.518005],"rotationMatrix":[-0.755937934,-0.65477562,0,0.65477562,-0.755937934,0,0,0,1],"scale":1.34300005,"type":"palm_tall"}
{"ctxid":0,"pos":[-212.932999,520,211.820999],"rotationMatrix":[-0.479543924,-0.87747401,0,0.87747401,-0.479543924,0,0,0,1],"scale":1.17429996,"type":"palm_tall"}
{"ctxid":0,"pos":[-204.580994,522.455994,216.248993],"rotationMatrix":[-0.982438684,0.186774552,0,-0.186774552,-0.982438684,0,0,0,1],"scale":1.23989999,"type":"palm_tall"}
{"ctxid":0,"pos":[-197.626999,522.796997,221.119995],"rotationMatrix":[0.575142384,-0.818097532,0,0.818097532,0.575142384,0,0,0,1],"scale":1.13390005,"type":"palm_tall"}
{"ctxid":0,"pos":[-189.649002,523.375,227.123993],"rotationMatrix":[0.80205369,-0.597236633,0,0.597236633,0.80205369,0,0,0,1],"scale":1.04960001,"type":"palm_tall"}
{"ctxid":0,"pos":[-357.036987,759.69397,164.688995],"rotationMatrix":[-0.998800278,-0.0455863215,0,0.0455863215,-0.998800278,0,0,0,1],"scale":1.21580005,"type":"palm_tall"}
{"ctxid":0,"pos":[-354.354004,763.276001,160.899002],"rotationMatrix":[0.895117998,0.445817202,0,-0.445817202,0.895117998,0,0,0,1],"scale":1.07739997,"type":"palm_tall"}
{"ctxid":0,"pos":[-356.800995,768.877991,155.712997],"rotationMatrix":[0.982627511,-0.185579836,0,0.185579836,0.982627511,0,0,0,1],"scale":1.38849998,"type":"palm_tall"}
{"ctxid":0,"pos":[-362.105011,775.690979,153.932999],"rotationMatrix":[0.777688861,0.62865907,0,-0.62865907,0.777688861,0,0,0,1],"scale":1.20050001,"type":"palm_tall"}
{"ctxid":0,"pos":[-433.164001,852.867981,126.592003],"rotationMatrix":[-0.203731298,-0.979059577,0,0.979059577,-0.203731298,0,0,0,1],"scale":1.32579994,"type":"palm_tall"}
{"ctxid":0,"pos":[-401.421997,850.869019,130.315994],"rotationMatrix":[-0.955846429,0.293901086,0,-0.293901086,-0.955846429,0,0,0,1],"scale":1.18570006,"type":"palm_tall"}
{"ctxid":0,"pos":[-394.661987,847.97998,133.063995],"rotationMatrix":[0.209724069,-0.977724433,0,0.977724433,0.209724069,0,0,0,1],"scale":1.22430003,"type":"palm_tall"}
{"ctxid":0,"pos":[-433.140015,841.911011,128.660004],"rotationMatrix":[0.0053858757,-0.999973595,0,0.999973595,0.0053858757,0,0,0,1],"scale":1.35389996,"type":"palm_tall"}
{"ctxid":0,"pos":[-417.028015,854.236023,127.047997],"rotationMatrix":[0.397637129,-0.917593598,0,0.917593598,0.397637129,0,0,0,1],"scale":1.02499998,"type":"palm_tall"}
{"ctxid":0,"pos":[-480.272003,833.09198,128.492996],"rotationMatrix":[0.405513942,-0.914082289,0,0.914082289,0.405513942,0,0,0,1],"scale":1.23339999,"type":"palm_tall"}
{"ctxid":0,"pos":[-480.726013,837.901978,129.216995],"rotationMatrix":[0.222495556,0.974904537,0,-0.974904537,0.222495556,0,0,0,1],"scale":1.12380004,"type":"palm_tall"}
{"ctxid":0,"pos":[-267.980988,708.981018,183.598007],"rotationMatrix":[-0.563265681,0.826279879,0,-0.826279879,-0.563265681,0,0,0,1],"scale":1.0359,"type":"palm_tall"}
{"ctxid":0,"pos":[-387.153992,709.575012,172.358002],"rotationMatrix":[0.850067139,0.526681662,0,-0.526681662,0.850067139,0,0,0,1],"scale":1.06579995,"type":"palm_tall"}
{"ctxid":0,"pos":[-393.596008,710.505005,170.630997],"rotationMatrix":[-0.239997506,0.970864236,0,-0.970864236,-0.239997506,0,0,0,1],"scale":1.301,"type":"palm_tall"}
{"ctxid":0,"pos":[-487.307007,704.916016,171.201996],"rotationMatrix":[-0.694272399,0.719752848,0,-0.719752848,-0.694272399,0,0,0,1],"scale":1.21790004,"type":"palm_tall"}
{"ctxid":0,"pos":[-492.684998,704.530029,174.720001],"rotationMatrix":[0.905735195,-0.423822612,0,0.423822612,0.905735195,0,0,0,1],"scale":1.13820004,"type":"palm_tall"}
{"ctxid":0,"pos":[-491.56601,688.122986,180.587997],"rotationMatrix":[-0.931398511,-0.363599002,0,0.363599002,-0.931398511,0,0,0,1],"scale":0.966199994,"type":"palm_tall"}
{"ctxid":0,"pos":[-453.946991,654.88501,166.509003],"rotationMatrix":[-0.691328406,-0.722437799,0,0.722437799,-0.691328406,0,0,0,1],"scale":1.00699997,"type":"palm_tall"}
{"ctxid":0,"pos":[-489.596008,671.562988,182.714996],"rotationMatrix":[0.937836647,0.347064197,0,-0.347064197,0.937836647,0,0,0,1],"scale":1.39680004,"type":"palm_tall"}
{"ctxid":0,"pos":[-490.835999,665.281006,187.315994],"rotationMatrix":[0.287181973,-0.957946181,0,0.957946181,0.287181973,0,0,0,1],"scale":1.17480004,"type":"palm_tall"}
{"ctxid":0,"pos":[-482.803986,675.039001,173.018997],"rotationMatrix":[-0.322588444,-0.946564853,0,0.946564853,-0.322588444,0,0,0,1],"scale":0.980199993,"type":"palm_tall"}
{"ctxid":0,"pos":[-482.882996,668.161987,178.033997],"rotationMatrix":[0.714080811,-0.700089991,0,0.700089991,0.714080811,0,0,0,1],"scale":1.06040001,"type":"palm_tall"}
{"ctxid":0,"pos":[-489.200989,681.830017,181.682007],"rotationMatrix":[-0.90398109,-0.427746892,0,0.427746892,-0.90398109,0,0,0,1],"scale":1.22609997,"type":"palm_tall"}
{"ctxid":0,"pos":[-486.071991,675.447998,175.914993],"rotationMatrix":[0.819279313,-0.573364437,0,0.573364437,0.819279313,0,0,0,1],"scale":1.13489997,"type":"palm_tall"}
{"ctxid":0,"pos":[-458.378998,589.945984,164.403],"rotationMatrix":[0.724717975,0.68902117,0,-0.68902117,0.724717975,0,0,0,1],"scale":1.32290006,"type":"palm_tall"}
{"ctxid":0,"pos":[-451.441986,506.737,159.899002],"rotationMatrix":[0.56326139,0.826279879,0,-0.826279879,0.56326139,0,0,0,1],"scale":1.06860006,"type":"palm_tall"}
{"ctxid":0,"pos":[-486.13501,552.45697,170.630997],"rotationMatrix":[0.581021428,-0.813882172,0,0.813882172,0.581021428,0,0,0,1],"scale":1.01390004,"type":"palm_tall"}
{"ctxid":0,"pos":[-5.079,362.598999,275.558014],"rotationMatrix":[0.880537271,0.473989338,0,-0.473989338,0.880537271,0,0,0,1],"scale":1.39810002,"type":"palm_tall"}
{"ctxid":0,"pos":[-83.748703,360.069,284.792999],"rotationMatrix":[0.19177103,-0.981393635,0,0.981393635,0.19177103,0,0,0,1],"scale":0.924899995,"type":"palm_tall"}
{"ctxid":0,"pos":[-85.032402,357.5,284.884003],"rotationMatrix":[-0.0895831585,-0.995992184,0,0.995992184,-0.0895831585,0,0,0,1],"scale":1.39960003,"type":"palm_tall"}
{"ctxid":0,"pos":[-113.464996,263.902008,253.546005],"rotationMatrix":[0.110221982,-0.99396342,0,0.99396342,0.110221982,0,0,0,1],"scale":1.33720005,"type":"palm_tall"}
{"ctxid":0,"pos":[-95.0093002,254.369003,268.248993],"rotationMatrix":[0.978823185,-0.204709262,0,0.204709262,0.978823185,0,0,0,1],"scale":1.36290002,"type":"palm_tall"}
{"ctxid":0,"pos":[-157.501007,489.696014,240.403],"rotationMatrix":[-0.958616376,-0.284213126,0,0.284213126,-0.958616376,0,0,0,1],"scale":1.39160001,"type":"palm_tall"}
{"ctxid":0,"pos":[-192.858994,474.688995,243.434006],"rotationMatrix":[0.674698234,0.738119602,0,-0.738119602,0.674698234,0,0,0,1],"scale":1.11380005,"type":"palm_tall"}
{"ctxid":0,"pos":[-192.535004,476.334991,242.235992],"rotationMatrix":[0.276154876,0.961116135,0,-0.961116135,0.276154876,0,0,0,1],"scale":1.24689996,"type":"palm_tall"}
{"ctxid":0,"pos":[-224.121994,487.885986,226.371002],"rotationMatrix":[-0.860134721,0.509781837,0,-0.509781837,-0.860134721,0,0,0,1],"scale":1.08659995,"type":"palm_tall"}
{"ctxid":0,"pos":[-129.214005,252.248001,256.787994],"rotationMatrix":[0.434164822,0.900825858,0,-0.900825858,0.434164822,0,0,0,1],"scale":0.988200009,"type":"palm_tall"}
{"ctxid":0,"pos":[-81.9475021,171.820007,242.074005],"rotationMatrix":[-0.851657629,-0.524014115,0,0.524014115,-0.851657629,0,0,0,1],"scale":1.05659997,"type":"palm_tall"}
{"ctxid":0,"pos":[-84.6091003,171.889999,241.033005],"rotationMatrix":[-0.14246726,0.989795685,0,-0.989795685,-0.14246726,0,0,0,1],"scale":1.13030005,"type":"palm_tall"}
{"ctxid":0,"pos":[-100.274002,180.462006,241.925995],"rotationMatrix":[-0.864766717,-0.502111971,0,0.502111971,-0.864766717,0,0,0,1],"scale":0.924000025,"type":"palm_tall"}
{"ctxid":0,"pos":[-134.048996,248.932007,257.44101],"rotationMatrix":[0.826421678,-0.563039541,0,0.563039541,0.826421678,0,0,0,1],"scale":1.16040003,"type":"palm_tall"}
{"ctxid":0,"pos":[-151.886993,246.251007,258.179993],"rotationMatrix":[0.846320271,-0.532667518,0,0.532667518,0.846320271,0,0,0,1],"scale":1.2277,"type":"palm_tall"}
{"ctxid":0,"pos":[-148.753006,233.339996,258.320007],"rotationMatrix":[0.793275476,-0.608856738,0,0.608856738,0.793275476,0,0,0,1],"scale":1.21099997,"type":"palm_tall"}
{"ctxid":0,"pos":[-143.658997,232.104004,258.423004],"rotationMatrix":[0.658035517,-0.75298351,0,0.75298351,0.658035517,0,0,0,1],"scale":1.0115,"type":"palm_tall"}
{"ctxid":0,"pos":[-164.108002,226.673004,258.489014],"rotationMatrix":[0.577535689,0.816341519,0,-0.816341519,0.577535689,0,0,0,1],"scale":1.09720004,"type":"palm_tall"}
{"ctxid":0,"pos":[-206.130005,132.080002,262.858002],"rotationMatrix":[0.184124589,0.98295933,0,-0.98295933,0.184124589,0,0,0,1],"scale":0.912999988,"type":"palm_tall"}
