{"ctxid":0,"pos":[-12.6717997,-36.3823013,146.406006],"rotationMatrix":[0.972715497,0.232011527,0,-0.232011527,0.972715497,0,0,0,1],"scale":1.05180001,"type":"palm_short"}
{"ctxid":0,"pos":[-6.8835001,-68.8212967,148.798996],"rotationMatrix":[0.446647942,0.894726038,0,-0.894726038,0.446647942,0,0,0,1],"scale":1.06480002,"type":"palm_short"}
{"ctxid":0,"pos":[-7.65229988,-84.8794022,150.438004],"rotationMatrix":[-0.514844179,-0.857245505,0,0.857245505,-0.514844179,0,0,0,1],"scale":1.17159998,"type":"palm_short"}
{"ctxid":0,"pos":[-17.4895,-82.716301,155.925995],"rotationMatrix":[-0.667868614,0.744440615,0,-0.744440615,-0.667868614,0,0,0,1],"scale":1.12530005,"type":"palm_short"}
{"ctxid":0,"pos":[-18.9078007,-78.2608032,155.871994],"rotationMatrix":[-0.635878682,-0.771814942,0,0.771814942,-0.635878682,0,0,0,1],"scale":1.49960005,"type":"palm_short"}
{"ctxid":0,"pos":[-0.897001266,-165.615402,133.982086],"rotationMatrix":[-0.55020833,-0.834971368,0,0.834971368,-0.55020833,0,0,0,1],"scale":1.36740005,"type":"palm_short"}
{"ctxid":0,"pos":[-206.598007,-106.704002,143.365005],"rotationMatrix":[-0.503031254,0.864299297,0,-0.864299297,-0.503031254,0,0,0,1],"scale":1.19449997,"type":"palm_short"}
{"ctxid":0,"pos":[-215.218994,-119.957001,145.832001],"rotationMatrix":[-0.792860508,0.609171152,0,-0.609171152,-0.792860508,0,0,0,1],"scale":1.47099996,"type":"palm_short"}
{"ctxid":0,"pos":[-157.815994,-139.994003,134.977997],"rotationMatrix":[0.167175889,0.985889256,0,-0.985889256,0.167175889,0,0,0,1],"scale":0.773400009,"type":"palm_short"}
{"ctxid":0,"pos":[-143.677994,-147.522003,132.906006],"rotationMatrix":[0.982101679,-0.188348606,0,0.188348606,0.982101679,0,0,0,1],"scale":1.47880006,"type":"palm_short"}
{"ctxid":0,"pos":[-152.389999,-142.863998,134.123001],"rotationMatrix":[-0.445339918,0.895325303,0,-0.895325303,-0.445339918,0,0,0,1],"scale":1.48389995,"type":"palm_short"}
{"ctxid":0,"pos":[-225.093002,-130.440994,147.186996],"rotationMatrix":[0.998699486,0.0509846993,0,-0.0509846993,0.998699486,0,0,0,1],"scale":1.01339996,"type":"palm_short"}
{"ctxid":0,"pos":[-244.746994,-161.988998,142.054001],"rotationMatrix":[-0.550560594,-0.834714055,0,0.834714055,-0.550560594,0,0,0,1],"scale":1.15629995,"type":"palm_short"}
{"ctxid":0,"pos":[-46.8862991,-356.595001,133.227432],"rotationMatrix":[-0.855893731,0.517484725,0,-0.517484725,-0.855893731,0,0,0,1],"scale":1.02199996,"type":"palm_short"}
{"ctxid":0,"pos":[-48.0780983,-359.554993,132.503876],"rotationMatrix":[-0.817180395,0.576114058,0,-0.576114058,-0.817180395,0,0,0,1],"scale":1.36329997,"type":"palm_short"}
{"ctxid":0,"pos":[-49.1879005,-358.684998,132.589661],"rotationMatrix":[0.130383313,0.991473794,0,-0.991473794,0.130383313,0,0,0,1],"scale":1.07949996,"type":"palm_short"}
{"ctxid":0,"pos":[-47.6376991,-357.319,132.995758],"rotationMatrix":[0.55405432,-0.832488596,0,0.832488596,0.55405432,0,0,0,1],"scale":1.08169997,"type":"palm_short"}
{"ctxid":0,"pos":[-19.5100994,-357.578003,134.884583],"rotationMatrix":[0.202415466,0.979330182,0,-0.979330182,0.202415466,0,0,0,1],"scale":1.24080002,"type":"palm_short"}
{"ctxid":0,"pos":[-117.902,-287.505005,132.487732],"rotationMatrix":[-0.999599934,-0.0273972601,0,0.0273972601,-0.999599934,0,0,0,1],"scale":1.47280002,"type":"palm_short"}
{"ctxid":0,"pos":[-74.2509003,-331.024994,133.613586],"rotationMatrix":[-0.733894467,0.679330587,0,-0.679330587,-0.733894467,0,0,0,1],"scale":1.35370004,"type":"palm_short"}
{"ctxid":0,"pos":[-86.2074966,-359.631012,132.470337],"rotationMatrix":[0.999308109,0.0371925607,0,-0.0371925607,0.999308109,0,0,0,1],"scale":1.09210002,"type":"palm_short"}
{"ctxid":0,"pos":[-94.286499,-353.020996,132.642197],"rotationMatrix":[0.864903986,0.501918912,0,-0.501918912,0.864903986,0,0,0,1],"scale":1.30340004,"type":"palm_short"}
{"ctxid":0,"pos":[-95.6959,-347.734009,133.073822],"rotationMatrix":[-0.570346355,-0.821414709,0,0.821414709,-0.570346355,0,0,0,1],"scale":1.02620006,"type":"palm_short"}
{"ctxid":0,"pos":[-54.8815994,-381.165985,132.364059],"rotationMatrix":[0.416584015,-0.909096301,0,0.909096301,0.416584015,0,0,0,1],"scale":0.87650001,"type":"palm_short"}
{"ctxid":0,"pos":[-146.367996,-261.398987,132.779755],"rotationMatrix":[-0.0385288,0.999184012,0,-0.999184012,-0.0385288,0,0,0,1],"scale":1.20469999,"type":"palm_short"}
{"ctxid":0,"pos":[-135.283005,-269.225006,132.748306],"rotationMatrix":[0.597157121,-0.802095354,0,0.802095354,0.597157121,0,0,0,1],"scale":1.49950004,"type":"palm_short"}
{"ctxid":0,"pos":[-142.151993,-252.968994,132.475189],"rotationMatrix":[0.647871673,-0.761741877,0,0.761741877,0.647871673,0,0,0,1],"scale":1.32959998,"type":"palm_short"}
{"ctxid":0,"pos":[-178.524002,-281.315002,132.79744],"rotationMatrix":[-0.999599934,0.0249975007,0,-0.0249975007,-0.999599934,0,0,0,1],"scale":1.41190004,"type":"palm_short"}
{"ctxid":0,"pos":[-158.757004,-279.212006,133.261307],"rotationMatrix":[0.358382106,-0.933540463,0,0.933540463,0.358382106,0,0,0,1],"scale":1.4152,"type":"palm_short"}
{"ctxid":0,"pos":[-129.330994,-273.066986,132.393112],"rotationMatrix":[-0.853582621,0.520820737,0,-0.520820737,-0.853582621,0,0,0,1],"scale":1.27339995,"type":"palm_short"}
{"ctxid":0,"pos":[-290.109009,-54.6372986,173.518005],"rotationMatrix":[0.390371203,0.920682013,0,-0.920682013,0.390371203,0,0,0,1],"scale":1.00220001,"type":"palm_short"}
{"ctxid":0,"pos":[-295.949005,-52.2848015,173.667999],"rotationMatrix":[-0.990810513,-0.134689495,0,0.134689495,-0.990810513,0,0,0,1],"scale":1.14499998,"type":"palm_short"}
{"ctxid":0,"pos":[-268.544006,-41.1534996,176.384995],"rotationMatrix":[-0.877921939,-0.47887978,0,0.47887978,-0.877921939,0,0,0,1],"scale":1.14929998,"type":"palm_short"}
{"ctxid":0,"pos":[-265.278992,-213.246994,132.680374],"rotationMatrix":[-0.999599934,0.0333966576,0,-0.0333966576,-0.999599934,0,0,0,1],"scale":1.04180002,"type":"palm_short"}
{"ctxid":0,"pos":[-467.190002,-217.705002,135.393005],"rotationMatrix":[0.725162983,0.688538134,0,-0.688538134,0.725162983,0,0,0,1],"scale":1.16390002,"type":"palm_short"}
{"ctxid":0,"pos":[-407.187988,-151.479996,153.608994],"rotationMatrix":[0.269159496,0.963089347,0,-0.963089347,0.269159496,0,0,0,1],"scale":1.10469997,"type":"palm_short"}
{"ctxid":0,"pos":[-282.449005,-338.60199,132.905579],"rotationMatrix":[-0.284804583,0.958594024,0,-0.958594024,-0.284804583,0,0,0,1],"scale":1.01569998,"type":"palm_short"}
{"ctxid":0,"pos":[-248.473007,-708.637024,163.738998],"rotationMatrix":[-0.839362025,0.543369412,0,-0.543369412,-0.839362025,0,0,0,1],"scale":1.03729999,"type":"palm_short"}
{"ctxid":0,"pos":[-275.281006,-572.835999,151.929993],"rotationMatrix":[0.285987437,0.95827055,0,-0.95827055,0.285987437,0,0,0,1],"scale":1.18830001,"type":"palm_short"}
{"ctxid":0,"pos":[-267.654999,-577.905029,152.871994],"rotationMatrix":[-0.362240076,0.931928694,0,-0.931928694,-0.362240076,0,0,0,1],"scale":1.33729994,"type":"palm_short"}
{"ctxid":0,"pos":[-259.553986,-673.114014,165.348999],"rotationMatrix":[-0.645298004,0.764056802,0,-0.764056802,-0.645298004,0,0,0,1],"scale":1.25989997,"type":"palm_short"}
{"ctxid":0,"pos":[-251.507004,-677.549011,166.257004],"rotationMatrix":[0.0898296833,-0.995979488,0,0.995979488,0.0898296833,0,0,0,1],"scale":1.15530002,"type":"palm_short"}
{"ctxid":0,"pos":[-254.061005,-657.38501,166.757004],"rotationMatrix":[0.779684782,0.626162529,0,-0.626162529,0.779684782,0,0,0,1],"scale":1.02849996,"type":"palm_short"}
{"ctxid":0,"pos":[-260.850006,-640.856018,167.285995],"rotationMatrix":[0.783781111,-0.621037424,0,0.621037424,0.783781111,0,0,0,1],"scale":1.1286,"type":"palm_short"}
{"ctxid":0,"pos":[-275.974396,-722.207397,164.82901],"rotationMatrix":[-0.512408257,0.858816981,0,-0.858816981,-0.512408257,0,0,0,1],"scale":1.40020001,"type":"palm_short"}
{"ctxid":0,"pos":[-275.174011,-714.867004,164.735001],"rotationMatrix":[-0.604556918,-0.796456397,0,0.796456397,-0.604556918,0,0,0,1],"scale":1.11730003,"type":"palm_short"}
{"ctxid":0,"pos":[-256.76001,-690.367981,165.033005],"rotationMatrix":[-0.981642365,-0.190519571,0,0.190519571,-0.981642365,0,0,0,1],"scale":1.14830005,"type":"palm_short"}
{"ctxid":0,"pos":[-272.552002,-710.04303,164.731995],"rotationMatrix":[0.799148798,0.601159334,0,-0.601159334,0.799148798,0,0,0,1],"scale":1.24890006,"type":"palm_short"}
{"ctxid":0,"pos":[-602.548767,-181.64711,154.515976],"rotationMatrix":[-0.965985596,-0.207269907,-0.153602138,0.228353947,-0.963958621,-0.135361612,-0.120023005,-0.165836573,0.978817105],"scale":1.26569998,"type":"palm_short"}
{"ctxid":0,"pos":[-684.208984,-178.856003,166.199997],"rotationMatrix":[0.797752023,-0.602991581,0,0.602991581,0.797752023,0,0,0,1],"scale":1.33430004,"type":"palm_short"}
{"ctxid":0,"pos":[-674.809998,-173.229996,164.466995],"rotationMatrix":[0.373247862,0.927700579,0,-0.927700579,0.373247862,0,0,0,1],"scale":1.39400005,"type":"palm_short"}
{"ctxid":0,"pos":[-639.252136,-174.13121,157.448669],"rotationMatrix":[0.117164262,-0.948639572,-0.293506324,0.957495451,0.186238915,-0.219770893,0.263145655,-0.255281717,0.930351973],"scale":1.09899998,"type":"palm_short"}
{"ctxid":0,"pos":[-684.36499,-191.5,150.862],"rotationMatrix":[-0.583132148,-0.812474072,0,0.812474072,-0.583132148,0,0,0,1],"scale":1.22819996,"type":"palm_short"}
{"ctxid":0,"pos":[-897.244995,-421.283997,144.289001],"rotationMatrix":[0.694707036,0.719278693,0,-0.719278693,0.694707036,0,0,0,1],"scale":1.1494,"type":"palm_short"}
{"ctxid":0,"pos":[-899.888977,-421.39801,142.600006],"rotationMatrix":[0.606260657,-0.795287848,0,0.795287848,0.606260657,0,0,0,1],"scale":1.39170003,"type":"palm_short"}
{"ctxid":0,"pos":[-911.888977,-442.306,146.332001],"rotationMatrix":[0.684464335,0.729020834,0,-0.729020834,0.684464335,0,0,0,1],"scale":1.47109997,"type":"palm_short"}
{"ctxid":0,"pos":[-911.153015,-437.545013,146.593994],"rotationMatrix":[-0.991608858,0.128529519,0,-0.128529519,-0.991608858,0,0,0,1],"scale":1.34560001,"type":"palm_short"}
{"ctxid":0,"pos":[-918.469971,-469.381012,142.158997],"rotationMatrix":[-0.808421731,0.588416934,0,-0.588416934,-0.808421731,0,0,0,1],"scale":1.05830002,"type":"palm_short"}
{"ctxid":0,"pos":[-624.822021,-674.392029,171.13855],"rotationMatrix":[0.725014746,0.688723862,0,-0.688723862,0.725014746,0,0,0,1],"scale":1.2895,"type":"palm_short"}
{"ctxid":0,"pos":[-664.440979,-679.36499,183.058319],"rotationMatrix":[0.389708519,0.920961261,0,-0.920961261,0.389708519,0,0,0,1],"scale":1.03989995,"type":"palm_short"}
{"ctxid":0,"pos":[-686.942993,-680.450989,192.882477],"rotationMatrix":[0.918068469,0.396420658,0,-0.396420658,0.918068469,0,0,0,1],"scale":1.02520001,"type":"palm_short"}
{"ctxid":0,"pos":[-631.434998,-671.252991,170.888763],"rotationMatrix":[0.0356172323,0.999380529,0,-0.999380529,0.0356172323,0,0,0,1],"scale":1.33050001,"type":"palm_short"}
{"ctxid":0,"pos":[-656.517029,-689.283997,184.781189],"rotationMatrix":[0.557823896,0.829997063,0,-0.829997063,0.557823896,0,0,0,1],"scale":1.22409999,"type":"palm_short"}
{"ctxid":0,"pos":[-656.375977,-694.518005,187.845322],"rotationMatrix":[-0.806520343,-0.591338873,0,0.591338873,-0.806520343,0,0,0,1],"scale":1.47230005,"type":"palm_short"}
{"ctxid":0,"pos":[-664.012024,-693.150024,190.82338],"rotationMatrix":[0.569779098,-0.821760893,0,0.821760893,0.569779098,0,0,0,1],"scale":1.01600003,"type":"palm_short"}
{"ctxid":0,"pos":[-679.937012,-689.625977,198.489227],"rotationMatrix":[0.0849660635,-0.996337235,0,0.996337235,0.0849660635,0,0,0,1],"scale":1.34850001,"type":"palm_short"}
{"ctxid":0,"pos":[-688.104004,-674.299011,185.847672],"rotationMatrix":[0.886044621,0.463603139,0,-0.463603139,0.886044621,0,0,0,1],"scale":1.31389999,"type":"palm_short"}
{"ctxid":0,"pos":[-22.6606007,774.960999,131.839996],"rotationMatrix":[-0.663123131,-0.748305082,0,0.748305082,-0.663123131,0,0,0,1],"scale":1.09060001,"type":"palm_short"}
{"ctxid":0,"pos":[-24.5237999,775.567017,131.386993],"rotationMatrix":[0.879655838,-0.475587636,0,0.475587636,0.879655838,0,0,0,1],"scale":1.19990003,"type":"palm_short"}
{"ctxid":0,"pos":[-30.7775993,751.900024,132.524002],"rotationMatrix":[0.825241268,0.564773321,0,-0.564773321,0.825241268,0,0,0,1],"scale":1.32270002,"type":"palm_short"}
{"ctxid":0,"pos":[-61.4962006,786.111023,130.701996],"rotationMatrix":[0.8880409,0.459761113,0,-0.459761113,0.8880409,0,0,0,1],"scale":1.46630001,"type":"palm_short"}
{"ctxid":0,"pos":[-55.0251999,760.30603,132.692001],"rotationMatrix":[0.110221982,0.99396342,0,-0.99396342,0.110221982,0,0,0,1],"scale":1.45570004,"type":"palm_short"}
{"ctxid":0,"pos":[-85.2610016,771.580017,132.882996],"rotationMatrix":[0.535159171,-0.844735622,0,0.844735622,0.535159171,0,0,0,1],"scale":1.26320004,"type":"palm_short"}
{"ctxid":0,"pos":[-90.1761017,777.801025,132.977997],"rotationMatrix":[-0.844736218,-0.535326958,0,0.535326958,-0.844736218,0,0,0,1],"scale":1.42830002,"type":"palm_short"}
{"ctxid":0,"pos":[-4.42339993,743.973022,131.929993],"rotationMatrix":[0.274710417,0.961472511,0,-0.961472511,0.274710417,0,0,0,1],"scale":1.46710002,"type":"palm_short"}
{"ctxid":0,"pos":[-24.0821991,749.719971,131.764008],"rotationMatrix":[0.532262087,-0.846590161,0,0.846590161,0.532262087,0,0,0,1],"scale":1.04489994,"type":"palm_short"}
{"ctxid":0,"pos":[-307.765015,875.424011,130.595001],"rotationMatrix":[-0.91570735,-0.401462734,0,0.401462734,-0.91570735,0,0,0,1],"scale":1.35070002,"type":"palm_short"}
{"ctxid":0,"pos":[-386.77301,859.21698,131.033997],"rotationMatrix":[0.382395029,0.924017966,0,-0.924017966,0.382395029,0,0,0,1],"scale":1.21140003,"type":"palm_short"}
{"ctxid":0,"pos":[-388.574005,857.682007,131.184998],"rotationMatrix":[0.973550022,0.228481993,0,-0.228481993,0.973550022,0,0,0,1],"scale":1.14890003,"type":"palm_short"}
{"ctxid":0,"pos":[-416.579987,849.778992,128.106995],"rotationMatrix":[0.911211014,0.411960632,0,-0.411960632,0.911211014,0,0,0,1],"scale":1.38450003,"type":"palm_short"}
{"ctxid":0,"pos":[-412.945007,854.534973,127.623001],"rotationMatrix":[-0.241257668,0.970569611,0,-0.970569611,-0.241257668,0,0,0,1],"scale":1.21019995,"type":"palm_short"}
{"ctxid":0,"pos":[-414.298004,856.132996,127.123001],"rotationMatrix":[0.740944028,-0.6715734,0,0.6715734,0.740944028,0,0,0,1],"scale":1.04110003,"type":"palm_short"}
{"ctxid":0,"pos":[-482.846985,836.375977,129.167007],"rotationMatrix":[-0.928647995,-0.371196002,0,0.371196002,-0.928647995,0,0,0,1],"scale":1.44739997,"type":"palm_short"}
{"ctxid":0,"pos":[-491.063995,832.682983,128.003006],"rotationMatrix":[0.939169288,-0.343463361,0,0.343463361,0.939169288,0,0,0,1],"scale":1.39040005,"type":"palm_short"}
{"ctxid":0,"pos":[-475.403015,838.781006,128.537003],"rotationMatrix":[-0.817180395,0.576686025,0,-0.576686025,-0.817180395,0,0,0,1],"scale":1.40639997,"type":"palm_short"}
{"ctxid":0,"pos":[-344.428986,602.247009,174.970993],"rotationMatrix":[-0.0415902138,0.997320473,-0.0592254028,-0.992030442,-0.0341956615,0.120800197,0.118454523,0.0637876391,0.990908027],"scale":1.13230002,"type":"palm_short"}
{"ctxid":0,"pos":[-458.384003,504.411987,165.037003],"rotationMatrix":[0.938048005,0.346508801,0,-0.346508801,0.938048005,0,0,0,1],"scale":1.1063,"type":"palm_short"}
{"ctxid":0,"pos":[-3.16160011,443.675995,239.785004],"rotationMatrix":[0.306158006,-0.951941788,0,0.951941788,0.306158006,0,0,0,1],"scale":1.14900005,"type":"palm_short"}
{"ctxid":0,"pos":[-14.3934002,448.947998,241.009995],"rotationMatrix":[-0.683612585,-0.729779541,0,0.729779541,-0.683612585,0,0,0,1],"scale":1.17369998,"type":"palm_short"}
{"ctxid":0,"pos":[-2.43860006,388.921997,274.591003],"rotationMatrix":[-0.0445905924,-0.999060512,0,0.999060512,-0.0445905924,0,0,0,1],"scale":1.20299995,"type":"palm_short"}
{"ctxid":0,"pos":[-46.1376991,429.201996,246.186996],"rotationMatrix":[-0.862836003,0.505133331,0,-0.505133331,-0.862836003,0,0,0,1],"scale":1.01359999,"type":"palm_short"}
{"ctxid":0,"pos":[-55.4411011,427.468994,245.576996],"rotationMatrix":[0.637048006,0.770804405,0,-0.770804405,0.637048006,0,0,0,1],"scale":1.39049995,"type":"palm_short"}
{"ctxid":0,"pos":[-114.136002,468.343994,240.990005],"rotationMatrix":[0.341966093,-0.939671516,0,0.939671516,0.341966093,0,0,0,1],"scale":1.43009996,"type":"palm_short"}
{"ctxid":0,"pos":[-115.700996,429.178009,254.218994],"rotationMatrix":[-0.841664195,0.539870977,0,-0.539870977,-0.841664195,0,0,0,1],"scale":1.3836,"type":"palm_short"}
{"ctxid":0,"pos":[-105.168999,416.584991,255.673004],"rotationMatrix":[0.769615293,-0.638479233,0,0.638479233,0.769615293,0,0,0,1],"scale":1.00209999,"type":"palm_short"}
{"ctxid":0,"pos":[-80.6561966,368.041992,284.347992],"rotationMatrix":[-0.0693068504,-0.997649252,0,0.997649252,-0.0693068504,0,0,0,1],"scale":1.35570002,"type":"palm_short"}
{"ctxid":0,"pos":[-79.6604996,366.875,284.588013],"rotationMatrix":[0.873394847,-0.486996979,0,0.486996979,0.873394847,0,0,0,1],"scale":1.01639998,"type":"palm_short"}
{"ctxid":0,"pos":[-125.390999,444.75,244.634003],"rotationMatrix":[-0.825196028,0.564773321,0,-0.564773321,-0.825196028,0,0,0,1],"scale":1.02890003,"type":"palm_short"}
{"ctxid":0,"pos":[-135.201004,447.459991,246.270996],"rotationMatrix":[0.31133157,-0.950263917,0,0.950263917,0.31133157,0,0,0,1],"scale":1.16589999,"type":"palm_short"}
{"ctxid":0,"pos":[-82.7751999,174.412994,241.873993],"rotationMatrix":[0.348146319,0.937417805,0,-0.937417805,0.348146319,0,0,0,1],"scale":1.08580005,"type":"palm_short"}
{"ctxid":0,"pos":[-65.2096024,183.350006,245.595993],"rotationMatrix":[0.247726142,0.968768716,0,-0.968768716,0.247726142,0,0,0,1],"scale":1.32159996,"type":"palm_short"}
{"ctxid":0,"pos":[-451.686005,492.048004,165.626999],"rotationMatrix":[-0.202490211,-0.979330182,0,0.979330182,-0.202490211,0,0,0,1],"scale":1.26300001,"type":"palm_short"}
{"ctxid":0,"pos":[-443.748993,478.138,163.570007],"rotationMatrix":[-0.490228534,-0.871486783,0,0.871486783,-0.490228534,0,0,0,1],"scale":1.1825,"type":"palm_short"}
{"ctxid":0,"pos":[-447.661987,483.147003,165.179993],"rotationMatrix":[-0.484709024,0.874523997,0,-0.874523997,-0.484709024,0,0,0,1],"scale":1.49510002,"type":"palm_short"}
{"ctxid":0,"pos":[-433.230988,94.9978027,139.270004],"rotationMatrix":[-0.0503801107,-0.998781562,0,0.998781562,-0.0503801107,0,0,0,1],"scale":1.0043,"type":"palm_short"}
{"ctxid":0,"pos":[-433.552002,81.0503006,137.639999],"rotationMatrix":[0.4789837,0.877785921,0,-0.877785921,0.4789837,0,0,0,1],"scale":1.02250004,"type":"palm_short"}
{"ctxid":0,"pos":[-441.906006,80.740097,136.393005],"rotationMatrix":[-0.690960526,-0.723094821,0,0.723094821,-0.690960526,0,0,0,1],"scale":1.13999999,"type":"palm_short"}
{"ctxid":0,"pos":[-440.877991,75.3235016,137.348999],"rotationMatrix":[0.746955037,-0.664874434,0,0.664874434,0.746955037,0,0,0,1],"scale":1.12469995,"type":"palm_short"}
{"ctxid":0,"pos":[-479.506012,72.7080994,135.757996],"rotationMatrix":[-0.187032223,-0.982414067,0,0.982414067,-0.187032223,0,0,0,1],"scale":1.02540004,"type":"palm_short"}
{"ctxid":0,"pos":[-480.119995,65.7301025,138.279007],"rotationMatrix":[-0.0454579592,-0.999041438,0,0.999041438,-0.0454579592,0,0,0,1],"scale":1.1408,"type":"palm_short"}
{"ctxid":0,"pos":[-466.19101,62.2943993,135.686005],"rotationMatrix":[-0.179648042,0.983808041,0,-0.983808041,-0.179648042,0,0,0,1],"scale":1.13240004,"type":"palm_short"}
{"ctxid":0,"pos":[-532.653015,822.432007,129.957993],"rotationMatrix":[-0.702750564,0.711217165,0,-0.711217165,-0.702750564,0,0,0,1],"scale":1.21529996,"type":"palm_short"}
{"ctxid":0,"pos":[-534.870972,823.159973,129.201004],"rotationMatrix":[0.52077949,0.853687942,0,-0.853687942,0.52077949,0,0,0,1],"scale":1.43099999,"type":"palm_short"}
{"ctxid":0,"pos":[-568.028015,810.856018,129.901993],"rotationMatrix":[0.00595003366,-0.999971986,0,0.999971986,0.00595003366,0,0,0,1],"scale":1.18620002,"type":"palm_short"}
{"ctxid":0,"pos":[-617.190979,790.255005,135.886002],"rotationMatrix":[0.766892076,-0.641763687,0,0.641763687,0.766892076,0,0,0,1],"scale":1.07840002,"type":"palm_short"}
{"ctxid":0,"pos":[-523.356018,804.109985,129.707993],"rotationMatrix":[0.645012617,0.764153898,0,-0.764153898,0.645012617,0,0,0,1],"scale":1.41690004,"type":"palm_short"}
{"ctxid":0,"pos":[-745.463989,894.926025,128.813995],"rotationMatrix":[0.252380073,-0.967601657,0,0.967601657,0.252380073,0,0,0,1],"scale":1.21679997,"type":"palm_short"}
{"ctxid":0,"pos":[-738.510986,876.786987,131.110992],"rotationMatrix":[0.673891068,-0.738873243,0,0.738873243,0.673891068,0,0,0,1],"scale":1.41659999,"type":"palm_short"}
{"ctxid":0,"pos":[-636.71698,784.968994,138.201004],"rotationMatrix":[0.989974737,-0.141245991,0,0.141245991,0.989974737,0,0,0,1],"scale":1.12950003,"type":"palm_short"}
{"ctxid":0,"pos":[-626.833984,788.080994,136.585007],"rotationMatrix":[-0.130707264,-0.991455436,0,0.991455436,-0.130707264,0,0,0,1],"scale":1.34230006,"type":"palm_short"}
{"ctxid":0,"pos":[-674.940002,812.489014,129.576996],"rotationMatrix":[-0.895015121,0.445817202,0,-0.445817202,-0.895015121,0,0,0,1],"scale":1.19729996,"type":"palm_short"}
{"ctxid":0,"pos":[-688.39502,837.395996,126.945999],"rotationMatrix":[0.580105543,-0.814496338,0,0.814496338,0.580105543,0,0,0,1],"scale":1.08109999,"type":"palm_short"}
{"ctxid":0,"pos":[-694.817017,838.619995,127.745003],"rotationMatrix":[0.568850994,0.822461009,0,-0.822461009,0.568850994,0,0,0,1],"scale":1.19079995,"type":"palm_short"}
{"ctxid":0,"pos":[-739.211975,874.312012,132.975006],"rotationMatrix":[0.0406104326,-0.999144793,0,0.999144793,0.0406104326,0,0,0,1],"scale":1.2845,"type":"palm_short"}
{"ctxid":0,"pos":[-721.351013,767.117004,145.276001],"rotationMatrix":[-0.990810513,-0.136684895,0,0.136684895,-0.990810513,0,0,0,1],"scale":1.14230001,"type":"palm_short"}
{"ctxid":0,"pos":[-723.487,769.773987,147.772995],"rotationMatrix":[0.872790337,-0.48810789,0,0.48810789,0.872790337,0,0,0,1],"scale":1.41820002,"type":"palm_short"}
{"ctxid":0,"pos":[-524.388977,616.143005,164.255005],"rotationMatrix":[-0.944786549,0.327779651,0,-0.327779651,-0.944786549,0,0,0,1],"scale":1.05410004,"type":"palm_short"}
{"ctxid":0,"pos":[-673.033997,730.622986,144.132004],"rotationMatrix":[0.954819798,0.297173142,0,-0.297173142,0.954819798,0,0,0,1],"scale":1.23710001,"type":"palm_short"}
{"ctxid":0,"pos":[-687.002991,714.401978,137.350006],"rotationMatrix":[0.442643225,-0.896690965,0,0.896690965,0.442643225,0,0,0,1],"scale":1.13759995,"type":"palm_short"}
{"ctxid":0,"pos":[-673.153992,672.947998,134.682999],"rotationMatrix":[0.904253125,0.427010059,0,-0.427010059,0.904253125,0,0,0,1],"scale":1.38460004,"type":"palm_short"}
{"ctxid":0,"pos":[-671.987,667.442017,135.117996],"rotationMatrix":[0.651387513,-0.758764446,0,0.758764446,0.651387513,0,0,0,1],"scale":1.2349,"type":"palm_short"}
{"ctxid":0,"pos":[-675.094971,667.328003,132.181],"rotationMatrix":[-0.940055966,-0.340972364,0,0.340972364,-0.940055966,0,0,0,1],"scale":1.15680003,"type":"palm_short"}
{"ctxid":0,"pos":[-685.202026,661.750977,128.031998],"rotationMatrix":[-0.923152685,0.38478744,0,-0.38478744,-0.923152685,0,0,0,1],"scale":1.44939995,"type":"palm_short"}
{"ctxid":0,"pos":[-705.763977,712.517029,133.104004],"rotationMatrix":[0.774073601,-0.633077979,0,0.633077979,0.774073601,0,0,0,1],"scale":1.44439995,"type":"palm_short"}
{"ctxid":0,"pos":[-689.633972,718.888,136.414001],"rotationMatrix":[0.201657534,0.97941637,0,-0.97941637,0.201657534,0,0,0,1],"scale":1.13479996,"type":"palm_short"}
{"ctxid":0,"pos":[-699.346008,709.775024,133.723007],"rotationMatrix":[0.949565113,-0.313566476,0,0.313566476,0.949565113,0,0,0,1],"scale":1.39950001,"type":"palm_short"}
{"ctxid":0,"pos":[-692.700989,715.822021,136.067993],"rotationMatrix":[-0.942420363,-0.333887398,0,0.333887398,-0.942420363,0,0,0,1],"scale":1.06239998,"type":"palm_short"}
{"ctxid":0,"pos":[-678.117981,584.333984,128.460007],"rotationMatrix":[-0.198151946,0.980193555,0,-0.980193555,-0.198151946,0,0,0,1],"scale":1.33019996,"type":"palm_short"}
{"ctxid":0,"pos":[-669.541016,580.146973,131.852005],"rotationMatrix":[-0.919232368,0.394191027,0,-0.394191027,-0.919232368,0,0,0,1],"scale":1.39810002,"type":"palm_short"}
{"ctxid":0,"pos":[-674.627991,585.234009,129.348999],"rotationMatrix":[0.779817522,-0.62604028,0,0.62604028,0.779817522,0,0,0,1],"scale":1.11319995,"type":"palm_short"}
{"ctxid":0,"pos":[-673.289001,600.791992,127.591003],"rotationMatrix":[-0.643121958,-0.765908062,0,0.765908062,-0.643121958,0,0,0,1],"scale":1.48239994,"type":"palm_short"}
{"ctxid":0,"pos":[-673.645996,603.223999,127.913002],"rotationMatrix":[-0.851272941,0.524921775,0,-0.524921775,-0.851272941,0,0,0,1],"scale":1.34080005,"type":"palm_short"}
{"ctxid":0,"pos":[-670.244019,594.893005,129.212997],"rotationMatrix":[-0.767199993,0.641456008,0,-0.641456008,-0.767199993,0,0,0,1],"scale":1.32249999,"type":"palm_short"}
{"ctxid":0,"pos":[-664.973999,599.182983,133.005997],"rotationMatrix":[0.878771126,0.477234066,0,-0.477234066,0.878771126,0,0,0,1],"scale":1.40629995,"type":"palm_short"}
{"ctxid":0,"pos":[-679.606018,575.021973,131.156006],"rotationMatrix":[0.947317421,0.320282817,0,-0.320282817,0.947317421,0,0,0,1],"scale":1.12960005,"type":"palm_short"}
{"ctxid":0,"pos":[-697.150024,567.495972,129.988007],"rotationMatrix":[-0.964161992,0.265786201,0,-0.265786201,-0.964161992,0,0,0,1],"scale":1.1717,"type":"palm_short"}
{"ctxid":0,"pos":[-786.973022,940.861023,129.013],"rotationMatrix":[0.276876628,-0.960877419,0,0.960877419,0.276876628,0,0,0,1],"scale":1.3915,"type":"palm_short"}
{"ctxid":0,"pos":[-760.405029,915.937012,129.936996],"rotationMatrix":[-0.978458285,-0.205683276,0,0.205683276,-0.978458285,0,0,0,1],"scale":1.40279996,"type":"palm_short"}
{"ctxid":0,"pos":[-753.369995,894.216003,135.921005],"rotationMatrix":[0.163558185,0.986476243,0,-0.986476243,0.163558185,0,0,0,1],"scale":1.07430005,"type":"palm_short"}
{"ctxid":0,"pos":[-846.723999,958.622986,135.945007],"rotationMatrix":[0.434164822,0.900825858,0,-0.900825858,0.434164822,0,0,0,1],"scale":1.04999995,"type":"palm_short"}
{"ctxid":0,"pos":[-844.765015,960.583984,133.375],"rotationMatrix":[-0.686917067,0.726638079,0,-0.726638079,-0.686917067,0,0,0,1],"scale":1.48710001,"type":"palm_short"}
{"ctxid":0,"pos":[-844.038025,963.343994,129.636993],"rotationMatrix":[0.807427824,-0.589942336,0,0.589942336,0.807427824,0,0,0,1],"scale":1.255,"type":"palm_short"}
{"ctxid":0,"pos":[-840.677979,966.218018,127.124001],"rotationMatrix":[0.965362906,-0.260910183,0,0.260910183,0.965362906,0,0,0,1],"scale":1.24220002,"type":"palm_short"}
{"ctxid":0,"pos":[-829.72998,962.510986,129.113007],"rotationMatrix":[0.241088033,-0.970446408,0,0.970446408,0.241088033,0,0,0,1],"scale":1.37549996,"type":"palm_short"}
{"ctxid":0,"pos":[-753.30603,786.982971,155.673004],"rotationMatrix":[-0.936905503,-0.349355489,0,0.349355489,-0.936905503,0,0,0,1],"scale":1.49039996,"type":"palm_short"}
{"ctxid":0,"pos":[-791.359985,62.9406013,127.001999],"rotationMatrix":[-0.19135046,-0.981575251,0,0.981575251,-0.19135046,0,0,0,1],"scale":1.39820004,"type":"palm_short"}
{"ctxid":0,"pos":[-792.973999,64.8527985,126.935997],"rotationMatrix":[0.490555823,0.871415079,0,-0.871415079,0.490555823,0,0,0,1],"scale":1.10500002,"type":"palm_short"}
{"ctxid":0,"pos":[-769.598999,78.6722031,125.577003],"rotationMatrix":[-0.648927927,-0.760904014,0,0.760904014,-0.648927927,0,0,0,1],"scale":1.11240005,"type":"palm_short"}
{"ctxid":0,"pos":[-770.304993,85.1964035,124.998001],"rotationMatrix":[0.9996925,-0.0247975197,0,0.0247975197,0.9996925,0,0,0,1],"scale":1.26359999,"type":"palm_short"}
{"ctxid":0,"pos":[-779.491028,102.612999,126.056],"rotationMatrix":[-0.873660684,-0.486466557,0,0.486466557,-0.873660684,0,0,0,1],"scale":1.33790004,"type":"palm_short"}
{"ctxid":0,"pos":[-822.755005,150.841003,127.813004],"rotationMatrix":[0.891794503,0.452453524,0,-0.452453524,0.891794503,0,0,0,1],"scale":0.825299978,"type":"palm_short"}
{"ctxid":0,"pos":[-815.742981,119.863998,126.449997],"rotationMatrix":[0.289567947,-0.95717597,0,0.95717597,0.289567947,0,0,0,1],"scale":1.33210003,"type":"palm_short"}
{"ctxid":0,"pos":[-811.232971,115.469002,126.674004],"rotationMatrix":[-0.959803939,-0.280141681,0,0.280141681,-0.959803939,0,0,0,1],"scale":1.28419995,"type":"palm_short"}
{"ctxid":0,"pos":[-921.354858,9.68404198,128.790024],"rotationMatrix":[0.961358011,-0.275303394,0,0.275303394,0.961358011,0,0,0,1],"scale":1.21689999,"type":"palm_short"}
{"ctxid":0,"pos":[-919.864319,14.26126,125.024658],"rotationMatrix":[-0.115420461,-0.993244052,0,0.993244052,-0.115420461,0,0,0,1],"scale":1.46969998,"type":"palm_short"}
{"ctxid":0,"pos":[891.408997,-2.98539996,127.696999],"rotationMatrix":[0.9301368,0.367221117,0,-0.367221117,0.9301368,0,0,0,1],"scale":1.15639997,"type":"palm_short"}
{"ctxid":0,"pos":[930.953979,-90.8751984,126.460999],"rotationMatrix":[-0.978458285,0.206876799,0,-0.206876799,-0.978458285,0,0,0,1],"scale":1.03190005,"type":"palm_short"}
{"ctxid":0,"pos":[805.083984,-476.434998,178.524994],"rotationMatrix":[0.998978496,-0.0451864414,0,0.0451864414,0.998978496,0,0,0,1],"scale":1.26629996,"type":"palm_short"}
{"ctxid":0,"pos":[800.205994,-472.230988,178.809006],"rotationMatrix":[-0.196295142,-0.980516493,0,0.980516493,-0.196295142,0,0,0,1],"scale":1.08200002,"type":"palm_short"}
{"ctxid":0,"pos":[811.026978,-473.065002,177.798004],"rotationMatrix":[0.779286325,0.626662076,0,-0.626662076,0.779286325,0,0,0,1],"scale":1.02670002,"type":"palm_short"}
{"ctxid":0,"pos":[509.186005,-489.936005,131.966995],"rotationMatrix":[0.618760884,0.785618007,0,-0.785618007,0.618760884,0,0,0,1],"scale":1.08809996,"type":"palm_short"}
{"ctxid":0,"pos":[857.401978,-546.096985,166.977005],"rotationMatrix":[-0.0391051769,0.99931711,0,-0.99931711,-0.0391051769,0,0,0,1],"scale":1.43079996,"type":"palm_short"}
{"ctxid":0,"pos":[848.505981,-587.452026,162.248001],"rotationMatrix":[-0.999599934,0.0249975007,0,-0.0249975007,-0.999599934,0,0,0,1],"scale":1.38300002,"type":"palm_short"}
{"ctxid":0,"pos":[830.700012,-587.392029,161.871994],"rotationMatrix":[-0.552674413,0.8333444,0,-0.8333444,-0.552674413,0,0,0,1],"scale":1.04560006,"type":"palm_short"}
{"ctxid":0,"pos":[835.981018,-582.890991,162.110992],"rotationMatrix":[-0.257380843,0.966386497,0,-0.966386497,-0.257380843,0,0,0,1],"scale":1.45529997,"type":"palm_short"}
{"ctxid":0,"pos":[778.807983,-517.239014,186.039001],"rotationMatrix":[-0.997448921,0.070388265,7.28201121e-05,-0.0686457381,-0.972525597,-0.222131535,-0.0155651793,-0.221585527,0.975015819],"scale":1.12230003,"type":"palm_short"}
{"ctxid":0,"pos":[809.213989,-519.609009,186.923004],"rotationMatrix":[-0.222422361,-0.974904537,0,0.974904537,-0.222422361,0,0,0,1],"scale":1.18519998,"type":"palm_short"}
{"ctxid":0,"pos":[724.344971,-736.340027,134.300995],"rotationMatrix":[-0.278720379,0.960479558,0,-0.960479558,-0.278720379,0,0,0,1],"scale":1.0223,"type":"palm_short"}
{"ctxid":0,"pos":[709.059998,-730.088989,132.973999],"rotationMatrix":[0.997660697,0.0683589652,0,-0.0683589652,0.997660697,0,0,0,1],"scale":1.255,"type":"palm_short"}
{"ctxid":0,"pos":[672.008972,-731.625977,133.315994],"rotationMatrix":[0.0722055435,-0.997402906,0,0.997402906,0.0722055435,0,0,0,1],"scale":1.2687,"type":"palm_short"}
{"ctxid":0,"pos":[669.137024,-734.203979,132.589005],"rotationMatrix":[0.970280766,0.241971508,0,-0.241971508,0.970280766,0,0,0,1],"scale":1.26160002,"type":"palm_short"}
{"ctxid":0,"pos":[520.432007,-510.292999,129.087997],"rotationMatrix":[-0.911794543,0.410242915,0,-0.410242915,-0.911794543,0,0,0,1],"scale":1.24220002,"type":"palm_short"}
{"ctxid":0,"pos":[378.53299,-305.487,127.681999],"rotationMatrix":[-0.0396820307,-0.999306023,0,0.999306023,-0.0396820307,0,0,0,1],"scale":1.42949998,"type":"palm_short"}
{"ctxid":0,"pos":[385.312988,-302.360992,127.150002],"rotationMatrix":[-0.900080085,0.435495943,0,-0.435495943,-0.900080085,0,0,0,1],"scale":1.08210003,"type":"palm_short"}
{"ctxid":0,"pos":[381.987,-304.764008,127.752998],"rotationMatrix":[0.204687357,0.978817284,0,-0.978817284,0.204687357,0,0,0,1],"scale":1.33899999,"type":"palm_short"}
{"ctxid":0,"pos":[413.337006,-330.184998,126.983002],"rotationMatrix":[-0.617121339,-0.786800027,0,0.786800027,-0.617121339,0,0,0,1],"scale":1.16250002,"type":"palm_short"}
{"ctxid":0,"pos":[408.046997,-321.06601,126.981003],"rotationMatrix":[-0.604556918,-0.796635568,0,0.796635568,-0.604556918,0,0,0,1],"scale":1.45819998,"type":"palm_short"}
{"ctxid":0,"pos":[419.174011,-331.71701,127.447998],"rotationMatrix":[-0.427712083,0.90387404,0,-0.90387404,-0.427712083,0,0,0,1],"scale":1.14629996,"type":"palm_short"}
{"ctxid":0,"pos":[384.993988,-266.115997,127.360001],"rotationMatrix":[-0.499565601,0.866246283,0,-0.866246283,-0.499565601,0,0,0,1],"scale":1.34879994,"type":"palm_short"}
{"ctxid":0,"pos":[434.248993,-357.584015,126.857002],"rotationMatrix":[0.827363133,0.561686814,0,-0.561686814,0.827363133,0,0,0,1],"scale":1.03390002,"type":"palm_short"}
{"ctxid":0,"pos":[445.179993,-373.194,127.380997],"rotationMatrix":[-0.3605901,-0.932683885,0,0.932683885,-0.3605901,0,0,0,1],"scale":1.3872,"type":"palm_short"}
{"ctxid":0,"pos":[444.21701,-369.936005,127.791],"rotationMatrix":[0.872588456,-0.488444507,0,0.488444507,0.872588456,0,0,0,1],"scale":1.1609,"type":"palm_short"}
{"ctxid":0,"pos":[444.334015,-367.446991,128.505997],"rotationMatrix":[-0.907495141,0.419937998,0,-0.419937998,-0.907495141,0,0,0,1],"scale":1.08969998,"type":"palm_short"}
{"ctxid":0,"pos":[488.592987,-467.612,126.621002],"rotationMatrix":[0.046143353,-0.998883843,0,0.998883843,0.046143353,0,0,0,1],"scale":1.3994,"type":"palm_short"}
{"ctxid":0,"pos":[475.696014,-425.596008,127.716003],"rotationMatrix":[0.784175515,-0.620536506,0,0.620536506,0.784175515,0,0,0,1],"scale":1.20819998,"type":"palm_short"}
{"ctxid":0,"pos":[470.868011,-416.290009,128.625],"rotationMatrix":[0.907807827,0.41939497,0,-0.41939497,0.907807827,0,0,0,1],"scale":1.05050004,"type":"palm_short"}
{"ctxid":0,"pos":[469.574005,-416.411987,128.029007],"rotationMatrix":[-0.156416297,-0.98775959,0,0.98775959,-0.156416297,0,0,0,1],"scale":1.34529996,"type":"palm_short"}
{"ctxid":0,"pos":[471.65799,-412.692993,129.681],"rotationMatrix":[0.830754399,-0.556608081,0,0.556608081,0.830754399,0,0,0,1],"scale":1.46589994,"type":"palm_short"}
{"ctxid":0,"pos":[466.57901,-412.002991,128.087997],"rotationMatrix":[0.409867465,-0.912141502,0,0.912141502,0.409867465,0,0,0,1],"scale":1.34599996,"type":"palm_short"}
{"ctxid":0,"pos":[262.187988,-260.300995,133.507004],"rotationMatrix":[-0.786049962,0.618219018,0,-0.618219018,-0.786049962,0,0,0,1],"scale":1.17279994,"type":"palm_short"}
{"ctxid":0,"pos":[346.60199,-274.26001,126.980003],"rotationMatrix":[0.437351704,-0.899240136,0,0.899240136,0.437351704,0,0,0,1],"scale":1.11609995,"type":"palm_short"}
{"ctxid":0,"pos":[371.332001,-290.016998,126.983002],"rotationMatrix":[-0.848964453,-0.528248072,0,0.528248072,-0.848964453,0,0,0,1],"scale":1.44729996,"type":"palm_short"}
{"ctxid":0,"pos":[252.664001,-276.408997,131.470001],"rotationMatrix":[-0.822522283,0.56875062,0,-0.56875062,-0.822522283,0,0,0,1],"scale":1.46720004,"type":"palm_short"}
{"ctxid":0,"pos":[165.057999,-111.555,147.927002],"rotationMatrix":[0.699687481,0.714472473,0,-0.714472473,0.699687481,0,0,0,1],"scale":1.08570004,"type":"palm_short"}
{"ctxid":0,"pos":[162.389008,-122.498001,147.057999],"rotationMatrix":[0.863026202,-0.505185664,0,0.505185664,0.863026202,0,0,0,1],"scale":1.26520002,"type":"palm_short"}
{"ctxid":0,"pos":[168.251999,-98.5376968,149.085007],"rotationMatrix":[-0.367196441,0.930149972,0,-0.930149972,-0.367196441,0,0,0,1],"scale":1.45500004,"type":"palm_short"}
{"ctxid":0,"pos":[155.134003,-127.589996,146.054993],"rotationMatrix":[-0.574957371,-0.818182766,0,0.818182766,-0.574957371,0,0,0,1],"scale":1.09630001,"type":"palm_short"}
{"ctxid":0,"pos":[147.425003,-127.739998,143.934998],"rotationMatrix":[-0.35729301,-0.934024513,0,0.934024513,-0.35729301,0,0,0,1],"scale":1.25230002,"type":"palm_short"}
{"ctxid":0,"pos":[71.069603,-78.7988968,132.050446],"rotationMatrix":[-0.966541052,0.256427765,0,-0.256427765,-0.966541052,0,0,0,1],"scale":1.10230005,"type":"palm_short"}
{"ctxid":0,"pos":[16.6231995,-30.5414009,144.209],"rotationMatrix":[0.847758353,0.530390143,0,-0.530390143,0.847758353,0,0,0,1],"scale":1.05069995,"type":"palm_short"}
{"ctxid":0,"pos":[30.9771004,-41.8462982,137.436508],"rotationMatrix":[0.387718141,-0.921797872,0,0.921797872,0.387718141,0,0,0,1],"scale":1.16980004,"type":"palm_short"}
{"ctxid":0,"pos":[21.2383003,-48.3195,138.960007],"rotationMatrix":[-0.808421731,0.588416934,0,-0.588416934,-0.808421731,0,0,0,1],"scale":1.06110001,"type":"palm_short"}
{"ctxid":0,"pos":[6.80770016,-58.3207016,145.223007],"rotationMatrix":[-0.58526814,-0.810707152,0,0.810707152,-0.58526814,0,0,0,1],"scale":1.01429999,"type":"palm_short"}
{"ctxid":0,"pos":[57.7044983,-59.5295982,132.194412],"rotationMatrix":[0.780878007,0.624663174,0,-0.624663174,0.780878007,0,0,0,1],"scale":1.07920003,"type":"palm_short"}
{"ctxid":0,"pos":[61.1856003,-55.0098991,132.252838],"rotationMatrix":[0.971247971,0.238073438,0,-0.238073438,0.971247971,0,0,0,1],"scale":1.14470005,"type":"palm_short"}
{"ctxid":0,"pos":[14.6589003,-115.471001,132.154739],"rotationMatrix":[0.198368847,-0.980165362,0,0.980165362,0.198368847,0,0,0,1],"scale":1.01750004,"type":"palm_short"}
{"ctxid":0,"pos":[0.734600008,-66.4570007,146.813995],"rotationMatrix":[-0.464787245,-0.885410666,0,0.885410666,-0.464787245,0,0,0,1],"scale":1.38680005,"type":"palm_short"}
{"ctxid":0,"pos":[51.486599,-67.8554001,131.796585],"rotationMatrix":[-0.626847148,-0.779241621,0,0.779241621,-0.626847148,0,0,0,1],"scale":0.875,"type":"palm_short"}
{"ctxid":0,"pos":[58.946701,-91.5018997,131.887833],"rotationMatrix":[-0.133415699,0.991136432,0,-0.991136432,-0.133415699,0,0,0,1],"scale":1.38320005,"type":"palm_short"}
{"ctxid":0,"pos":[48.7342987,-104.158997,131.68158],"rotationMatrix":[0.579188585,-0.81520164,0,0.81520164,0.579188585,0,0,0,1],"scale":1.34010005,"type":"palm_short"}
{"ctxid":0,"pos":[34.5741997,-98.6727982,131.485199],"rotationMatrix":[-0.905542493,0.424213082,0,-0.424213082,-0.905542493,0,0,0,1],"scale":1.49979997,"type":"palm_short"}
{"ctxid":0,"pos":[18.7506008,-149.684006,132.113297],"rotationMatrix":[0.268433928,-0.963325441,0,0.963325441,0.268433928,0,0,0,1],"scale":1.19500005,"type":"palm_short"}
{"ctxid":0,"pos":[12.1078997,-144.292999,131.015869],"rotationMatrix":[-0.412208319,0.9110533,0,-0.9110533,-0.412208319,0,0,0,1],"scale":1.19400001,"type":"palm_short"}
{"ctxid":0,"pos":[13.0560999,-144.098999,131.084335],"rotationMatrix":[-0.933757663,-0.358314514,0,0.358314514,-0.933757663,0,0,0,1],"scale":1.43009996,"type":"palm_short"}
{"ctxid":0,"pos":[11.2557001,-151.253998,131.488968],"rotationMatrix":[0.421972513,-0.906608641,0,0.906608641,0.421972513,0,0,0,1],"scale":1.44819999,"type":"palm_short"}
{"ctxid":0,"pos":[29.7985992,-126.357002,131.098251],"rotationMatrix":[0.560640633,0.828005433,0,-0.828005433,0.560640633,0,0,0,1],"scale":1.44120002,"type":"palm_short"}
{"ctxid":0,"pos":[246.940002,-277.298004,132.117996],"rotationMatrix":[-0.914141655,0.40560317,0,-0.40560317,-0.914141655,0,0,0,1],"scale":1.13670003,"type":"palm_short"}
{"ctxid":0,"pos":[225.319,-272.106995,136.597],"rotationMatrix":[-0.936905503,0.349945962,0,-0.349945962,-0.936905503,0,0,0,1],"scale":1.47440004,"type":"palm_short"}
{"ctxid":0,"pos":[234.675995,-288.70401,132.389999],"rotationMatrix":[0.999373436,0.0353929214,0,-0.0353929214,0.999373436,0,0,0,1],"scale":1.09739995,"type":"palm_short"}
{"ctxid":0,"pos":[234.826996,-290.502014,130.944],"rotationMatrix":[-0.618560433,-0.785890579,0,0.785890579,-0.618560433,0,0,0,1],"scale":1.04719996,"type":"palm_short"}
{"ctxid":0,"pos":[233.964005,-289.875,131.979996],"rotationMatrix":[0.990171969,-0.139849499,0,0.139849499,0.990171969,0,0,0,1],"scale":1.23650002,"type":"palm_short"}
{"ctxid":0,"pos":[239.589005,-283.092987,132.350006],"rotationMatrix":[-0.0477728844,-0.998844028,0,0.998844028,-0.0477728844,0,0,0,1],"scale":1.32029998,"type":"palm_short"}
