{"ctxid":0,"pos":[-10.1037998,-35.1974983,146.602005],"rotationMatrix":[0.999827027,0.0186000001,0,-0.0186000001,0.999827027,0,0,0,1],"scale":1.27310002,"type":"palm_medium"}
{"ctxid":0,"pos":[-16.4874001,-44.9950981,148.360992],"rotationMatrix":[-0.735756993,0.67708689,0,-0.67708689,-0.735756993,0,0,0,1],"scale":1.00909996,"type":"palm_medium"}
{"ctxid":0,"pos":[-12.6861,-45.8778,147.880997],"rotationMatrix":[0.0278243423,-0.999645352,0,0.999645352,0.0278243423,0,0,0,1],"scale":1.21790004,"type":"palm_medium"}
{"ctxid":0,"pos":[-11.1046,-55.7613983,149.669006],"rotationMatrix":[-0.897741556,-0.440293193,0,0.440293193,-0.897741556,0,0,0,1],"scale":1.46159995,"type":"palm_medium"}
{"ctxid":0,"pos":[-13.3718004,-59.6721001,151.548004],"rotationMatrix":[0.965468049,0.260513633,0,-0.260513633,0.965468049,0,0,0,1],"scale":1.49960005,"type":"palm_medium"}
{"ctxid":0,"pos":[-19.2590008,-67.5814972,155.942001],"rotationMatrix":[-0.572473645,-0.820020139,0,0.820020139,-0.572473645,0,0,0,1],"scale":0.939800024,"type":"palm_medium"}
{"ctxid":0,"pos":[-47.2845001,-107.657997,158.776001],"rotationMatrix":[0.428619504,-0.903518796,0,0.903518796,0.428619504,0,0,0,1],"scale":0.93629998,"type":"palm_medium"}
{"ctxid":0,"pos":[-42.5615005,-103.428001,159.466003],"rotationMatrix":[0.704011798,0.710156202,0,-0.710156202,0.704011798,0,0,0,1],"scale":1.05649996,"type":"palm_medium"}
{"ctxid":0,"pos":[-44.1847,-97.1835022,160.487],"rotationMatrix":[-0.162812471,-0.986675024,0,0.986675024,-0.162812471,0,0,0,1],"scale":1.00600004,"type":"palm_medium"}
{"ctxid":0,"pos":[-62.3366013,-90.9814987,161.830994],"rotationMatrix":[-0.327798128,0.944679141,0,-0.944679141,-0.327798128,0,0,0,1],"scale":1.40869999,"type":"palm_medium"}
{"ctxid":0,"pos":[-54.8806992,-98.9605026,160.393005],"rotationMatrix":[0.765387535,-0.643557489,0,0.643557489,0.765387535,0,0,0,1],"scale":1.22619998,"type":"palm_medium"}
{"ctxid":0,"pos":[-61.2783012,-84.743103,164.130997],"rotationMatrix":[-0.911403418,0.411569595,0,-0.411569595,-0.911403418,0,0,0,1],"scale":0.981100023,"type":"palm_medium"}
{"ctxid":0,"pos":[-62.0022011,-72.4516983,168.723999],"rotationMatrix":[-0.978060484,0.2076516,0,-0.2076516,-0.978060484,0,0,0,1],"scale":0.914600015,"type":"palm_medium"}
{"ctxid":0,"pos":[-10.3305998,-172.966995,132.287796],"rotationMatrix":[0.145614147,0.989288926,0,-0.989288926,0.145614147,0,0,0,1],"scale":1.12259996,"type":"palm_medium"}
{"ctxid":0,"pos":[-72.6489029,-152.615997,132.640503],"rotationMatrix":[-0.770209312,-0.637674272,0,0.637674272,-0.770209312,0,0,0,1],"scale":1.3312,"type":"palm_medium"}
{"ctxid":0,"pos":[-62.5376015,-151.570007,132.138779],"rotationMatrix":[0.999855518,0.0170000009,0,-0.0170000009,0.999855518,0,0,0,1],"scale":1.43620002,"type":"palm_medium"}
{"ctxid":0,"pos":[-88.4121017,-177.283005,131.15303],"rotationMatrix":[-0.113927364,0.993474543,0,-0.993474543,-0.113927364,0,0,0,1],"scale":1.0898,"type":"palm_medium"}
{"ctxid":0,"pos":[-90.0427017,-175.449997,131.9384],"rotationMatrix":[-0.346440554,-0.937995672,0,0.937995672,-0.346440554,0,0,0,1],"scale":1.40840006,"type":"palm_medium"}
{"ctxid":0,"pos":[-87.718399,-175.345993,131.570923],"rotationMatrix":[-0.997600794,-0.0701578856,0,0.0701578856,-0.997600794,0,0,0,1],"scale":1.09739995,"type":"palm_medium"}
{"ctxid":0,"pos":[-214.164993,-117.764,145.141998],"rotationMatrix":[-0.648927927,-0.760722399,0,0.760722399,-0.648927927,0,0,0,1],"scale":0.949000001,"type":"palm_medium"}
{"ctxid":0,"pos":[-213.115997,-90.1660004,149.731003],"rotationMatrix":[0.680959284,-0.732339859,0,0.732339859,0.680959284,0,0,0,1],"scale":1.15219998,"type":"palm_medium"}
{"ctxid":0,"pos":[-213.800003,-91.4250031,149.384995],"rotationMatrix":[-0.229939342,0.973192275,0,-0.973192275,-0.229939342,0,0,0,1],"scale":0.984200001,"type":"palm_medium"}
{"ctxid":0,"pos":[-135.975998,-248.460007,132.060547],"rotationMatrix":[0.764839172,0.644240558,0,-0.644240558,0.764839172,0,0,0,1],"scale":1.06700003,"type":"palm_medium"}
{"ctxid":0,"pos":[-219.699997,-125.466003,146.490005],"rotationMatrix":[-0.78151679,0.624040544,0,-0.624040544,-0.78151679,0,0,0,1],"scale":1.10210001,"type":"palm_medium"}
{"ctxid":0,"pos":[-59.2078018,-343.47699,136.162643],"rotationMatrix":[-0.997600794,0.0711572766,0,-0.0711572766,-0.997600794,0,0,0,1],"scale":1.11409998,"type":"palm_medium"}
{"ctxid":0,"pos":[-41.6189003,-352.515015,134.2966],"rotationMatrix":[-0.256429434,-0.966496468,0,0.966496468,-0.256429434,0,0,0,1],"scale":0.975000024,"type":"palm_medium"}
{"ctxid":0,"pos":[-59.4791985,-346.309998,135.299316],"rotationMatrix":[-0.692064047,0.721859038,0,-0.721859038,-0.692064047,0,0,0,1],"scale":1.22860003,"type":"palm_medium"}
{"ctxid":0,"pos":[-62.1534004,-339.941986,136.086807],"rotationMatrix":[-0.940055966,0.340578437,0,-0.340578437,-0.940055966,0,0,0,1],"scale":1.45650005,"type":"palm_medium"}
{"ctxid":0,"pos":[-31.405899,-356.619995,134.682892],"rotationMatrix":[0.721443534,-0.69250989,0,0.69250989,0.721443534,0,0,0,1],"scale":1.13429999,"type":"palm_medium"}
{"ctxid":0,"pos":[-23.9612007,-357.535004,135.958771],"rotationMatrix":[0.140377223,0.990087152,0,-0.990087152,0.140377223,0,0,0,1],"scale":1.11290002,"type":"palm_medium"}
{"ctxid":0,"pos":[-9.78320026,-364.859009,132.797226],"rotationMatrix":[0.984335482,-0.176309705,0,0.176309705,0.984335482,0,0,0,1],"scale":1.39549994,"type":"palm_medium"}
{"ctxid":0,"pos":[-113.360001,-285.354004,131.969971],"rotationMatrix":[-0.854352713,-0.519773424,0,0.519773424,-0.854352713,0,0,0,1],"scale":0.976100028,"type":"palm_medium"}
{"ctxid":0,"pos":[-114.679001,-285.783997,131.974136],"rotationMatrix":[-0.988416791,0.150960937,0,-0.150960937,-0.988416791,0,0,0,1],"scale":1.36099994,"type":"palm_medium"}
{"ctxid":0,"pos":[-117.142998,-286.251007,132.30545],"rotationMatrix":[0.835262001,0.549834609,0,-0.549834609,0.835262001,0,0,0,1],"scale":1.01979995,"type":"palm_medium"}
{"ctxid":0,"pos":[-57.6197014,-377.385986,132.430511],"rotationMatrix":[-0.984828949,0.173139572,0,-0.173139572,-0.984828949,0,0,0,1],"scale":0.910099983,"type":"palm_medium"}
{"ctxid":0,"pos":[-58.6267014,-388.397003,132.787567],"rotationMatrix":[-0.0178791285,-0.999901474,0,0.999901474,-0.0178791285,0,0,0,1],"scale":1.28120005,"type":"palm_medium"}
{"ctxid":0,"pos":[-174.386993,-267.269989,132.865631],"rotationMatrix":[0.869541645,-0.493841439,0,0.493841439,0.869541645,0,0,0,1],"scale":1.09130001,"type":"palm_medium"}
{"ctxid":0,"pos":[-160.473007,-281.184998,133.210434],"rotationMatrix":[0.918795526,-0.394738495,0,0.394738495,0.918795526,0,0,0,1],"scale":0.983900011,"type":"palm_medium"}
{"ctxid":0,"pos":[-158.692993,-283.665985,133.038513],"rotationMatrix":[-0.990411639,-0.138666406,0,0.138666406,-0.990411639,0,0,0,1],"scale":1.41069996,"type":"palm_medium"}
{"ctxid":0,"pos":[-144.438004,-298.221985,132.41008],"rotationMatrix":[-0.235277653,-0.972001076,0,0.972001076,-0.235277653,0,0,0,1],"scale":1.38269997,"type":"palm_medium"}
{"ctxid":0,"pos":[-127.394997,-274.298004,132.320251],"rotationMatrix":[-0.856664538,-0.515857875,0,0.515857875,-0.856664538,0,0,0,1],"scale":0.946699977,"type":"palm_medium"}
{"ctxid":0,"pos":[-136.533005,-267.971985,132.7827],"rotationMatrix":[0.306393504,0.951898038,0,-0.951898038,0.306393504,0,0,0,1],"scale":0.954900026,"type":"palm_medium"}
{"ctxid":0,"pos":[-126.267998,-268.417999,131.85582],"rotationMatrix":[-0.763442039,0.646032035,0,-0.646032035,-0.763442039,0,0,0,1],"scale":1.35720003,"type":"palm_medium"}
{"ctxid":0,"pos":[-140.574997,-251.307999,132.342407],"rotationMatrix":[-0.811465621,0.584153414,0,-0.584153414,-0.811465621,0,0,0,1],"scale":1.49489999,"type":"palm_medium"}
{"ctxid":0,"pos":[-280.742004,-53.8083,174.199005],"rotationMatrix":[-0.566804051,0.823851109,0,-0.823851109,-0.566804051,0,0,0,1],"scale":1.08519995,"type":"palm_medium"}
{"ctxid":0,"pos":[-282.033997,-51.5957985,174.606995],"rotationMatrix":[0.743098855,0.669204473,0,-0.669204473,0.743098855,0,0,0,1],"scale":1.19050002,"type":"palm_medium"}
{"ctxid":0,"pos":[-293.451996,-43.3572998,174.917999],"rotationMatrix":[0.908322394,0.41826579,0,-0.41826579,0.908322394,0,0,0,1],"scale":1.3549,"type":"palm_medium"}
{"ctxid":0,"pos":[-285.140015,-34.3400002,178.080994],"rotationMatrix":[-0.862064123,0.507151484,0,-0.507151484,-0.862064123,0,0,0,1],"scale":1.09070003,"type":"palm_medium"}
{"ctxid":0,"pos":[-257.834015,-35.1323013,179.559006],"rotationMatrix":[-0.964558482,0.264029056,0,-0.264029056,-0.964558482,0,0,0,1],"scale":1.02310002,"type":"palm_medium"}
{"ctxid":0,"pos":[-261.662994,-39.7873993,178.755005],"rotationMatrix":[0.751910329,0.659247935,0,-0.659247935,0.751910329,0,0,0,1],"scale":1.21759999,"type":"palm_medium"}
{"ctxid":0,"pos":[-344.263,-69.8600998,169.352005],"rotationMatrix":[-0.532300115,-0.846590161,0,0.846590161,-0.532300115,0,0,0,1],"scale":0.967199981,"type":"palm_medium"}
{"ctxid":0,"pos":[-342.084991,-68.2789001,169.684006],"rotationMatrix":[-0.258649707,0.965922058,0,-0.965922058,-0.258649707,0,0,0,1],"scale":1.49310005,"type":"palm_medium"}
{"ctxid":0,"pos":[-368.274994,-75.1134033,165.610992],"rotationMatrix":[-0.698324561,-0.716005504,0,0.716005504,-0.698324561,0,0,0,1],"scale":1.2457,"type":"palm_medium"}
{"ctxid":0,"pos":[-269.593994,-209.873993,133.178146],"rotationMatrix":[-0.668233752,0.743791521,0,-0.743791521,-0.668233752,0,0,0,1],"scale":1.37300003,"type":"palm_medium"}
{"ctxid":0,"pos":[-265.687012,-216.097,132.724518],"rotationMatrix":[0.0364503264,0.999365211,0,-0.999365211,0.0364503264,0,0,0,1],"scale":1.23759997,"type":"palm_medium"}
{"ctxid":0,"pos":[-256.567993,-219.042999,132.33194],"rotationMatrix":[0.427549958,0.903936028,0,-0.903936028,0.427549958,0,0,0,1],"scale":1.01849997,"type":"palm_medium"}
{"ctxid":0,"pos":[-262.389008,-187.742996,141.458588],"rotationMatrix":[-0.986423016,0.165036961,0,-0.165036961,-0.986423016,0,0,0,1],"scale":1.04929996,"type":"palm_medium"}
{"ctxid":0,"pos":[-260.89801,-188.585007,141.03064],"rotationMatrix":[0.34997195,-0.93678838,0,0.93678838,0.34997195,0,0,0,1],"scale":1.13909996,"type":"palm_medium"}
{"ctxid":0,"pos":[-484.066986,-201.201004,135.222],"rotationMatrix":[0.557447672,0.830161929,0,-0.830161929,0.557447672,0,0,0,1],"scale":1.4533,"type":"palm_medium"}
{"ctxid":0,"pos":[-278.247986,-297.515991,132.539978],"rotationMatrix":[-0.182414293,0.983269274,0,-0.983269274,-0.182414293,0,0,0,1],"scale":1.03779995,"type":"palm_medium"}
{"ctxid":0,"pos":[-269.441986,-284.651001,132.549484],"rotationMatrix":[0.437987983,0.898943543,0,-0.898943543,0.437987983,0,0,0,1],"scale":1.22189999,"type":"palm_medium"}
{"ctxid":0,"pos":[-294.334015,-307.212006,132.404694],"rotationMatrix":[-0.874822617,0.484487295,0,-0.484487295,-0.874822617,0,0,0,1],"scale":1.26890004,"type":"palm_medium"}
{"ctxid":0,"pos":[-298.904999,-307.678009,132.473755],"rotationMatrix":[-0.866698384,-0.498507559,0,0.498507559,-0.866698384,0,0,0,1],"scale":1.31200004,"type":"palm_medium"}
{"ctxid":0,"pos":[-275.093994,-281.483002,132.625687],"rotationMatrix":[-0.999599934,-0.0203979611,0,0.0203979611,-0.999599934,0,0,0,1],"scale":1.38020003,"type":"palm_medium"}
{"ctxid":0,"pos":[-275.677002,-342.54599,131.713608],"rotationMatrix":[-0.356963396,-0.934075773,0,0.934075773,-0.356963396,0,0,0,1],"scale":1.05429995,"type":"palm_medium"}
{"ctxid":0,"pos":[-286.804993,-334.463989,132.562332],"rotationMatrix":[-0.374813676,0.927099586,0,-0.927099586,-0.374813676,0,0,0,1],"scale":1.30379999,"type":"palm_medium"}
{"ctxid":0,"pos":[-283.436005,-322.692993,132.492462],"rotationMatrix":[-0.92080009,0.38964799,0,-0.38964799,-0.92080009,0,0,0,1],"scale":1.13049996,"type":"palm_medium"}
{"ctxid":0,"pos":[-293.054993,-353.634003,133.728271],"rotationMatrix":[-0.986821771,-0.162860766,0,0.162860766,-0.986821771,0,0,0,1],"scale":0.939999998,"type":"palm_medium"}
{"ctxid":0,"pos":[-291.446991,-355.063995,132.585541],"rotationMatrix":[-0.424959898,0.904145598,0.0447648019,-0.905052781,-0.42538631,1.0188669e-06,0.0190415997,-0.0405130163,0.998997569],"scale":1.33010006,"type":"palm_medium"}
{"ctxid":0,"pos":[-330.674988,-253.871994,132.712006],"rotationMatrix":[0.923637688,0.383257568,0,-0.383257568,0.923637688,0,0,0,1],"scale":1.43099999,"type":"palm_medium"}
{"ctxid":0,"pos":[-448.477325,-317.153198,136.272003],"rotationMatrix":[0.436077952,0.899938822,0,-0.899938822,0.436077952,0,0,0,1],"scale":0.981299996,"type":"palm_medium"}
{"ctxid":0,"pos":[-444.161011,-328.298004,135.070999],"rotationMatrix":[0.916849613,0.399236172,0,-0.399236172,0.916849613,0,0,0,1],"scale":1.01769996,"type":"palm_medium"}
{"ctxid":0,"pos":[-438.553009,-335.015015,134.138],"rotationMatrix":[0.404641271,-0.914425611,0,0.914425611,0.404641271,0,0,0,1],"scale":1.16859996,"type":"palm_medium"}
{"ctxid":0,"pos":[-434.243988,-339.080994,133.485001],"rotationMatrix":[-0.717175007,0.696988523,0,-0.696988523,-0.717175007,0,0,0,1],"scale":1.22870004,"type":"palm_medium"}
{"ctxid":0,"pos":[-242.546005,-636.356018,150.766006],"rotationMatrix":[-0.443640351,-0.896158099,0,0.896158099,-0.443640351,0,0,0,1],"scale":1.27649999,"type":"palm_medium"}
{"ctxid":0,"pos":[-243.664993,-630.10498,150.996994],"rotationMatrix":[-0.811085224,0.584663093,0,-0.584663093,-0.811085224,0,0,0,1],"scale":1.12109995,"type":"palm_medium"}
{"ctxid":0,"pos":[-239.666,-646.276978,150.231003],"rotationMatrix":[0.764878809,0.632750034,-0.120930895,-0.637423992,0.770536304,3.61986458e-05,0.0932067037,0.0770505965,0.992661476],"scale":1.17040002,"type":"palm_medium"}
{"ctxid":0,"pos":[-239.139999,-650.861023,150.117004],"rotationMatrix":[-0.850503206,0.526159286,0,-0.526159286,-0.850503206,0,0,0,1],"scale":1.0079,"type":"palm_medium"}
{"ctxid":0,"pos":[-229.436005,-642.414978,149.360001],"rotationMatrix":[0.267223775,-0.96363759,0,0.96363759,0.267223775,0,0,0,1],"scale":1.26769996,"type":"palm_medium"}
{"ctxid":0,"pos":[-238.535004,-656.942993,150.242996],"rotationMatrix":[0.946470082,-0.322782815,0,0.322782815,0.946470082,0,0,0,1],"scale":1.31550002,"type":"palm_medium"}
{"ctxid":0,"pos":[-279.470001,-578.953979,153.343994],"rotationMatrix":[-0.811846495,-0.583834112,0,0.583834112,-0.811846495,0,0,0,1],"scale":1.02100003,"type":"palm_medium"}
{"ctxid":0,"pos":[-279.444,-595.513977,153.246994],"rotationMatrix":[0.523321509,0.852104247,0,-0.852104247,0.523321509,0,0,0,1],"scale":1.19550002,"type":"palm_medium"}
{"ctxid":0,"pos":[-277.700989,-596.630981,154.343994],"rotationMatrix":[-0.570700884,-0.82133019,0,0.82133019,-0.570700884,0,0,0,1],"scale":1.00779998,"type":"palm_medium"}
{"ctxid":0,"pos":[-328.52301,-601.927979,154.380005],"rotationMatrix":[0.0258712173,0.999671936,0,-0.999671936,0.0258712173,0,0,0,1],"scale":1.47539997,"type":"palm_medium"}
{"ctxid":0,"pos":[-333.363007,-606.544983,153.514008],"rotationMatrix":[-0.907495141,-0.419937998,0,0.419937998,-0.907495141,0,0,0,1],"scale":1.11979997,"type":"palm_medium"}
{"ctxid":0,"pos":[-332.179993,-606.481995,153.462006],"rotationMatrix":[0.238622069,-0.971034527,0,0.971034527,0.238622069,0,0,0,1],"scale":1.31089997,"type":"palm_medium"}
{"ctxid":0,"pos":[-332.895996,-612.700012,153.514999],"rotationMatrix":[-0.44024384,0.897988498,0,-0.897988498,-0.44024384,0,0,0,1],"scale":1.43669999,"type":"palm_medium"}
{"ctxid":0,"pos":[-336.713989,-609.786987,152.649994],"rotationMatrix":[-0.137635231,-0.990566254,0,0.990566254,-0.137635231,0,0,0,1],"scale":1.47679996,"type":"palm_medium"}
{"ctxid":0,"pos":[-303.760986,-634.244019,172.876007],"rotationMatrix":[-0.977265,-0.212382481,0,0.212382481,-0.977265,0,0,0,1],"scale":1.37549996,"type":"palm_medium"}
{"ctxid":0,"pos":[-250.074997,-679.301025,166.186005],"rotationMatrix":[0.952875495,0.303346723,0,-0.303346723,0.952875495,0,0,0,1],"scale":1.44550002,"type":"palm_medium"}
{"ctxid":0,"pos":[-252.464996,-653.083984,166.274994],"rotationMatrix":[-0.876371861,0.481587917,0,-0.481587917,-0.876371861,0,0,0,1],"scale":0.952400029,"type":"palm_medium"}
{"ctxid":0,"pos":[-293.785004,-693.172974,177.026993],"rotationMatrix":[-0.742097855,-0.670109391,0,0.670109391,-0.742097855,0,0,0,1],"scale":0.952499986,"type":"palm_medium"}
{"ctxid":0,"pos":[-296.242004,-732.731018,181.459],"rotationMatrix":[-0.588831425,0.808052599,0,-0.808052599,-0.588831425,0,0,0,1],"scale":1.42369998,"type":"palm_medium"}
{"ctxid":0,"pos":[-292.428162,-716.515869,175.586685],"rotationMatrix":[-0.965351343,0.260910183,0,-0.260910183,-0.965351343,0,0,0,1],"scale":1.49070001,"type":"palm_medium"}
{"ctxid":0,"pos":[-250.832001,-708.606018,164.311996],"rotationMatrix":[-0.249464393,0.968398154,0,-0.968398154,-0.249464393,0,0,0,1],"scale":1.11210001,"type":"palm_medium"}
{"ctxid":0,"pos":[-268.347992,-739.098999,165.026993],"rotationMatrix":[0.578638017,0.815551221,0,-0.815551221,0.578638017,0,0,0,1],"scale":1.31029999,"type":"palm_medium"}
{"ctxid":0,"pos":[-334.696014,-636.742004,153.755005],"rotationMatrix":[-0.848964453,0.528440416,0,-0.528440416,-0.848964453,0,0,0,1],"scale":1.30079997,"type":"palm_medium"}
{"ctxid":0,"pos":[-344.084015,-626.822998,149.817993],"rotationMatrix":[-0.637688041,0.770431876,0,-0.770431876,-0.637688041,0,0,0,1],"scale":1.12779999,"type":"palm_medium"}
{"ctxid":0,"pos":[-323.763,-642.796021,154.065994],"rotationMatrix":[-0.886458874,0.462485462,0,-0.462485462,-0.886458874,0,0,0,1],"scale":1.11179996,"type":"palm_medium"}
{"ctxid":0,"pos":[-513.132019,-168.746994,135.119995],"rotationMatrix":[0.939169288,-0.343463361,0,0.343463361,0.939169288,0,0,0,1],"scale":1.08000004,"type":"palm_medium"}
{"ctxid":0,"pos":[-524.685974,-134.751007,161.180374],"rotationMatrix":[0.974371493,0.224951044,0,-0.224951044,0.974371493,0,0,0,1],"scale":0.973800004,"type":"palm_medium"}
{"ctxid":0,"pos":[-504.601013,-197.964005,135.425003],"rotationMatrix":[0.97023201,-0.242170006,0,0.242170006,0.97023201,0,0,0,1],"scale":1.31789994,"type":"palm_medium"}
{"ctxid":0,"pos":[-657.299011,-175.914993,143.306],"rotationMatrix":[0.823938251,-0.566697001,0,0.566697001,0.823938251,0,0,0,1],"scale":1.46560001,"type":"palm_medium"}
{"ctxid":0,"pos":[-682.552002,-187.315002,155.389999],"rotationMatrix":[-0.056476593,0.998477876,0,-0.998477876,-0.056476593,0,0,0,1],"scale":1.23160005,"type":"palm_medium"}
{"ctxid":0,"pos":[-683.536987,-191.093002,150.895004],"rotationMatrix":[0.862816751,0.50551939,0,-0.50551939,0.862816751,0,0,0,1],"scale":0.950900018,"type":"palm_medium"}
{"ctxid":0,"pos":[-672.541992,-234.516998,154.104004],"rotationMatrix":[-0.853582621,0.520820737,0,-0.520820737,-0.853582621,0,0,0,1],"scale":1.43379998,"type":"palm_medium"}
{"ctxid":0,"pos":[-896.981995,-20.7924004,131],"rotationMatrix":[0.129300952,-0.979891121,-0.152482837,0.991483152,0.130833089,-9.65595245e-06,0.0199711695,-0.151169345,0.988307178],"scale":1.00409997,"type":"palm_medium"}
{"ctxid":0,"pos":[-894.763,-19.4475994,130.964005],"rotationMatrix":[0.989711821,-0.0440799594,-0.136111945,0.0444891602,0.999009848,-3.58799007e-05,0.135978758,-0.0060202796,0.990693033],"scale":0.930100024,"type":"palm_medium"}
{"ctxid":0,"pos":[-915.364014,-185.778,168.356003],"rotationMatrix":[-0.432785988,-0.901416063,0,0.901416063,-0.432785988,0,0,0,1],"scale":1.16939998,"type":"palm_medium"}
{"ctxid":0,"pos":[-896.278015,-183.380997,170.884995],"rotationMatrix":[0.199461222,0.973473728,-0.111564174,-0.96728915,0.177457869,-0.180940777,-0.156362817,0.144002765,0.977144063],"scale":0.988900006,"type":"palm_medium"}
{"ctxid":0,"pos":[-24.3157005,771.156006,131.869995],"rotationMatrix":[-0.728312373,-0.685115218,0,0.685115218,-0.728312373,0,0,0,1],"scale":1.16680002,"type":"palm_medium"}
{"ctxid":0,"pos":[-28.4878998,772.062988,131.945999],"rotationMatrix":[-0.740231633,0.672362208,0,-0.672362208,-0.740231633,0,0,0,1],"scale":1.25650001,"type":"palm_medium"}
{"ctxid":0,"pos":[-19.6098003,752.976013,131.910995],"rotationMatrix":[-0.033921957,-0.999409974,0,0.999409974,-0.033921957,0,0,0,1],"scale":1.46829998,"type":"palm_medium"}
{"ctxid":0,"pos":[-39.8855019,754.909973,132.675995],"rotationMatrix":[0.194311798,-0.980865419,0,0.980865419,0.194311798,0,0,0,1],"scale":1.32749999,"type":"palm_medium"}
{"ctxid":0,"pos":[-56.3745995,763.986023,131.878998],"rotationMatrix":[0.949119508,-0.314916819,0,0.314916819,0.949119508,0,0,0,1],"scale":1.04879999,"type":"palm_medium"}
{"ctxid":0,"pos":[-73.6119995,762.914001,132.895004],"rotationMatrix":[0.706468761,0.707738936,0,-0.707738936,0.706468761,0,0,0,1],"scale":1.26960003,"type":"palm_medium"}
{"ctxid":0,"pos":[-76.1383972,765.909973,132.755997],"rotationMatrix":[0.538815975,0.842462897,0,-0.842462897,0.538815975,0,0,0,1],"scale":1.00349998,"type":"palm_medium"}
{"ctxid":0,"pos":[-15.9042997,748.361023,131.957001],"rotationMatrix":[0.931401908,-0.363992095,0,0.363992095,0.931401908,0,0,0,1],"scale":1.40470004,"type":"palm_medium"}
{"ctxid":0,"pos":[-90.0531006,661.471008,157.690994],"rotationMatrix":[0.707234502,0.706968307,0,-0.706968307,0.707234502,0,0,0,1],"scale":0.918500006,"type":"palm_medium"}
{"ctxid":0,"pos":[-79.4786987,673.638977,151.438004],"rotationMatrix":[0.871272624,0.49080801,0,-0.49080801,0.871272624,0,0,0,1],"scale":1.09870005,"type":"palm_medium"}
{"ctxid":0,"pos":[-78.2074966,673.986023,151.149002],"rotationMatrix":[-0.539310694,-0.842032552,0,0.842032552,-0.539310694,0,0,0,1],"scale":1.15330005,"type":"palm_medium"}
{"ctxid":0,"pos":[-74.7145004,673.301025,150.927994],"rotationMatrix":[0.805686235,-0.592354655,0,0.592354655,0.805686235,0,0,0,1],"scale":1.43139994,"type":"palm_medium"}
{"ctxid":0,"pos":[-225.604004,731.229004,170.587997],"rotationMatrix":[0.997964799,0.0637680963,0,-0.0637680963,0.997964799,0,0,0,1],"scale":1.42190003,"type":"palm_medium"}
{"ctxid":0,"pos":[-300.916992,876.148987,130.369003],"rotationMatrix":[0.902052641,0.431623518,0,-0.431623518,0.902052641,0,0,0,1],"scale":1.31359994,"type":"palm_medium"}
{"ctxid":0,"pos":[-305.122009,876.619995,130.535004],"rotationMatrix":[-0.877921939,0.47887978,0,-0.47887978,-0.877921939,0,0,0,1],"scale":1.00880003,"type":"palm_medium"}
{"ctxid":0,"pos":[-435.114014,852.21698,126.721001],"rotationMatrix":[-0.484709024,-0.874696314,0,0.874696314,-0.484709024,0,0,0,1],"scale":1.19690001,"type":"palm_medium"}
{"ctxid":0,"pos":[-391.830994,858.336975,130.330002],"rotationMatrix":[0.731648684,-0.681684256,0,0.681684256,0.731648684,0,0,0,1],"scale":1.15269995,"type":"palm_medium"}
{"ctxid":0,"pos":[-396.839996,847.276001,132.589996],"rotationMatrix":[0.814193904,0.580583036,0,-0.580583036,0.814193904,0,0,0,1],"scale":0.907100022,"type":"palm_medium"}
{"ctxid":0,"pos":[-427.644989,845.367004,128.391006],"rotationMatrix":[0.999999046,0.00139999995,0,-0.00139999995,0.999999046,0,0,0,1],"scale":1.02419996,"type":"palm_medium"}
{"ctxid":0,"pos":[-490.438995,834.463989,128.169998],"rotationMatrix":[-0.991608858,0.127930775,0,-0.127930775,-0.991608858,0,0,0,1],"scale":1.19480002,"type":"palm_medium"}
{"ctxid":0,"pos":[-478.104004,840.129028,128.490997],"rotationMatrix":[-0.171062112,0.985271573,0,-0.985271573,-0.171062112,0,0,0,1],"scale":1.21920002,"type":"palm_medium"}
{"ctxid":0,"pos":[-265.75,708.156006,182.701004],"rotationMatrix":[0.432035208,-0.901879907,0,0.901879907,0.432035208,0,0,0,1],"scale":1.09350002,"type":"palm_medium"}
{"ctxid":0,"pos":[-452.752014,650.817993,166.283005],"rotationMatrix":[-0.82099545,-0.57080245,0,0.57080245,-0.82099545,0,0,0,1],"scale":1.32630002,"type":"palm_medium"}
{"ctxid":0,"pos":[-460.458008,589.164001,164.421005],"rotationMatrix":[-0.691328406,-0.722621679,0,0.722621679,-0.691328406,0,0,0,1],"scale":1.45000005,"type":"palm_medium"}
{"ctxid":0,"pos":[-479.61499,553.789001,170.598999],"rotationMatrix":[0.668539166,0.743690252,0,-0.743690252,0.668539166,0,0,0,1],"scale":1.31389999,"type":"palm_medium"}
{"ctxid":0,"pos":[-486.682007,558.531006,170.697006],"rotationMatrix":[0.04337883,-0.999085367,0,0.999085367,0.04337883,0,0,0,1],"scale":1.30250001,"type":"palm_medium"}
{"ctxid":0,"pos":[-474.173004,504.489014,167.953003],"rotationMatrix":[0.544178486,-0.838982761,0,0.838982761,0.544178486,0,0,0,1],"scale":0.929499984,"type":"palm_medium"}
{"ctxid":0,"pos":[-7.70870018,384.31601,275.037994],"rotationMatrix":[-0.573892713,-0.81897074,0,0.81897074,-0.573892713,0,0,0,1],"scale":1.39979994,"type":"palm_medium"}
{"ctxid":0,"pos":[-13.0232,382.056,274.321014],"rotationMatrix":[-0.492300868,0.870364845,0,-0.870364845,-0.492300868,0,0,0,1],"scale":0.975199997,"type":"palm_medium"}
{"ctxid":0,"pos":[-6.30609989,379.454987,275.457001],"rotationMatrix":[0.314145207,-0.949374735,0,0.949374735,0.314145207,0,0,0,1],"scale":1.02939999,"type":"palm_medium"}
{"ctxid":0,"pos":[-23.0743008,379.302002,277.475006],"rotationMatrix":[0.478779495,0.87795794,0,-0.87795794,0.478779495,0,0,0,1],"scale":1.39230001,"type":"palm_medium"}
{"ctxid":0,"pos":[-8.28479958,362.341003,276.122986],"rotationMatrix":[-0.445000052,-0.895559967,0,0.895559967,-0.445000052,0,0,0,1],"scale":1.48140001,"type":"palm_medium"}
{"ctxid":0,"pos":[-115.728996,260.86499,254.222],"rotationMatrix":[0.362679541,0.93187654,0,-0.93187654,0.362679541,0,0,0,1],"scale":1.46490002,"type":"palm_medium"}
{"ctxid":0,"pos":[-122.487999,269.695007,253.774002],"rotationMatrix":[-0.0593856573,0.998250544,0,-0.998250544,-0.0593856573,0,0,0,1],"scale":1.29270005,"type":"palm_medium"}
{"ctxid":0,"pos":[-88.7024994,256.950989,269.179993],"rotationMatrix":[0.508166373,0.86127913,0,-0.86127913,0.508166373,0,0,0,1],"scale":1.29079998,"type":"palm_medium"}
{"ctxid":0,"pos":[-98.8090973,252.115997,267.927002],"rotationMatrix":[0.134598255,0.990909934,0,-0.990909934,0.134598255,0,0,0,1],"scale":1.49230003,"type":"palm_medium"}
{"ctxid":0,"pos":[-64.3934021,297.902008,277.233002],"rotationMatrix":[-0.152769208,-0.98832655,0,0.98832655,-0.152769208,0,0,0,1],"scale":1.19260001,"type":"palm_medium"}
{"ctxid":0,"pos":[-248.266006,262.571991,216.042007],"rotationMatrix":[0.441375434,0.897287369,0,-0.897287369,0.441375434,0,0,0,1],"scale":1.27540004,"type":"palm_medium"}
{"ctxid":0,"pos":[-98.1149979,192.503998,241.753006],"rotationMatrix":[0.304743588,-0.952439845,0,0.952439845,0.304743588,0,0,0,1],"scale":1.44850004,"type":"palm_medium"}
{"ctxid":0,"pos":[-104.608002,179.121002,241.753006],"rotationMatrix":[0.34860307,0.937317669,0,-0.937317669,0.34860307,0,0,0,1],"scale":1.16129994,"type":"palm_medium"}
{"ctxid":0,"pos":[-118.955002,171.460999,240.255997],"rotationMatrix":[0.238375187,0.971191943,0,-0.971191943,0.238375187,0,0,0,1],"scale":1.39649999,"type":"palm_medium"}
{"ctxid":0,"pos":[-114.105003,154.162003,237.804993],"rotationMatrix":[-0.772091269,0.635377467,0,-0.635377467,-0.772091269,0,0,0,1],"scale":1.16129994,"type":"palm_medium"}
{"ctxid":0,"pos":[-166.177994,224.964005,258.673004],"rotationMatrix":[-0.429064274,0.903287649,0,-0.903287649,-0.429064274,0,0,0,1],"scale":0.965600014,"type":"palm_medium"}
{"ctxid":0,"pos":[-203.585999,195.953003,256.682007],"rotationMatrix":[0.0922566652,-0.995728612,0,0.995728612,0.0922566652,0,0,0,1],"scale":0.989499986,"type":"palm_medium"}
{"ctxid":0,"pos":[-203.188004,182.130005,256.071991],"rotationMatrix":[0.216999054,-0.976217091,0,0.976217091,0.216999054,0,0,0,1],"scale":1.20519996,"type":"palm_medium"}
{"ctxid":0,"pos":[-429.285004,434.242004,160.602005],"rotationMatrix":[0.83537674,-0.549700439,0,0.549700439,0.83537674,0,0,0,1],"scale":1.04770005,"type":"palm_medium"}
{"ctxid":0,"pos":[-423.747009,431.02301,162.542999],"rotationMatrix":[-0.481953382,-0.876294434,0,0.876294434,-0.481953382,0,0,0,1],"scale":1.16840005,"type":"palm_medium"}
{"ctxid":0,"pos":[-461.451996,496.653015,166.733002],"rotationMatrix":[0.775416017,-0.631462455,0,0.631462455,0.775416017,0,0,0,1],"scale":1.44169998,"type":"palm_medium"}
{"ctxid":0,"pos":[-458.924011,485.019012,164.556],"rotationMatrix":[-0.488502502,0.872534752,0,-0.872534752,-0.488502502,0,0,0,1],"scale":1.08379996,"type":"palm_medium"}
{"ctxid":0,"pos":[-455.567993,455.470001,159.541],"rotationMatrix":[0.230207622,-0.973159492,0,0.973159492,0.230207622,0,0,0,1],"scale":1.27330005,"type":"palm_medium"}
{"ctxid":0,"pos":[-454.204987,450.738007,159.889999],"rotationMatrix":[0.188207209,0.982153296,0,-0.982153296,0.188207209,0,0,0,1],"scale":0.926900029,"type":"palm_medium"}
{"ctxid":0,"pos":[-484.282013,493.35199,164.408005],"rotationMatrix":[-0.902420282,0.431082606,0,-0.431082606,-0.902420282,0,0,0,1],"scale":1.2665,"type":"palm_medium"}
{"ctxid":0,"pos":[-488.259003,494.614014,164.266998],"rotationMatrix":[0.863026202,-0.505133331,0,0.505133331,0.863026202,0,0,0,1],"scale":1.06429994,"type":"palm_medium"}
{"ctxid":0,"pos":[-266.412994,247.332001,214.335999],"rotationMatrix":[0.991182089,-0.132507831,0,0.132507831,0.991182089,0,0,0,1],"scale":1.33840001,"type":"palm_medium"}
{"ctxid":0,"pos":[-280.126007,228.705994,213.373001],"rotationMatrix":[0.406385958,-0.913738489,0,0.913738489,0.406385958,0,0,0,1],"scale":1.06640005,"type":"palm_medium"}
{"ctxid":0,"pos":[-283.542999,225.600006,212.960007],"rotationMatrix":[-0.367858052,0.929878831,0,-0.929878831,-0.367858052,0,0,0,1],"scale":1.04560006,"type":"palm_medium"}
{"ctxid":0,"pos":[-287.023987,208.576004,212.123001],"rotationMatrix":[-0.234334707,-0.972258568,0,0.972258568,-0.234334707,0,0,0,1],"scale":1.15670002,"type":"palm_medium"}
{"ctxid":0,"pos":[-288.238007,204.429001,212.473999],"rotationMatrix":[-0.808801889,-0.588098347,0,0.588098347,-0.808801889,0,0,0,1],"scale":1.11199999,"type":"palm_medium"}
{"ctxid":0,"pos":[-433.221985,78.3106995,138.643997],"rotationMatrix":[0.131174386,0.991418183,0,-0.991418183,0.131174386,0,0,0,1],"scale":0.904100001,"type":"palm_medium"}
{"ctxid":0,"pos":[-432.497009,77.4162979,139.343994],"rotationMatrix":[0.272299469,0.962224662,0,-0.962224662,0.272299469,0,0,0,1],"scale":1.40009999,"type":"palm_medium"}
{"ctxid":0,"pos":[-440.734009,72.4234009,138.100006],"rotationMatrix":[-0.998400331,-0.0547780804,0,0.0547780804,-0.998400331,0,0,0,1],"scale":0.947099984,"type":"palm_medium"}
{"ctxid":0,"pos":[-445.770996,62.5652008,135.539001],"rotationMatrix":[-0.668964505,-0.743406296,0,0.743406296,-0.668964505,0,0,0,1],"scale":1.30429995,"type":"palm_medium"}
{"ctxid":0,"pos":[-465.335999,67.3191986,135.501007],"rotationMatrix":[0.979839683,0.199775919,0,-0.199775919,0.979839683,0,0,0,1],"scale":1.0438,"type":"palm_medium"}
{"ctxid":0,"pos":[-446.457001,60.0325012,135.561996],"rotationMatrix":[0.988659799,-0.150178328,0,0.150178328,0.988659799,0,0,0,1],"scale":1.2694,"type":"palm_medium"}
{"ctxid":0,"pos":[-462.37265,64.3769226,135.600998],"rotationMatrix":[-0.823668122,-0.567210615,0,0.567210615,-0.823668122,0,0,0,1],"scale":1.41250002,"type":"palm_medium"}
{"ctxid":0,"pos":[-536.671997,827.786011,126.931],"rotationMatrix":[0.800287962,-0.599641621,0,0.599641621,0.800287962,0,0,0,1],"scale":1.19640005,"type":"palm_medium"}
{"ctxid":0,"pos":[-558.429993,819.742981,126.330002],"rotationMatrix":[-0.807660937,0.589433968,0,-0.589433968,-0.807660937,0,0,0,1],"scale":1.06860006,"type":"palm_medium"}
{"ctxid":0,"pos":[-568.036011,809.208008,131.220993],"rotationMatrix":[-1,0.00520000001,0,-0.00520000001,-1,0,0,0,1],"scale":1.3599,"type":"palm_medium"}
{"ctxid":0,"pos":[-573.60199,811.666992,127.533997],"rotationMatrix":[-0.570700884,0.821152925,0,-0.821152925,-0.570700884,0,0,0,1],"scale":0.99000001,"type":"palm_medium"}
{"ctxid":0,"pos":[-576.713013,806.960022,130.789993],"rotationMatrix":[-0.13793695,-0.990395844,0,0.990395844,-0.13793695,0,0,0,1],"scale":1.28779995,"type":"palm_medium"}
{"ctxid":0,"pos":[-618.604004,788.182983,136.156006],"rotationMatrix":[0.947187483,0.320677489,0,-0.320677489,0.947187483,0,0,0,1],"scale":0.969500005,"type":"palm_medium"}
{"ctxid":0,"pos":[-527.375977,801.68103,129.563004],"rotationMatrix":[0.707540512,0.706675231,0,-0.706675231,0.707540512,0,0,0,1],"scale":1.40869999,"type":"palm_medium"}
{"ctxid":0,"pos":[-525.651001,805.666016,129.899994],"rotationMatrix":[-0.998800278,-0.0471858419,0,0.0471858419,-0.998800278,0,0,0,1],"scale":1.16219997,"type":"palm_medium"}
{"ctxid":0,"pos":[-677.986023,819.799011,128.408005],"rotationMatrix":[0.167692006,0.985841811,0,-0.985841811,0.167692006,0,0,0,1],"scale":1.09549999,"type":"palm_medium"}
{"ctxid":0,"pos":[-678.875977,816.307007,129.261002],"rotationMatrix":[-0.972892523,-0.231614247,0,0.231614247,-0.972892523,0,0,0,1],"scale":0.953299999,"type":"palm_medium"}
{"ctxid":0,"pos":[-632.935974,788.471008,137.074005],"rotationMatrix":[0.993883848,-0.1104341,0,0.1104341,0.993883848,0,0,0,1],"scale":1.37870002,"type":"palm_medium"}
{"ctxid":0,"pos":[-631.862976,787.739014,137.244003],"rotationMatrix":[0.96794486,-0.25117439,0,0.25117439,0.96794486,0,0,0,1],"scale":1.27769995,"type":"palm_medium"}
{"ctxid":0,"pos":[-668.299988,803.570984,130.287003],"rotationMatrix":[-0.87598455,-0.482313007,0,0.482313007,-0.87598455,0,0,0,1],"scale":1.11769998,"type":"palm_medium"}
{"ctxid":0,"pos":[-696.210022,844.776978,127.150002],"rotationMatrix":[0.729082882,0.58171618,-0.360558361,-0.655573845,0.744879603,-0.12384516,0.19651708,0.326681793,0.924471915],"scale":1.47379994,"type":"palm_medium"}
{"ctxid":0,"pos":[-690.797974,838.945007,127.010002],"rotationMatrix":[-0.450785756,0.892751932,0,-0.892751932,-0.450785756,0,0,0,1],"scale":1.07889998,"type":"palm_medium"}
{"ctxid":0,"pos":[-523.445007,550.223999,166.654007],"rotationMatrix":[0.99552542,0.0944959372,0,-0.0944959372,0.99552542,0,0,0,1],"scale":1.03219998,"type":"palm_medium"}
{"ctxid":0,"pos":[-684.440002,712.679993,138.192993],"rotationMatrix":[-0.370505571,-0.928791583,0,0.928791583,-0.370505571,0,0,0,1],"scale":1.41700006,"type":"palm_medium"}
{"ctxid":0,"pos":[-678.64801,660.684021,132.565002],"rotationMatrix":[-0.978060484,-0.208646104,0,0.208646104,-0.978060484,0,0,0,1],"scale":1.35940003,"type":"palm_medium"}
{"ctxid":0,"pos":[-673.927979,655.682007,133.432007],"rotationMatrix":[0.771106243,-0.636680543,0,0.636680543,0.771106243,0,0,0,1],"scale":1.06029999,"type":"palm_medium"}
{"ctxid":0,"pos":[-666.596985,655.713989,138.740997],"rotationMatrix":[0.710895896,-0.703293979,0,0.703293979,0.710895896,0,0,0,1],"scale":1.35380006,"type":"palm_medium"}
{"ctxid":0,"pos":[-667.088013,670.580994,139.561996],"rotationMatrix":[0.628305554,-0.777963102,0,0.777963102,0.628305554,0,0,0,1],"scale":1.46159995,"type":"palm_medium"}
{"ctxid":0,"pos":[-670.986023,671.838989,136.610992],"rotationMatrix":[-0.999599934,-0.0237976201,0,0.0237976201,-0.999599934,0,0,0,1],"scale":1.26699996,"type":"palm_medium"}
{"ctxid":0,"pos":[-690.875,693.041016,131.367004],"rotationMatrix":[-0.348081946,-0.937417805,0,0.937417805,-0.348081946,0,0,0,1],"scale":1.29489994,"type":"palm_medium"}
{"ctxid":0,"pos":[-668.215027,603.465027,131.052994],"rotationMatrix":[0.635683537,0.771995842,0,-0.771995842,0.635683537,0,0,0,1],"scale":1.35350001,"type":"palm_medium"}
{"ctxid":0,"pos":[-671.161987,616.5,128.895004],"rotationMatrix":[0.397197962,0.917708457,0,-0.917708457,0.397197962,0,0,0,1],"scale":1.11930001,"type":"palm_medium"}
{"ctxid":0,"pos":[-669.367004,619.203003,130.041],"rotationMatrix":[0.968699992,0.248223424,0,-0.248223424,0.968699992,0,0,0,1],"scale":1.47549999,"type":"palm_medium"}
{"ctxid":0,"pos":[-669.473999,622.953003,130.205994],"rotationMatrix":[-0.894236565,0.447672009,0,-0.447672009,-0.894236565,0,0,0,1],"scale":1.13479996,"type":"palm_medium"}
{"ctxid":0,"pos":[-669.450989,597.856018,129.410995],"rotationMatrix":[-0.353341579,0.935460746,0,-0.935460746,-0.353341579,0,0,0,1],"scale":0.967800021,"type":"palm_medium"}
{"ctxid":0,"pos":[-682.369019,568.155029,131.869995],"rotationMatrix":[0.606970191,0.794748247,0,-0.794748247,0.606970191,0,0,0,1],"scale":0.966199994,"type":"palm_medium"}
{"ctxid":0,"pos":[-686.296021,567.367981,131.792007],"rotationMatrix":[0.996973574,-0.0777377561,0,0.0777377561,0.996973574,0,0,0,1],"scale":1.18350005,"type":"palm_medium"}
{"ctxid":0,"pos":[-677.375,514.320007,134.468002],"rotationMatrix":[-0.993605018,-0.114616312,0,0.114616312,-0.993605018,0,0,0,1],"scale":1.42939997,"type":"palm_medium"}
{"ctxid":0,"pos":[-680.422974,528.268005,137.649994],"rotationMatrix":[0.711351991,0.702814996,0,-0.702814996,0.711351991,0,0,0,1],"scale":0.907299995,"type":"palm_medium"}
{"ctxid":0,"pos":[-697.880005,563.153992,131.020004],"rotationMatrix":[-0.131910682,-0.991230547,0,0.991230547,-0.131910682,0,0,0,1],"scale":1.03939998,"type":"palm_medium"}
{"ctxid":0,"pos":[-690.518005,577.421997,127.795998],"rotationMatrix":[0.179007053,-0.983858883,0,0.983858883,0.179007053,0,0,0,1],"scale":1.31770003,"type":"palm_medium"}
{"ctxid":0,"pos":[-696.198975,557.122986,132.003998],"rotationMatrix":[0.926808596,-0.375521928,0,0.375521928,0.926808596,0,0,0,1],"scale":1.14059997,"type":"palm_medium"}
{"ctxid":0,"pos":[-702.585022,560.142029,130.996002],"rotationMatrix":[-0.79778707,0.603181183,0,-0.603181183,-0.79778707,0,0,0,1],"scale":1.25800002,"type":"palm_medium"}
{"ctxid":0,"pos":[-898.523987,944.366028,135.707001],"rotationMatrix":[-0.735384583,-0.677573144,0,0.677573144,-0.735384583,0,0,0,1],"scale":1.26380002,"type":"palm_medium"}
{"ctxid":0,"pos":[-837.388977,511.322998,126.416],"rotationMatrix":[0.623635113,-0.781707644,0,0.781707644,0.623635113,0,0,0,1],"scale":0.970600009,"type":"palm_medium"}
{"ctxid":0,"pos":[-500.222992,494.083008,164.322006],"rotationMatrix":[-0.983235359,-0.182629734,0,0.182629734,-0.983235359,0,0,0,1],"scale":1.36039996,"type":"palm_medium"}
{"ctxid":0,"pos":[-807.981018,121.323997,128.393005],"rotationMatrix":[0.719948769,0.693991303,0,-0.693991303,0.719948769,0,0,0,1],"scale":0.927600026,"type":"palm_medium"}
{"ctxid":0,"pos":[-795.187012,57.7010994,127.227997],"rotationMatrix":[-0.838594913,0.544790149,0,-0.544790149,-0.838594913,0,0,0,1],"scale":1.09290004,"type":"palm_medium"}
{"ctxid":0,"pos":[928.002014,-91.7463989,126.412003],"rotationMatrix":[0.769479513,-0.638667405,0,0.638667405,0.769479513,0,0,0,1],"scale":1.15690005,"type":"palm_medium"}
{"ctxid":0,"pos":[926.687012,-94.8814011,126.299004],"rotationMatrix":[-0.341194391,0.940097213,0,-0.940097213,-0.341194391,0,0,0,1],"scale":1.31669998,"type":"palm_medium"}
{"ctxid":0,"pos":[936.273987,-98.2098999,126.373001],"rotationMatrix":[0.284552753,0.958634675,0,-0.958634675,0.284552753,0,0,0,1],"scale":1.35220003,"type":"palm_medium"}
{"ctxid":0,"pos":[509.787994,-491.770996,131.953003],"rotationMatrix":[-1,-0.00719999988,0,0.00719999988,-1,0,0,0,1],"scale":0.957499981,"type":"palm_medium"}
{"ctxid":0,"pos":[511.779999,-490.350006,131.835007],"rotationMatrix":[0.878771126,-0.477234066,0,0.477234066,0.878771126,0,0,0,1],"scale":1.42060006,"type":"palm_medium"}
{"ctxid":0,"pos":[952.857971,-737.44397,142.722],"rotationMatrix":[0.954397976,-0.298526973,0,0.298526973,0.954397976,0,0,0,1],"scale":1.19519997,"type":"palm_medium"}
{"ctxid":0,"pos":[948.583984,-732.021973,147.317993],"rotationMatrix":[-0.790210366,0.613072813,0,-0.613072813,-0.790210366,0,0,0,1],"scale":1.08589995,"type":"palm_medium"}
{"ctxid":0,"pos":[841.156982,-508.990997,172.065002],"rotationMatrix":[-0.131609678,0.991399586,0,-0.991399586,-0.131609678,0,0,0,1],"scale":1.14269996,"type":"palm_medium"}
{"ctxid":0,"pos":[832.151978,-583.560974,162.483002],"rotationMatrix":[0.56773603,0.82324487,0,-0.82324487,0.56773603,0,0,0,1],"scale":1.15310001,"type":"palm_medium"}
{"ctxid":0,"pos":[793.585999,-518.245972,184.985001],"rotationMatrix":[0.8761971,-0.481975347,0,0.481975347,0.8761971,0,0,0,1],"scale":1.26810002,"type":"palm_medium"}
{"ctxid":0,"pos":[790.971985,-516.653015,185.033005],"rotationMatrix":[-0.392446756,-0.919675708,0,0.919675708,-0.392446756,0,0,0,1],"scale":1.01049995,"type":"palm_medium"}
{"ctxid":0,"pos":[802.585022,-508.408997,185.804993],"rotationMatrix":[0.877091169,0.480331033,0,-0.480331033,0.877091169,0,0,0,1],"scale":1.17309999,"type":"palm_medium"}
{"ctxid":0,"pos":[942.093018,-764.455017,134.582001],"rotationMatrix":[-0.573892713,0.81897074,0,-0.81897074,-0.573892713,0,0,0,1],"scale":1.18470001,"type":"palm_medium"}
