{"ctxid":0,"pos":[-9.32509995,-183.492996,144.096024],"rotationMatrix":[0.842863798,-0.538119912,0,0.538119912,0.842863798,0,0,0,1],"scale":0.849600017,"type":"tro_bush_2_small"}
{"ctxid":0,"pos":[-5.54300022,-183.468994,144.299347],"rotationMatrix":[0.439894676,-0.898052454,0,0.898052454,0.439894676,0,0,0,1],"scale":0.849300027,"type":"tro_bush_2_small"}
{"ctxid":0,"pos":[-221.503998,-94.9546967,150.496002],"rotationMatrix":[0.667071998,0.745007992,0,-0.745007992,0.667071998,0,0,0,1],"scale":1.10020006,"type":"tro_bush_2_small"}
{"ctxid":0,"pos":[-227.867996,-87.5506973,151.190002],"rotationMatrix":[-0.968127966,-0.250975996,0,0.250975996,-0.968127966,0,0,0,1],"scale":1.11459994,"type":"tro_bush_2_small"}
{"ctxid":0,"pos":[-226.779999,-102.873001,150.822998],"rotationMatrix":[-0.387111545,-0.922076166,0,0.922076166,-0.387111545,0,0,0,1],"scale":1.00779998,"type":"tro_bush_2_small"}
{"ctxid":0,"pos":[-233.375,-100.075996,150.740997],"rotationMatrix":[0.427336037,-0.904104948,0,0.904104948,0.427336037,0,0,0,1],"scale":0.922100008,"type":"tro_bush_2_small"}
{"ctxid":0,"pos":[-238.177994,-102.925003,153.414993],"rotationMatrix":[0.796605587,-0.604506791,0,0.604506791,0.796605587,0,0,0,1],"scale":1,"type":"tro_bush_2_small"}
{"ctxid":0,"pos":[-226.313004,-80.4764023,154.546997],"rotationMatrix":[0.871678233,0.490084857,0,-0.490084857,0.871678233,0,0,0,1],"scale":0.870599985,"type":"tro_bush_2_small"}
{"ctxid":0,"pos":[-235.291,-89.6167984,155.242996],"rotationMatrix":[0.115815938,0.993227661,0,-0.993227661,0.115815938,0,0,0,1],"scale":1.10880005,"type":"tro_bush_2_small"}
{"ctxid":0,"pos":[-235.429993,-123.961998,151.699005],"rotationMatrix":[0.96163547,0.274340808,0,-0.274340808,0.96163547,0,0,0,1],"scale":1.08210003,"type":"tro_bush_2_small"}
{"ctxid":0,"pos":[-249.643005,-135.429993,150.785004],"rotationMatrix":[-0.983633518,0.180058718,0,-0.180058718,-0.983633518,0,0,0,1],"scale":0.806699991,"type":"tro_bush_2_small"}
{"ctxid":0,"pos":[-93.3889999,-344.289001,132.726318],"rotationMatrix":[-0.244095325,0.969785452,0,-0.969785452,-0.244095325,0,0,0,1],"scale":1.1753,"type":"tro_bush_2_small"}
{"ctxid":0,"pos":[-94.4633026,-342.726013,132.907822],"rotationMatrix":[0.537662745,0.843130887,0,-0.843130887,0.537662745,0,0,0,1],"scale":1.19570005,"type":"tro_bush_2_small"}
{"ctxid":0,"pos":[-79.2670975,-338.665009,132.613159],"rotationMatrix":[-0.881800056,0.47142002,0,-0.47142002,-0.881800056,0,0,0,1],"scale":1.12530005,"type":"tro_bush_2_small"}
{"ctxid":0,"pos":[-70.6588974,-336.39801,134.103577],"rotationMatrix":[-0.0913553238,-0.995915294,0,0.995915294,-0.0913553238,0,0,0,1],"scale":1.06149995,"type":"tro_bush_2_small"}
{"ctxid":0,"pos":[-71.7436981,-340.872009,132.956161],"rotationMatrix":[0.966563046,0.256427765,0,-0.256427765,0.966563046,0,0,0,1],"scale":1.13619995,"type":"tro_bush_2_small"}
{"ctxid":0,"pos":[-71.1191025,-344.845001,132.495422],"rotationMatrix":[-0.545985222,0.837877572,0,-0.837877572,-0.545985222,0,0,0,1],"scale":0.963199973,"type":"tro_bush_2_small"}
{"ctxid":0,"pos":[-89.1278,-354.618988,132.619324],"rotationMatrix":[-0.626125813,-0.779790163,0,0.779790163,-0.626125813,0,0,0,1],"scale":1.07599998,"type":"tro_bush_2_small"}
{"ctxid":0,"pos":[-191.345001,-261.813995,132.77121],"rotationMatrix":[-0.0521202087,0.99873811,0,-0.99873811,-0.0521202087,0,0,0,1],"scale":0.843299985,"type":"tro_bush_2_small"}
{"ctxid":0,"pos":[-187.436996,-262.924988,132.775879],"rotationMatrix":[0.839028597,0.54407984,0,-0.54407984,0.839028597,0,0,0,1],"scale":0.933000028,"type":"tro_bush_2_small"}
{"ctxid":0,"pos":[-303.048004,-27.8127003,179.313995],"rotationMatrix":[0.388603151,-0.921352565,0,0.921352565,0.388603151,0,0,0,1],"scale":0.841799974,"type":"tro_bush_2_small"}
{"ctxid":0,"pos":[-290.782013,-22.8808002,183.167007],"rotationMatrix":[0.622940779,0.782254696,0,-0.782254696,0.622940779,0,0,0,1],"scale":1.10679996,"type":"tro_bush_2_small"}
{"ctxid":0,"pos":[-287.752014,-24.5006008,181.184006],"rotationMatrix":[-0.99520278,-0.0978823975,0,0.0978823975,-0.99520278,0,0,0,1],"scale":1.06400001,"type":"tro_bush_2_small"}
{"ctxid":0,"pos":[-293.651001,-15.8049002,186.404007],"rotationMatrix":[0.72054708,0.693399012,0,-0.693399012,0.72054708,0,0,0,1],"scale":1.10360003,"type":"tro_bush_2_small"}
{"ctxid":0,"pos":[-295.144989,-9.27859974,191.261002],"rotationMatrix":[0.732819498,0.680414796,0,-0.680414796,0.732819498,0,0,0,1],"scale":0.929099977,"type":"tro_bush_2_small"}
{"ctxid":0,"pos":[-295.016998,-10.6162996,190.087997],"rotationMatrix":[0.655550003,-0.755133986,0,0.755133986,0.655550003,0,0,0,1],"scale":0.886600018,"type":"tro_bush_2_small"}
{"ctxid":0,"pos":[-294.335999,-12.9018002,188.244995],"rotationMatrix":[-0.00763213634,-0.999966264,0,0.999966264,-0.00763213634,0,0,0,1],"scale":0.984200001,"type":"tro_bush_2_small"}
{"ctxid":0,"pos":[-309.536011,-11.2153997,194.776001],"rotationMatrix":[0.145875454,0.989268363,0,-0.989268363,0.145875454,0,0,0,1],"scale":0.852800012,"type":"tro_bush_2_small"}
{"ctxid":0,"pos":[-254.117996,-127.636002,151.406998],"rotationMatrix":[-0.593469501,-0.804946661,0,0.804946661,-0.593469501,0,0,0,1],"scale":1.12890005,"type":"tro_bush_2_small"}
{"ctxid":0,"pos":[-254.781006,-141.080994,150.054993],"rotationMatrix":[-0.696482062,0.717643201,0,-0.717643201,-0.696482062,0,0,0,1],"scale":0.899800003,"type":"tro_bush_2_small"}
{"ctxid":0,"pos":[-263.906006,-146.492004,149.438995],"rotationMatrix":[-0.986821771,0.162262753,0,-0.162262753,-0.986821771,0,0,0,1],"scale":1.07920003,"type":"tro_bush_2_small"}
{"ctxid":0,"pos":[-274.82901,-154.035995,149.311005],"rotationMatrix":[-0.685080886,0.72844547,0,-0.72844547,-0.685080886,0,0,0,1],"scale":1.15359998,"type":"tro_bush_2_small"}
{"ctxid":0,"pos":[-280.821991,-155.621994,148.524994],"rotationMatrix":[-0.48229754,-0.876051903,0,0.876051903,-0.48229754,0,0,0,1],"scale":0.855700016,"type":"tro_bush_2_small"}
{"ctxid":0,"pos":[-298.798004,-153.921997,149.302994],"rotationMatrix":[-0.251045585,0.967903376,0,-0.967903376,-0.251045585,0,0,0,1],"scale":0.861699998,"type":"tro_bush_2_small"}
{"ctxid":0,"pos":[-291.80899,-151.865005,148.835999],"rotationMatrix":[0.994466484,-0.105052717,0,0.105052717,0.994466484,0,0,0,1],"scale":0.94569999,"type":"tro_bush_2_small"}
{"ctxid":0,"pos":[-288.161987,-151.188995,148.621994],"rotationMatrix":[0.988264859,-0.152755722,0,0.152755722,0.988264859,0,0,0,1],"scale":1.05799997,"type":"tro_bush_2_small"}
{"ctxid":0,"pos":[-296.15799,-153.960999,148.779999],"rotationMatrix":[0.0408875346,-0.999139011,0,0.999139011,0.0408875346,0,0,0,1],"scale":1.10749996,"type":"tro_bush_2_small"}
{"ctxid":0,"pos":[-319.372009,-164.934998,147.384003],"rotationMatrix":[-0.762690783,0.646833181,0,-0.646833181,-0.762690783,0,0,0,1],"scale":0.993799984,"type":"tro_bush_2_small"}
{"ctxid":0,"pos":[-315.028992,-162.488007,147.362],"rotationMatrix":[-0.909057975,0.416983604,0,-0.416983604,-0.909057975,0,0,0,1],"scale":1.17630005,"type":"tro_bush_2_small"}
{"ctxid":0,"pos":[-341.187988,-172.554001,148.843994],"rotationMatrix":[-0.991209626,-0.133306071,0,0.133306071,-0.991209626,0,0,0,1],"scale":0.987699986,"type":"tro_bush_2_small"}
{"ctxid":0,"pos":[-335.177002,-187.220993,147.589996],"rotationMatrix":[0.862187505,0.506572485,0,-0.506572485,0.862187505,0,0,0,1],"scale":0.865400016,"type":"tro_bush_2_small"}
{"ctxid":0,"pos":[-317.757996,-185.434998,147.238998],"rotationMatrix":[-0.979651928,0.200770825,0,-0.200770825,-0.979651928,0,0,0,1],"scale":1.18400002,"type":"tro_bush_2_small"}
{"ctxid":0,"pos":[-366.756012,-172.350006,148.237],"rotationMatrix":[0.999999285,0.00120000006,0,-0.00120000006,0.999999285,0,0,0,1],"scale":0.871500015,"type":"tro_bush_2_small"}
{"ctxid":0,"pos":[-365.393005,-182.5,147.684006],"rotationMatrix":[0.324413121,-0.945961118,0,0.945961118,0.324413121,0,0,0,1],"scale":1.07130003,"type":"tro_bush_2_small"}
{"ctxid":0,"pos":[-391.34201,-167.507004,149.841003],"rotationMatrix":[-0.980448127,-0.197029799,0,0.197029799,-0.980448127,0,0,0,1],"scale":0.878700018,"type":"tro_bush_2_small"}
{"ctxid":0,"pos":[-381.205994,-163.212006,149.186996],"rotationMatrix":[0.934622705,-0.355633616,0,0.355633616,0.934622705,0,0,0,1],"scale":0.822399974,"type":"tro_bush_2_small"}
{"ctxid":0,"pos":[-468.348999,-238.408005,134.362],"rotationMatrix":[-0.996801257,0.081534721,0,-0.081534721,-0.996801257,0,0,0,1],"scale":0.930400014,"type":"tro_bush_2_small"}
{"ctxid":0,"pos":[-459.125,-246.085999,135.119003],"rotationMatrix":[-0.651834846,0.758484483,0,-0.758484483,-0.651834846,0,0,0,1],"scale":1.00020003,"type":"tro_bush_2_small"}
{"ctxid":0,"pos":[-232.016998,-744.770996,148.694],"rotationMatrix":[-0.139807224,-0.725887895,0.673307955,0.899855018,0.190478086,0.392223299,-0.412938058,0.660806239,0.626699924],"scale":0.919700027,"type":"tro_bush_2_small"}
{"ctxid":0,"pos":[-236.011002,-768.599976,148.684998],"rotationMatrix":[-0.934151053,-0.357367575,0,0.357367575,-0.934151053,0,0,0,1],"scale":0.943000019,"type":"tro_bush_2_small"}
{"ctxid":0,"pos":[-237.063004,-764.939026,149.658997],"rotationMatrix":[0.565874338,0.824456692,0,-0.824456692,0.565874338,0,0,0,1],"scale":0.983900011,"type":"tro_bush_2_small"}
{"ctxid":0,"pos":[-218.931,-760.869019,147.714996],"rotationMatrix":[0.933824778,-0.357724518,0,0.357724518,0.933824778,0,0,0,1],"scale":0.991699994,"type":"tro_bush_2_small"}
{"ctxid":0,"pos":[-243.149002,-750.241028,161.505005],"rotationMatrix":[0.991048753,-0.133505642,0,0.133505642,0.991048753,0,0,0,1],"scale":1.12479997,"type":"tro_bush_2_small"}
{"ctxid":0,"pos":[-487.764008,-841.112,168.470001],"rotationMatrix":[0.0599053502,-0.998233557,0,0.998233557,0.0599053502,0,0,0,1],"scale":1.0381,"type":"tro_bush_2_small"}
{"ctxid":0,"pos":[-735.85498,-157.770004,173.339005],"rotationMatrix":[-0.000263690948,-0.999980807,0,0.999980807,-0.000263690948,0,0,0,1],"scale":0.994700015,"type":"tro_bush_2_small"}
{"ctxid":0,"pos":[-731.807007,-155.968002,173.559006],"rotationMatrix":[-0.990012527,0.141245991,0,-0.141245991,-0.990012527,0,0,0,1],"scale":0.812900007,"type":"tro_bush_2_small"}
{"ctxid":0,"pos":[-856.890015,-109.565002,174.615997],"rotationMatrix":[0.951452732,-0.307798475,0,0.307798475,0.951452732,0,0,0,1],"scale":1.05069995,"type":"tro_bush_2_small"}
{"ctxid":0,"pos":[-762.414001,-160.776001,172.738998],"rotationMatrix":[0.525662065,0.850691557,0,-0.850691557,0.525662065,0,0,0,1],"scale":0.902700007,"type":"tro_bush_2_small"}
{"ctxid":0,"pos":[-615.340027,-681.64502,174.446014],"rotationMatrix":[0.0984440446,0.995149136,0,-0.995149136,0.0984440446,0,0,0,1],"scale":0.828299999,"type":"tro_bush_2_small"}
{"ctxid":0,"pos":[-621.91803,-699.802002,182.915161],"rotationMatrix":[0.669190288,0.74312222,0,-0.74312222,0.669190288,0,0,0,1],"scale":0.973500013,"type":"tro_bush_2_small"}
{"ctxid":0,"pos":[-622.075989,-702.564026,183.97168],"rotationMatrix":[-0.215240479,-0.976557612,0,0.976557612,-0.215240479,0,0,0,1],"scale":0.923600018,"type":"tro_bush_2_small"}
{"ctxid":0,"pos":[-648.86499,-666.893982,175.472],"rotationMatrix":[-0.999200225,-0.0375924818,0,0.0375924818,-0.999200225,0,0,0,1],"scale":1.05850005,"type":"tro_bush_2_small"}
{"ctxid":0,"pos":[-630.929016,-675.979004,175.602005],"rotationMatrix":[-0.969715476,0.244924322,0,-0.244924322,-0.969715476,0,0,0,1],"scale":0.802100003,"type":"tro_bush_2_small"}
{"ctxid":0,"pos":[-647.153992,-689.197021,181.906998],"rotationMatrix":[-0.969318509,0.245891929,0,-0.245891929,-0.969318509,0,0,0,1],"scale":0.995400012,"type":"tro_bush_2_small"}
{"ctxid":0,"pos":[-631.885986,-697.109985,182.6008],"rotationMatrix":[0.152397931,-0.988348246,0,0.988348246,0.152397931,0,0,0,1],"scale":1.09940004,"type":"tro_bush_2_small"}
{"ctxid":0,"pos":[-655.096008,-696.197998,188.446411],"rotationMatrix":[0.966924071,0.255065233,0,-0.255065233,0.966924071,0,0,0,1],"scale":0.887399971,"type":"tro_bush_2_small"}
{"ctxid":0,"pos":[-697.429993,-642.27301,175.671997],"rotationMatrix":[-0.655836105,-0.755035043,0,0.755035043,-0.655836105,0,0,0,1],"scale":1.11070001,"type":"tro_bush_2_small"}
{"ctxid":0,"pos":[-779.682007,-819.786011,153.636993],"rotationMatrix":[-0.596684337,0.802541673,0,-0.802541673,-0.596684337,0,0,0,1],"scale":0.920799971,"type":"tro_bush_2_small"}
{"ctxid":0,"pos":[-795.708008,-827.021973,153.203995],"rotationMatrix":[-0.255161762,0.966959357,0,-0.966959357,-0.255161762,0,0,0,1],"scale":0.853900015,"type":"tro_bush_2_small"}
{"ctxid":0,"pos":[-81.0037003,711.679016,145.414001],"rotationMatrix":[-0.31219995,0.94996798,0,-0.94996798,-0.31219995,0,0,0,1],"scale":1.02409995,"type":"tro_bush_2_small"}
{"ctxid":0,"pos":[-80.0009003,711.286011,145.399002],"rotationMatrix":[0.0389475226,0.999178529,0,-0.999178529,0.0389475226,0,0,0,1],"scale":0.98150003,"type":"tro_bush_2_small"}
{"ctxid":0,"pos":[-98.2979965,717.544983,145.414001],"rotationMatrix":[-0.0954960585,-0.995434582,0,0.995434582,-0.0954960585,0,0,0,1],"scale":0.926299989,"type":"tro_bush_2_small"}
{"ctxid":0,"pos":[-93.5811996,706.882019,145.882004],"rotationMatrix":[0.824056864,0.566506028,0,-0.566506028,0.824056864,0,0,0,1],"scale":1.12899995,"type":"tro_bush_2_small"}
{"ctxid":0,"pos":[-85.827301,704.739014,145.766998],"rotationMatrix":[0.960743964,0.277426034,0,-0.277426034,0.960743964,0,0,0,1],"scale":1.01450002,"type":"tro_bush_2_small"}
{"ctxid":0,"pos":[-71.6802979,702.627991,146.666],"rotationMatrix":[0.862921536,0.505326331,0,-0.505326331,0.862921536,0,0,0,1],"scale":0.917100012,"type":"tro_bush_2_small"}
{"ctxid":0,"pos":[-68.5600967,705.882019,146.130997],"rotationMatrix":[0.49659425,0.868041337,0,-0.868041337,0.49659425,0,0,0,1],"scale":0.882799983,"type":"tro_bush_2_small"}
{"ctxid":0,"pos":[-72.5840988,709.153992,145.707993],"rotationMatrix":[0.893555045,-0.448942184,0,0.448942184,0.893555045,0,0,0,1],"scale":1.10370004,"type":"tro_bush_2_small"}
{"ctxid":0,"pos":[-64.0142975,707.919983,145.716003],"rotationMatrix":[0.999075472,0.0429914035,0,-0.0429914035,0.999075472,0,0,0,1],"scale":1.09599996,"type":"tro_bush_2_small"}
{"ctxid":0,"pos":[-112.841003,699.997986,157.487],"rotationMatrix":[-0.736875296,-0.676186681,0,0.676186681,-0.736875296,0,0,0,1],"scale":0.928600013,"type":"tro_bush_2_small"}
{"ctxid":0,"pos":[-103.064003,698.25,153.919006],"rotationMatrix":[0.485090554,0.874453127,0,-0.874453127,0.485090554,0,0,0,1],"scale":1.18649995,"type":"tro_bush_2_small"}
{"ctxid":0,"pos":[-97.2282028,700.148987,151.087006],"rotationMatrix":[-0.833229661,0.553185701,0,-0.553185701,-0.833229661,0,0,0,1],"scale":1.10440004,"type":"tro_bush_2_small"}
{"ctxid":0,"pos":[-92.0141983,702.205017,148.656006],"rotationMatrix":[0.990914464,0.134489954,0,-0.134489954,0.990914464,0,0,0,1],"scale":0.959599972,"type":"tro_bush_2_small"}
{"ctxid":0,"pos":[-106.084999,701.000977,153.106995],"rotationMatrix":[0.0169175863,-0.999768615,0,0.999768615,0.0169175863,0,0,0,1],"scale":1.16120005,"type":"tro_bush_2_small"}
{"ctxid":0,"pos":[-113.797997,701.148987,157.054001],"rotationMatrix":[-0.0848646164,0.996337235,0,-0.996337235,-0.0848646164,0,0,0,1],"scale":1.00329995,"type":"tro_bush_2_small"}
{"ctxid":0,"pos":[-124.787437,698.153503,165.367416],"rotationMatrix":[0.93089205,0.365272522,0,-0.365272522,0.93089205,0,0,0,1],"scale":1.06657982,"type":"tro_bush_2_small"}
{"ctxid":0,"pos":[-125.764,690.021973,165.858994],"rotationMatrix":[-0.326169014,-0.945239425,0,0.945239425,-0.326169014,0,0,0,1],"scale":1.02950001,"type":"tro_bush_2_small"}
{"ctxid":0,"pos":[-140.059998,692.101013,168.839005],"rotationMatrix":[0.436077952,0.899938822,0,-0.899938822,0.436077952,0,0,0,1],"scale":1.18019998,"type":"tro_bush_2_small"}
{"ctxid":0,"pos":[-140.621994,693.185974,168.671997],"rotationMatrix":[-0.341521978,0.939884424,0,-0.939884424,-0.341521978,0,0,0,1],"scale":1.13699996,"type":"tro_bush_2_small"}
{"ctxid":0,"pos":[-144.369995,705.067017,168.373993],"rotationMatrix":[-0.463076234,-0.88626188,0,0.88626188,-0.463076234,0,0,0,1],"scale":0.872699976,"type":"tro_bush_2_small"}
{"ctxid":0,"pos":[-374.967987,780.599976,146.761993],"rotationMatrix":[0.118739128,0.992912054,0,-0.992912054,0.118739128,0,0,0,1],"scale":1.00339997,"type":"tro_bush_2_small"}
{"ctxid":0,"pos":[-362.394989,782.773987,146.561005],"rotationMatrix":[-0.957824826,-0.287915409,0,0.287915409,-0.957824826,0,0,0,1],"scale":0.956399977,"type":"tro_bush_2_small"}
{"ctxid":0,"pos":[-353.473999,785.60199,147.149002],"rotationMatrix":[-0.202490211,-0.979330182,0,0.979330182,-0.202490211,0,0,0,1],"scale":1.1437,"type":"tro_bush_2_small"}
{"ctxid":0,"pos":[-365.259003,795.994019,145.785004],"rotationMatrix":[-0.745833039,-0.665969074,0,0.665969074,-0.745833039,0,0,0,1],"scale":0.838999987,"type":"tro_bush_2_small"}
{"ctxid":0,"pos":[-397.54599,787.323975,148.076004],"rotationMatrix":[0.729151964,0.684332788,0,-0.684332788,0.729151964,0,0,0,1],"scale":1.03890002,"type":"tro_bush_2_small"}
{"ctxid":0,"pos":[-375.877014,797.145996,144.895996],"rotationMatrix":[0.603237689,-0.797533214,0,0.797533214,0.603237689,0,0,0,1],"scale":1.19780004,"type":"tro_bush_2_small"}
{"ctxid":0,"pos":[-452.562012,759.434021,150.093994],"rotationMatrix":[0.478575349,0.878027678,0,-0.878027678,0.478575349,0,0,0,1],"scale":1.16059995,"type":"tro_bush_2_small"}
{"ctxid":0,"pos":[-467.790009,753.546997,150.274002],"rotationMatrix":[0.00171554089,0.999980092,0,-0.999980092,0.00171554089,0,0,0,1],"scale":1.01760006,"type":"tro_bush_2_small"}
{"ctxid":0,"pos":[-480.467987,760.599976,150.638],"rotationMatrix":[-0.648201704,-0.761281073,0,0.761281073,-0.648201704,0,0,0,1],"scale":0.920099974,"type":"tro_bush_2_small"}
{"ctxid":0,"pos":[-489.473999,750.017029,151.059998],"rotationMatrix":[-0.353341579,-0.935460746,0,0.935460746,-0.353341579,0,0,0,1],"scale":0.951399982,"type":"tro_bush_2_small"}
{"ctxid":0,"pos":[-320.365997,587.960999,175.201004],"rotationMatrix":[-0.999599934,-0.0245975386,0,0.0245975386,-0.999599934,0,0,0,1],"scale":0.935199976,"type":"tro_bush_2_small"}
{"ctxid":0,"pos":[-319.192993,577.729004,174.865997],"rotationMatrix":[0.999394476,-0.0347930416,0,0.0347930416,0.999394476,0,0,0,1],"scale":0.947799981,"type":"tro_bush_2_small"}
{"ctxid":0,"pos":[-337.864014,587.604004,175.179993],"rotationMatrix":[-0.909057975,-0.416592807,0,0.416592807,-0.909057975,0,0,0,1],"scale":0.920000017,"type":"tro_bush_2_small"}
{"ctxid":0,"pos":[-364.322998,562.544983,177.339005],"rotationMatrix":[-0.968127966,-0.250777572,0,0.250777572,-0.968127966,0,0,0,1],"scale":0.891900003,"type":"tro_bush_2_small"}
{"ctxid":0,"pos":[-346.161011,591.672974,175.464005],"rotationMatrix":[0.852575541,0.522583187,0,-0.522583187,0.852575541,0,0,0,1],"scale":1.01929998,"type":"tro_bush_2_small"}
{"ctxid":0,"pos":[-346.667999,571.731018,176.121994],"rotationMatrix":[-0.479200006,0.877544045,0,-0.877544045,-0.479200006,0,0,0,1],"scale":1.15390003,"type":"tro_bush_2_small"}
{"ctxid":0,"pos":[-355.091003,575.879028,175.987],"rotationMatrix":[-0.643121958,-0.765908062,0,0.765908062,-0.643121958,0,0,0,1],"scale":0.850099981,"type":"tro_bush_2_small"}
{"ctxid":0,"pos":[-358.17099,556.25,175.513],"rotationMatrix":[0.445174158,-0.895495355,0,0.895495355,0.445174158,0,0,0,1],"scale":1.19939995,"type":"tro_bush_2_small"}
{"ctxid":0,"pos":[-358.778992,542.403992,177.591995],"rotationMatrix":[0.869337261,-0.494228154,0,0.494228154,0.869337261,0,0,0,1],"scale":0.962899983,"type":"tro_bush_2_small"}
{"ctxid":0,"pos":[-373.82901,550.145996,178.472],"rotationMatrix":[-0.998400331,-0.0589764006,0,0.0589764006,-0.998400331,0,0,0,1],"scale":1.19860005,"type":"tro_bush_2_small"}
{"ctxid":0,"pos":[-368.242004,558.067017,178.194],"rotationMatrix":[0.683032811,-0.730354249,0,0.730354249,0.683032811,0,0,0,1],"scale":1.19959998,"type":"tro_bush_2_small"}
{"ctxid":0,"pos":[-366.222992,533.697021,178.647995],"rotationMatrix":[0.822272778,-0.569072902,0,0.569072902,0.822272778,0,0,0,1],"scale":1.18219995,"type":"tro_bush_2_small"}
{"ctxid":0,"pos":[-499.269989,746.554016,152.429993],"rotationMatrix":[-0.905932784,0.423085064,0,-0.423085064,-0.905932784,0,0,0,1],"scale":0.992399991,"type":"tro_bush_2_small"}
{"ctxid":0,"pos":[-453.928009,652.633972,166.223999],"rotationMatrix":[-0.79702878,0.603812337,0,-0.603812337,-0.79702878,0,0,0,1],"scale":1.07739997,"type":"tro_bush_2_small"}
{"ctxid":0,"pos":[-447.471008,642.822998,166.084],"rotationMatrix":[0.445174158,-0.895390034,0,0.895390034,0.445174158,0,0,0,1],"scale":0.960300028,"type":"tro_bush_2_small"}
{"ctxid":0,"pos":[-426.550995,563.963989,178.304001],"rotationMatrix":[-0.939268231,0.343660325,0,-0.343660325,-0.939268231,0,0,0,1],"scale":0.965499997,"type":"tro_bush_2_small"}
{"ctxid":0,"pos":[-379.880005,548.367004,177.576996],"rotationMatrix":[-0.383449912,0.923519671,0,-0.923519671,-0.383449912,0,0,0,1],"scale":1.06879997,"type":"tro_bush_2_small"}
{"ctxid":0,"pos":[-383.059998,541.817993,178.386002],"rotationMatrix":[0.770970881,0.636868775,0,-0.636868775,0.770970881,0,0,0,1],"scale":0.869400024,"type":"tro_bush_2_small"}
{"ctxid":0,"pos":[-397.820007,560.588989,176.337997],"rotationMatrix":[0.99962461,0.0273972601,0,-0.0273972601,0.99962461,0,0,0,1],"scale":1.12320006,"type":"tro_bush_2_small"}
{"ctxid":0,"pos":[-404.119995,555.607971,176.763],"rotationMatrix":[-0.553026915,0.833086491,0,-0.833086491,-0.553026915,0,0,0,1],"scale":1.16670001,"type":"tro_bush_2_small"}
{"ctxid":0,"pos":[-448.906006,598.619019,164.531006],"rotationMatrix":[-0.998800278,0.0499850027,0,-0.0499850027,-0.998800278,0,0,0,1],"scale":0.983500004,"type":"tro_bush_2_small"}
{"ctxid":0,"pos":[-464.609985,606.981995,162.494003],"rotationMatrix":[-0.289296865,-0.957217336,0,0.957217336,-0.289296865,0,0,0,1],"scale":0.870599985,"type":"tro_bush_2_small"}
{"ctxid":0,"pos":[-456.205994,591.89502,164.192001],"rotationMatrix":[-0.812988758,0.582113922,0,-0.582113922,-0.812988758,0,0,0,1],"scale":0.807699978,"type":"tro_bush_2_small"}
{"ctxid":0,"pos":[-464.098999,589.026001,163.697998],"rotationMatrix":[0.984722495,-0.174135759,0,0.174135759,0.984722495,0,0,0,1],"scale":0.995599985,"type":"tro_bush_2_small"}
{"ctxid":0,"pos":[-462.429993,589.64801,163.882004],"rotationMatrix":[-0.175351143,-0.984467685,0,0.984467685,-0.175351143,0,0,0,1],"scale":0.868099988,"type":"tro_bush_2_small"}
{"ctxid":0,"pos":[-486.134003,605.439026,160.526993],"rotationMatrix":[-0.0365120173,-0.999365211,0,0.999365211,-0.0365120173,0,0,0,1],"scale":1.16100001,"type":"tro_bush_2_small"}
{"ctxid":0,"pos":[-494.436005,594.713013,161.628998],"rotationMatrix":[-0.165864468,0.986136556,0,-0.986136556,-0.165864468,0,0,0,1],"scale":1.11759996,"type":"tro_bush_2_small"}
{"ctxid":0,"pos":[-470.928986,586.849976,163.639999],"rotationMatrix":[0.444120347,-0.896029055,0,0.896029055,0.444120347,0,0,0,1],"scale":0.886200011,"type":"tro_bush_2_small"}
{"ctxid":0,"pos":[-447.846008,556.63501,174.647995],"rotationMatrix":[-0.0801559687,0.996818364,0,-0.996818364,-0.0801559687,0,0,0,1],"scale":0.861400008,"type":"tro_bush_2_small"}
{"ctxid":0,"pos":[-462.937012,561.778992,171.136002],"rotationMatrix":[0.734921694,0.678165972,0,-0.678165972,0.734921694,0,0,0,1],"scale":0.846199989,"type":"tro_bush_2_small"}
{"ctxid":0,"pos":[-461.634003,555.567993,170.725998],"rotationMatrix":[-0.996801257,-0.0791366398,0,0.0791366398,-0.996801257,0,0,0,1],"scale":1.06570005,"type":"tro_bush_2_small"}
{"ctxid":0,"pos":[-492.980011,558.021973,170.445007],"rotationMatrix":[-0.998000383,-0.0645677,0,0.0645677,-0.998000383,0,0,0,1],"scale":0.946399987,"type":"tro_bush_2_small"}
{"ctxid":0,"pos":[-26.3941994,350.346985,282.276001],"rotationMatrix":[-0.19351244,0.981074929,0,-0.981074929,-0.19351244,0,0,0,1],"scale":0.84859997,"type":"tro_bush_2_small"}
{"ctxid":0,"pos":[-30.6588993,351.627991,282.433014],"rotationMatrix":[0.939795494,-0.341725588,0,0.341725588,0.939795494,0,0,0,1],"scale":1.08749998,"type":"tro_bush_2_small"}
{"ctxid":0,"pos":[-35.3569984,372.535004,280.601013],"rotationMatrix":[-0.950707674,-0.309711367,0,0.309711367,-0.950707674,0,0,0,1],"scale":0.823400021,"type":"tro_bush_2_small"}
{"ctxid":0,"pos":[-32.3939018,359.708008,280.067993],"rotationMatrix":[0.0746559501,0.997173131,0,-0.997173131,0.0746559501,0,0,0,1],"scale":0.943099976,"type":"tro_bush_2_small"}
{"ctxid":0,"pos":[-37.0321999,357.610992,281.071991],"rotationMatrix":[-0.589901209,0.807611287,0,-0.807611287,-0.589901209,0,0,0,1],"scale":1.00440001,"type":"tro_bush_2_small"}
{"ctxid":0,"pos":[-51.8263016,360.368011,284.125],"rotationMatrix":[-0.476793051,-0.879063904,0,0.879063904,-0.476793051,0,0,0,1],"scale":0.955900013,"type":"tro_bush_2_small"}
{"ctxid":0,"pos":[-53.2827988,349.774994,284.911011],"rotationMatrix":[-0.505806565,-0.862493813,0,0.862493813,-0.505806565,0,0,0,1],"scale":0.835300028,"type":"tro_bush_2_small"}
{"ctxid":0,"pos":[-98.8182983,253.658997,267.983002],"rotationMatrix":[-0.385446548,-0.922687829,0,0.922687829,-0.385446548,0,0,0,1],"scale":0.930800021,"type":"tro_bush_2_small"}
{"ctxid":0,"pos":[-123.379997,256.427002,255.410995],"rotationMatrix":[-0.0701845884,-0.997619748,0,0.997619748,-0.0701845884,0,0,0,1],"scale":0.805700004,"type":"tro_bush_2_small"}
{"ctxid":0,"pos":[-100.681,277.781006,251.423004],"rotationMatrix":[0.483871996,-0.875080824,0,0.875080824,0.483871996,0,0,0,1],"scale":1.1846,"type":"tro_bush_2_small"}
{"ctxid":0,"pos":[-100.348999,274.93399,252.117004],"rotationMatrix":[0.184380114,-0.982805431,0,0.982805431,0.184380114,0,0,0,1],"scale":1.15550005,"type":"tro_bush_2_small"}
{"ctxid":0,"pos":[-108.026001,284.239014,251.406998],"rotationMatrix":[0.642311215,0.766463935,0,-0.766463935,0.642311215,0,0,0,1],"scale":1.15110004,"type":"tro_bush_2_small"}
{"ctxid":0,"pos":[-109.833,282.014008,251.031998],"rotationMatrix":[0.087669611,0.996215045,0,-0.996215045,0.087669611,0,0,0,1],"scale":1.03470004,"type":"tro_bush_2_small"}
{"ctxid":0,"pos":[-97.498497,303.545013,248.468994],"rotationMatrix":[-0.937693,0.34765476,0,-0.34765476,-0.937693,0,0,0,1],"scale":0.992699981,"type":"tro_bush_2_small"}
{"ctxid":0,"pos":[-95.7970963,295.274994,250.292999],"rotationMatrix":[-0.979254007,0.203536078,0,-0.203536078,-0.979254007,0,0,0,1],"scale":0.849699974,"type":"tro_bush_2_small"}
{"ctxid":0,"pos":[-121.265999,270.044006,254.098007],"rotationMatrix":[0.980477095,-0.196631774,0,0.196631774,0.980477095,0,0,0,1],"scale":0.940299988,"type":"tro_bush_2_small"}
{"ctxid":0,"pos":[-150.041,328.806,235.153],"rotationMatrix":[0.518034339,-0.855344176,0,0.855344176,0.518034339,0,0,0,1],"scale":1.10259998,"type":"tro_bush_2_small"}
{"ctxid":0,"pos":[-129.720001,263.80899,255.649002],"rotationMatrix":[-0.755563259,-0.6548931,0,0.6548931,-0.755563259,0,0,0,1],"scale":1.06589997,"type":"tro_bush_2_small"}
{"ctxid":0,"pos":[-134.104004,261.265991,256.781006],"rotationMatrix":[-0.998800278,-0.0505848192,0,0.0505848192,-0.998800278,0,0,0,1],"scale":1.16470003,"type":"tro_bush_2_small"}
{"ctxid":0,"pos":[-98.3550034,189.751007,241.651001],"rotationMatrix":[0.543605447,-0.839318871,0,0.839318871,0.543605447,0,0,0,1],"scale":0.946500003,"type":"tro_bush_2_small"}
{"ctxid":0,"pos":[-102.555,181.145996,241.710007],"rotationMatrix":[0.343112826,0.939310908,0,-0.939310908,0.343112826,0,0,0,1],"scale":1.06819999,"type":"tro_bush_2_small"}
{"ctxid":0,"pos":[-43.4827995,79.3348007,227.477005],"rotationMatrix":[0.713172674,0.70097363,0,-0.70097363,0.713172674,0,0,0,1],"scale":1.09500003,"type":"tro_bush_2_small"}
{"ctxid":0,"pos":[-42.8662987,84.1038971,227.727997],"rotationMatrix":[0.692515135,-0.721385598,0,0.721385598,0.692515135,0,0,0,1],"scale":1.1523,"type":"tro_bush_2_small"}
{"ctxid":0,"pos":[-53.7854996,78.9487,227.313995],"rotationMatrix":[-0.29122448,-0.956647098,0,0.956647098,-0.29122448,0,0,0,1],"scale":0.999499977,"type":"tro_bush_2_small"}
{"ctxid":0,"pos":[-122.906998,63.9077988,218.408005],"rotationMatrix":[-0.944786549,0.327385187,0,-0.327385187,-0.944786549,0,0,0,1],"scale":0.840900004,"type":"tro_bush_2_small"}
{"ctxid":0,"pos":[-124.294998,68.4826965,218.514008],"rotationMatrix":[-0.689857244,0.72396189,0,-0.72396189,-0.689857244,0,0,0,1],"scale":1.00680006,"type":"tro_bush_2_small"}
{"ctxid":0,"pos":[-129.945999,247.237,261.178009],"rotationMatrix":[-0.626847148,-0.779241621,0,0.779241621,-0.626847148,0,0,0,1],"scale":1.16040003,"type":"tro_bush_2_small"}
{"ctxid":0,"pos":[-127.003998,239.084,260.770996],"rotationMatrix":[0.989574313,0.144024566,0,-0.144024566,0.989574313,0,0,0,1],"scale":1.15349996,"type":"tro_bush_2_small"}
{"ctxid":0,"pos":[-154.016998,233.529007,257.829987],"rotationMatrix":[0.0686604977,-0.997668803,0,0.997668803,0.0686604977,0,0,0,1],"scale":1.10329998,"type":"tro_bush_2_small"}
{"ctxid":0,"pos":[-153.406998,245.511002,258.158997],"rotationMatrix":[-0.397792101,-0.917593598,0,0.917593598,-0.397792101,0,0,0,1],"scale":1.17789996,"type":"tro_bush_2_small"}
{"ctxid":0,"pos":[-142.013,242.238007,258.695007],"rotationMatrix":[0.925810456,0.377996743,0,-0.377996743,0.925810456,0,0,0,1],"scale":0.99180001,"type":"tro_bush_2_small"}
{"ctxid":0,"pos":[-130.031998,167.498001,241.207993],"rotationMatrix":[0.426907778,0.904335797,0,-0.904335797,0.426907778,0,0,0,1],"scale":0.898299992,"type":"tro_bush_2_small"}
{"ctxid":0,"pos":[-125.732002,177.395996,240.720001],"rotationMatrix":[0.999468625,0.0325967409,0,-0.0325967409,0.999468625,0,0,0,1],"scale":0.954100013,"type":"tro_bush_2_small"}
{"ctxid":0,"pos":[-144.391006,74.7005997,220.733002],"rotationMatrix":[-0.617480874,-0.78670764,0,0.78670764,-0.617480874,0,0,0,1],"scale":1.09060001,"type":"tro_bush_2_small"}
{"ctxid":0,"pos":[-133.223999,69.2278976,218.800003],"rotationMatrix":[0.670328021,-0.742086768,0,0.742086768,0.670328021,0,0,0,1],"scale":0.879599988,"type":"tro_bush_2_small"}
{"ctxid":0,"pos":[-126.918999,66.2117004,218.606995],"rotationMatrix":[0.993993938,-0.109435596,0,0.109435596,0.993993938,0,0,0,1],"scale":0.8653,"type":"tro_bush_2_small"}
{"ctxid":0,"pos":[-131.813004,74.7994003,219.246994],"rotationMatrix":[0.530325651,0.847759247,0,-0.847759247,0.530325651,0,0,0,1],"scale":0.903299987,"type":"tro_bush_2_small"}
{"ctxid":0,"pos":[-140.667999,80.3263016,221.001999],"rotationMatrix":[0.249197483,-0.968433619,0,0.968433619,0.249197483,0,0,0,1],"scale":0.967499971,"type":"tro_bush_2_small"}
{"ctxid":0,"pos":[-187.175995,70.2671967,227.880997],"rotationMatrix":[-0.603482246,0.797443271,0,-0.797443271,-0.603482246,0,0,0,1],"scale":0.869400024,"type":"tro_bush_2_small"}
{"ctxid":0,"pos":[-186.376999,80.1903992,228.326996],"rotationMatrix":[-0.094312191,-0.995636165,0,0.995636165,-0.094312191,0,0,0,1],"scale":0.913500011,"type":"tro_bush_2_small"}
{"ctxid":0,"pos":[-183.449005,80.7830963,228.337006],"rotationMatrix":[0.838688016,-0.544598401,0,0.544598401,0.838688016,0,0,0,1],"scale":0.964699984,"type":"tro_bush_2_small"}
{"ctxid":0,"pos":[-145.031998,61.7709999,219.785004],"rotationMatrix":[0.892073393,0.451869935,0,-0.451869935,0.892073393,0,0,0,1],"scale":0.808200002,"type":"tro_bush_2_small"}
{"ctxid":0,"pos":[-190.020996,69.6307983,228.378006],"rotationMatrix":[0.954699516,-0.297568589,0,0.297568589,0.954699516,0,0,0,1],"scale":0.810699999,"type":"tro_bush_2_small"}
{"ctxid":0,"pos":[-193.110992,80.6997986,229.692001],"rotationMatrix":[0.99535352,0.096284315,0,-0.096284315,0.99535352,0,0,0,1],"scale":0.931599975,"type":"tro_bush_2_small"}
{"ctxid":0,"pos":[-223.578003,69.5226974,231.453995],"rotationMatrix":[0.832495272,0.554027379,0,-0.554027379,0.832495272,0,0,0,1],"scale":0.819299996,"type":"tro_bush_2_small"}
{"ctxid":0,"pos":[-211.686005,71.821701,230.289993],"rotationMatrix":[-0.994403958,-0.104653284,0,0.104653284,-0.994403958,0,0,0,1],"scale":1.05840003,"type":"tro_bush_2_small"}
{"ctxid":0,"pos":[-319.976013,275.92099,206.197998],"rotationMatrix":[0.984229147,-0.176889598,0,0.176889598,0.984229147,0,0,0,1],"scale":1.06009996,"type":"tro_bush_2_small"}
{"ctxid":0,"pos":[-330.333008,257.27301,206.787994],"rotationMatrix":[0.513507485,0.85806936,0,-0.85806936,0.513507485,0,0,0,1],"scale":1.00569999,"type":"tro_bush_2_small"}
{"ctxid":0,"pos":[-390.75,380.460999,158.007996],"rotationMatrix":[0.653222084,0.757181764,0,-0.757181764,0.653222084,0,0,0,1],"scale":1.05180001,"type":"tro_bush_2_small"}
{"ctxid":0,"pos":[-397.11499,385.326996,155.421005],"rotationMatrix":[0.943080604,-0.332575172,0,0.332575172,0.943080604,0,0,0,1],"scale":1.19869995,"type":"tro_bush_2_small"}
{"ctxid":0,"pos":[-381.792999,350.835999,162.016006],"rotationMatrix":[-0.87986052,-0.475248903,0,0.475248903,-0.87986052,0,0,0,1],"scale":1.1846,"type":"tro_bush_2_small"}
{"ctxid":0,"pos":[-394.415985,365.368011,157.557007],"rotationMatrix":[0.985753298,-0.168192312,0,0.168192312,0.985753298,0,0,0,1],"scale":1.09990001,"type":"tro_bush_2_small"}
{"ctxid":0,"pos":[-394.385986,360.556,158.181],"rotationMatrix":[-0.968524814,0.249413937,0,-0.249413937,-0.968524814,0,0,0,1],"scale":1.05379999,"type":"tro_bush_2_small"}
{"ctxid":0,"pos":[-391.011993,349.279999,159.671005],"rotationMatrix":[0.438623905,0.898646772,0,-0.898646772,0.438623905,0,0,0,1],"scale":1.00779998,"type":"tro_bush_2_small"}
{"ctxid":0,"pos":[-401.03299,353.225006,158.350998],"rotationMatrix":[0.561764717,0.82731998,0,-0.82731998,0.561764717,0,0,0,1],"scale":1.0316,"type":"tro_bush_2_small"}
{"ctxid":0,"pos":[-257.670013,240.181,214.425995],"rotationMatrix":[-0.0675526857,-0.997707367,0,0.997707367,-0.0675526857,0,0,0,1],"scale":1.01450002,"type":"tro_bush_2_small"}
{"ctxid":0,"pos":[-261.544006,235.460999,213.923996],"rotationMatrix":[0.245025218,0.969523191,0,-0.969523191,0.245025218,0,0,0,1],"scale":0.971199989,"type":"tro_bush_2_small"}
{"ctxid":0,"pos":[-267.035004,248.720993,214.811005],"rotationMatrix":[0.50239706,0.864619911,0,-0.864619911,0.50239706,0,0,0,1],"scale":0.940599978,"type":"tro_bush_2_small"}
{"ctxid":0,"pos":[-271.162994,241.203003,214.201004],"rotationMatrix":[-0.564680576,-0.825238526,0,0.825238526,-0.564680576,0,0,0,1],"scale":0.815500021,"type":"tro_bush_2_small"}
{"ctxid":0,"pos":[-274.173004,237.813995,213.449997],"rotationMatrix":[-0.224612594,0.974525511,0,-0.974525511,-0.224612594,0,0,0,1],"scale":1.14209998,"type":"tro_bush_2_small"}
{"ctxid":0,"pos":[-290.53299,221.817993,212.337997],"rotationMatrix":[-0.652925611,0.757462084,0,-0.757462084,-0.652925611,0,0,0,1],"scale":1.05309999,"type":"tro_bush_2_small"}
{"ctxid":0,"pos":[-291.962006,217.139008,212.126999],"rotationMatrix":[-0.970509648,-0.241598845,0,0.241598845,-0.970509648,0,0,0,1],"scale":0.925100029,"type":"tro_bush_2_small"}
{"ctxid":0,"pos":[-283.330994,211.817001,213.376999],"rotationMatrix":[0.876495481,0.481394202,0,-0.481394202,0.876495481,0,0,0,1],"scale":1.02090001,"type":"tro_bush_2_small"}
{"ctxid":0,"pos":[-281.882996,215.268997,213.136993],"rotationMatrix":[0.257994413,0.966154397,0,-0.966154397,0.257994413,0,0,0,1],"scale":0.8926,"type":"tro_bush_2_small"}
{"ctxid":0,"pos":[-320.084991,236.216995,206.013],"rotationMatrix":[0.877388477,-0.4797993,0,0.4797993,0.877388477,0,0,0,1],"scale":0.842599988,"type":"tro_bush_2_small"}
{"ctxid":0,"pos":[-326.239014,222.701996,207.464005],"rotationMatrix":[0.686684728,-0.726926267,0,0.726926267,0.686684728,0,0,0,1],"scale":0.854200006,"type":"tro_bush_2_small"}
{"ctxid":0,"pos":[-331.60199,240.373993,206.856003],"rotationMatrix":[-0.812608123,-0.582624018,0,0.582624018,-0.812608123,0,0,0,1],"scale":1.00870001,"type":"tro_bush_2_small"}
{"ctxid":0,"pos":[-333.92099,233.518997,207.020004],"rotationMatrix":[0.95000881,-0.312215865,0,0.312215865,0.95000881,0,0,0,1],"scale":1.00849998,"type":"tro_bush_2_small"}
{"ctxid":0,"pos":[-329.60199,219.063995,207.498001],"rotationMatrix":[-0.992407203,0.12356478,0,-0.12356478,-0.992407203,0,0,0,1],"scale":0.838400006,"type":"tro_bush_2_small"}
{"ctxid":0,"pos":[-339.502014,219.856003,207.621994],"rotationMatrix":[0.160192013,-0.987163186,0,0.987163186,0.160192013,0,0,0,1],"scale":0.921899974,"type":"tro_bush_2_small"}
{"ctxid":0,"pos":[-328.205994,196.235001,210.074005],"rotationMatrix":[-0.948337913,0.317221791,0,-0.317221791,-0.948337913,0,0,0,1],"scale":1.16919994,"type":"tro_bush_2_small"}
{"ctxid":0,"pos":[-313.934998,181.917007,213.266006],"rotationMatrix":[-0.160678506,-0.986988127,0,0.986988127,-0.160678506,0,0,0,1],"scale":1.03110003,"type":"tro_bush_2_small"}
{"ctxid":0,"pos":[-412.84201,221.925003,185.376007],"rotationMatrix":[0.979638398,-0.200770825,0,0.200770825,0.979638398,0,0,0,1],"scale":0.808300018,"type":"tro_bush_2_small"}
{"ctxid":0,"pos":[-410.97699,226.481995,186.380005],"rotationMatrix":[0.276154876,-0.961116135,0,0.961116135,0.276154876,0,0,0,1],"scale":0.841600001,"type":"tro_bush_2_small"}
{"ctxid":0,"pos":[-408.613007,228.300003,187.813995],"rotationMatrix":[-0.986024618,-0.167212695,0,0.167212695,-0.986024618,0,0,0,1],"scale":1.04610002,"type":"tro_bush_2_small"}
{"ctxid":0,"pos":[-406.907013,230.013,187.761002],"rotationMatrix":[-0.535452962,-0.844656825,0,0.844656825,-0.535452962,0,0,0,1],"scale":1.17019999,"type":"tro_bush_2_small"}
{"ctxid":0,"pos":[-417.709991,213.514999,182.009003],"rotationMatrix":[0.987800777,-0.155715793,0,0.155715793,0.987800777,0,0,0,1],"scale":1.02939999,"type":"tro_bush_2_small"}
{"ctxid":0,"pos":[-415.632996,216.337997,183.929993],"rotationMatrix":[0.506975532,0.861923933,0,-0.861923933,0.506975532,0,0,0,1],"scale":1.19089997,"type":"tro_bush_2_small"}
{"ctxid":0,"pos":[-412.75,212.839996,186.414993],"rotationMatrix":[0.445174158,-0.895390034,0,0.895390034,0.445174158,0,0,0,1],"scale":1.03729999,"type":"tro_bush_2_small"}
{"ctxid":0,"pos":[-413.790985,202.199997,184.391998],"rotationMatrix":[0.399830282,-0.916578948,0,0.916578948,0.399830282,0,0,0,1],"scale":1.06830001,"type":"tro_bush_2_small"}
{"ctxid":0,"pos":[-397.622986,77.1123962,192.445999],"rotationMatrix":[0.063193202,0.997992098,0,-0.997992098,0.063193202,0,0,0,1],"scale":0.839699984,"type":"tro_bush_2_small"}
{"ctxid":0,"pos":[-401.519012,66.0350037,190.912003],"rotationMatrix":[0.89766711,0.440682828,0,-0.440682828,0.89766711,0,0,0,1],"scale":1.11459994,"type":"tro_bush_2_small"}
{"ctxid":0,"pos":[-403.549011,57.3711014,191.412994],"rotationMatrix":[0.285270274,0.958512545,0,-0.958512545,0.285270274,0,0,0,1],"scale":1.16799998,"type":"tro_bush_2_small"}
{"ctxid":0,"pos":[-400.536987,40.8721008,195.110992],"rotationMatrix":[-0.751443386,-0.659551859,0,0.659551859,-0.751443386,0,0,0,1],"scale":0.931800008,"type":"tro_bush_2_small"}
{"ctxid":0,"pos":[-411.334991,40.2294006,195.647003],"rotationMatrix":[-0.995683789,0.0942889825,-2.99885869e-07,-0.0935269818,-0.987637281,0.126888901,0.0119631002,0.1263237,0.991917491],"scale":1.20190001,"type":"tro_bush_2_small"}
{"ctxid":0,"pos":[-501.424988,758.177979,151.490997],"rotationMatrix":[-0.602408051,-0.798071146,0,0.798071146,-0.602408051,0,0,0,1],"scale":1.16890001,"type":"tro_bush_2_small"}
{"ctxid":0,"pos":[-526.106018,633.27002,161.018005],"rotationMatrix":[0.909772456,-0.415114552,0,0.415114552,0.909772456,0,0,0,1],"scale":1.04480004,"type":"tro_bush_2_small"}
{"ctxid":0,"pos":[-522.653015,627.127014,161.123001],"rotationMatrix":[-0.994004488,-0.109834999,0,0.109834999,-0.994004488,0,0,0,1],"scale":0.850799978,"type":"tro_bush_2_small"}
{"ctxid":0,"pos":[-609.612,734.784973,149.242004],"rotationMatrix":[-0.974879503,-0.221992582,0,0.221992582,-0.974879503,0,0,0,1],"scale":1.17760003,"type":"tro_bush_2_small"}
{"ctxid":0,"pos":[-605.768005,724.184021,148.294998],"rotationMatrix":[0.657539129,0.753446996,0,-0.753446996,0.657539129,0,0,0,1],"scale":1.03649998,"type":"tro_bush_2_small"}
{"ctxid":0,"pos":[-524.869995,549.971008,166.695007],"rotationMatrix":[-0.80413866,0.591698647,-0.0566678196,-0.590108037,-0.806131601,-0.0433810614,-0.0713517368,-0.00144477934,0.997450113],"scale":1.10339999,"type":"tro_bush_2_small"}
{"ctxid":0,"pos":[-528.911987,536.882019,164.804993],"rotationMatrix":[-0.696113586,-0.717933655,0,0.717933655,-0.696113586,0,0,0,1],"scale":0.860899985,"type":"tro_bush_2_small"}
{"ctxid":0,"pos":[-527.190002,538.284973,165.419998],"rotationMatrix":[-0.99200809,0.127344802,0,-0.127344802,-0.99200809,0,0,0,1],"scale":1.01329994,"type":"tro_bush_2_small"}
