{"ctxid":0,"pos":[116.438026,-604.651184,137.639465],"rotationMatrix":[-0.61451596,0.788904428,0,-0.788904428,-0.61451596,0,0,0,1],"scale":0.941742778,"type":"tro_tree_2_tall_02"}
{"ctxid":0,"pos":[-183.908066,-520.986572,131.342453],"rotationMatrix":[0.686453521,-0.727173686,0,0.727173686,0.686453521,0,0,0,1],"scale":0.94995296,"type":"tro_tree_2_tall_02"}
{"ctxid":0,"pos":[-336.24292,-519.762878,137.317108],"rotationMatrix":[0.998658657,-0.0517769232,0,0.0517769232,0.998658657,0,0,0,1],"scale":1.02745461,"type":"tro_tree_2_tall_02"}
{"ctxid":0,"pos":[778.880981,949.250305,146.758698],"rotationMatrix":[-0.504338861,0.86350584,0,-0.86350584,-0.504338861,0,0,0,1],"scale":0.904215336,"type":"tro_tree_2_tall_02"}
{"ctxid":0,"pos":[-575.399292,-482.133942,136.201874],"rotationMatrix":[0.928106487,0.37231487,0,-0.37231487,0.928106487,0,0,0,1],"scale":0.987469554,"type":"tro_tree_2_tall_02"}
{"ctxid":0,"pos":[-609.977966,-458.000824,143.834244],"rotationMatrix":[-0.0619281866,0.998080611,0,-0.998080611,-0.0619281866,0,0,0,1],"scale":0.951266289,"type":"tro_tree_2_tall_02"}
{"ctxid":0,"pos":[-593.324585,-447.629456,141.038849],"rotationMatrix":[0.844328225,-0.535826325,0,0.535826325,0.844328225,0,0,0,1],"scale":0.927045226,"type":"tro_tree_2_tall_02"}
{"ctxid":0,"pos":[-835.579956,-562.093994,144.725189],"rotationMatrix":[-0.984181046,0.177165776,0,-0.177165776,-0.984181046,0,0,0,1],"scale":0.968034387,"type":"tro_tree_2_tall_02"}
{"ctxid":0,"pos":[-684.986084,-493.304443,157.531708],"rotationMatrix":[0.491655797,-0.870789647,0,0.870789647,0.491655797,0,0,0,1],"scale":1.09255552,"type":"tro_tree_2_tall_02"}
{"ctxid":0,"pos":[-638.184998,-475.2547,148.954956],"rotationMatrix":[-0.618163288,-0.786049724,0,0.786049724,-0.618163288,0,0,0,1],"scale":0.996336222,"type":"tro_tree_2_tall_02"}
{"ctxid":0,"pos":[-571.058899,483.058197,154.174469],"rotationMatrix":[0.971824467,-0.235705659,0,0.235705659,0.971824467,0,0,0,1],"scale":1.00471473,"type":"tro_tree_2_tall_02"}
{"ctxid":0,"pos":[-29.7899704,-688.095459,158.345703],"rotationMatrix":[0.995579481,-0.0939228982,0,0.0939228982,0.995579481,0,0,0,1],"scale":0.965857029,"type":"tro_tree_2_tall_02"}
{"ctxid":0,"pos":[4.17677498,-680.529724,159.061371],"rotationMatrix":[0.246801913,0.969065964,0,-0.969065964,0.246801913,0,0,0,1],"scale":0.929731607,"type":"tro_tree_2_tall_02"}
{"ctxid":0,"pos":[14.2735367,-693.268799,158.558868],"rotationMatrix":[-0.796140075,-0.605112374,0,0.605112374,-0.796140075,0,0,0,1],"scale":0.926276684,"type":"tro_tree_2_tall_02"}
{"ctxid":0,"pos":[-151.262695,-677.491333,153.214523],"rotationMatrix":[0.984746099,0.173997343,0,-0.173997343,0.984746099,0,0,0,1],"scale":0.970633209,"type":"tro_tree_2_tall_02"}
{"ctxid":0,"pos":[-186.486115,-695.493469,150.434998],"rotationMatrix":[0.591377795,-0.806394637,0,0.806394637,0.591377795,0,0,0,1],"scale":1.09853733,"type":"tro_tree_2_tall_02"}
{"ctxid":0,"pos":[-204.399155,-814.624207,149.919525],"rotationMatrix":[-0.208491176,0.978024244,0,-0.978024244,-0.208491176,0,0,0,1],"scale":0.992957175,"type":"tro_tree_2_tall_02"}
{"ctxid":0,"pos":[-220.583664,-792.190979,147.714447],"rotationMatrix":[-0.630289674,0.776360095,0,-0.776360095,-0.630289674,0,0,0,1],"scale":0.927097142,"type":"tro_tree_2_tall_02"}
{"ctxid":0,"pos":[-298.023926,-812.214355,187.03714],"rotationMatrix":[0.877210259,-0.480106384,0,0.480106384,0.877210259,0,0,0,1],"scale":0.910172343,"type":"tro_tree_2_tall_02"}
{"ctxid":0,"pos":[-455.795807,-718.296326,169.252716],"rotationMatrix":[0.949329972,-0.314281106,0,0.314281106,0.949329972,0,0,0,1],"scale":0.989278078,"type":"tro_tree_2_tall_02"}
{"ctxid":0,"pos":[-487.891174,-826.873657,173.444824],"rotationMatrix":[-0.998207808,0.0598431379,0,-0.0598431379,-0.998207808,0,0,0,1],"scale":0.996959925,"type":"tro_tree_2_tall_02"}
{"ctxid":0,"pos":[-662.51355,-864.207275,176.692017],"rotationMatrix":[-0.73622936,0.676732123,0,-0.676732123,-0.73622936,0,0,0,1],"scale":1.03552389,"type":"tro_tree_2_tall_02"}
{"ctxid":0,"pos":[-184.385956,-420.998749,131.623566],"rotationMatrix":[-0.308798969,0.95112735,0,-0.95112735,-0.308798969,0,0,0,1],"scale":0.923541903,"type":"tro_tree_2_tall_02"}
{"ctxid":0,"pos":[-90.8495331,-558.846924,131.943802],"rotationMatrix":[0.44975993,-0.893149495,0,0.893149495,0.44975993,0,0,0,1],"scale":0.917662263,"type":"tro_tree_2_tall_02"}
{"ctxid":0,"pos":[-78.7258911,-566.006897,132.233963],"rotationMatrix":[0.072360836,-0.997378528,0,0.997378528,0.072360836,0,0,0,1],"scale":0.977677703,"type":"tro_tree_2_tall_02"}
{"ctxid":0,"pos":[-526.280151,-831.780579,172.832642],"rotationMatrix":[-0.997799695,-0.0663009882,0,0.0663009882,-0.997799695,0,0,0,1],"scale":0.911299944,"type":"tro_tree_2_tall_02"}
{"ctxid":0,"pos":[-299.623322,-521.837219,138.954208],"rotationMatrix":[-0.0662327856,0.997804224,0,-0.997804224,-0.0662327856,0,0,0,1],"scale":1.06628907,"type":"tro_tree_2_tall_02"}
{"ctxid":0,"pos":[-406.562683,-498.72757,133.69397],"rotationMatrix":[0.938309014,-0.345797867,0,0.345797867,0.938309014,0,0,0,1],"scale":0.926728427,"type":"tro_tree_2_tall_02"}
{"ctxid":0,"pos":[-443.836487,-446.322327,134.745682],"rotationMatrix":[0.685936987,-0.727660894,0,0.727660894,0.685936987,0,0,0,1],"scale":0.983535886,"type":"tro_tree_2_tall_02"}
{"ctxid":0,"pos":[-365.720062,-468.010559,133.028534],"rotationMatrix":[0.417247206,-0.908793032,0,0.908793032,0.417247206,0,0,0,1],"scale":1.07741618,"type":"tro_tree_2_tall_02"}
{"ctxid":0,"pos":[-223.588593,-495.912903,132.234879],"rotationMatrix":[0.991233826,-0.132119402,0,0.132119402,0.991233826,0,0,0,1],"scale":1.00423563,"type":"tro_tree_2_tall_02"}
{"ctxid":0,"pos":[-338.471497,-441.313538,138.155273],"rotationMatrix":[0.0365709886,0.999331057,0,-0.999331057,0.0365709886,0,0,0,1],"scale":1.01565444,"type":"tro_tree_2_tall_02"}
{"ctxid":0,"pos":[-367.876099,-393.273224,130.244629],"rotationMatrix":[0.884240627,-0.467031628,0,0.467031628,0.884240627,0,0,0,1],"scale":0.941589952,"type":"tro_tree_2_tall_02"}
{"ctxid":0,"pos":[-413.036041,-407.191986,134.737106],"rotationMatrix":[0.139940858,-0.990159869,0,0.990159869,0.139940858,0,0,0,1],"scale":1.04336727,"type":"tro_tree_2_tall_02"}
{"ctxid":0,"pos":[-524.098816,-437.755341,137.243927],"rotationMatrix":[0.606456637,0.795116544,0,-0.795116544,0.606456637,0,0,0,1],"scale":1.00542474,"type":"tro_tree_2_tall_02"}
{"ctxid":0,"pos":[-505.065674,-446.559814,133.68219],"rotationMatrix":[-0.810812354,0.585306168,0,-0.585306168,-0.810812354,0,0,0,1],"scale":1.03365767,"type":"tro_tree_2_tall_02"}
{"ctxid":0,"pos":[-466.487549,-360.068176,138.793579],"rotationMatrix":[-0.544304311,0.838887811,0,-0.838887811,-0.544304311,0,0,0,1],"scale":1.05504882,"type":"tro_tree_2_tall_02"}
{"ctxid":0,"pos":[-561.842285,-359.435822,138.94812],"rotationMatrix":[-0.998607278,-0.0527588949,0,0.0527588949,-0.998607278,0,0,0,1],"scale":0.965446115,"type":"tro_tree_2_tall_02"}
{"ctxid":0,"pos":[-590.028809,-636.153931,154.924896],"rotationMatrix":[-0.965755701,-0.259453088,0,0.259453088,-0.965755701,0,0,0,1],"scale":1.0160197,"type":"tro_tree_2_tall_02"}
{"ctxid":0,"pos":[-611.117493,-643.333862,153.036346],"rotationMatrix":[-0.945605755,-0.325314939,0,0.325314939,-0.945605755,0,0,0,1],"scale":1.03391945,"type":"tro_tree_2_tall_02"}
{"ctxid":0,"pos":[-616.588928,-554.849731,142.237961],"rotationMatrix":[0.139631942,-0.9902035,0,0.9902035,0.139631942,0,0,0,1],"scale":0.982217014,"type":"tro_tree_2_tall_02"}
{"ctxid":0,"pos":[-655.506165,-622.99054,150.762024],"rotationMatrix":[-0.959709764,0.280993104,0,-0.280993104,-0.959709764,0,0,0,1],"scale":0.941662252,"type":"tro_tree_2_tall_02"}
{"ctxid":0,"pos":[-650.153015,-593.358704,148.210846],"rotationMatrix":[-0.860336304,-0.509726763,0,0.509726763,-0.860336304,0,0,0,1],"scale":1.02561927,"type":"tro_tree_2_tall_02"}
{"ctxid":0,"pos":[-561.007996,-495.768097,137.224518],"rotationMatrix":[0.795979083,0.605324149,0,-0.605324149,0.795979083,0,0,0,1],"scale":0.957605481,"type":"tro_tree_2_tall_02"}
{"ctxid":0,"pos":[-592.007507,-527.841064,139.146423],"rotationMatrix":[0.995767891,-0.0919037834,0,0.0919037834,0.995767891,0,0,0,1],"scale":0.984405875,"type":"tro_tree_2_tall_02"}
{"ctxid":0,"pos":[-410.713287,-726.561035,165.77681],"rotationMatrix":[-0.683677793,-0.729784012,0,0.729784012,-0.683677793,0,0,0,1],"scale":0.910215139,"type":"tro_tree_2_tall_02"}
{"ctxid":0,"pos":[-478.582458,-684.659729,161.296631],"rotationMatrix":[-0.969313085,-0.245829463,0,0.245829463,-0.969313085,0,0,0,1],"scale":1.04186416,"type":"tro_tree_2_tall_02"}
{"ctxid":0,"pos":[-365.05246,-765.850037,181.743362],"rotationMatrix":[-0.0654667467,0.997854769,0,-0.997854769,-0.0654667467,0,0,0,1],"scale":1.00885499,"type":"tro_tree_2_tall_02"}
{"ctxid":0,"pos":[-618.064636,-573.778076,143.651443],"rotationMatrix":[0.830422759,0.557133794,0,-0.557133794,0.830422759,0,0,0,1],"scale":1.06440902,"type":"tro_tree_2_tall_02"}
{"ctxid":0,"pos":[-305.603851,-335.26828,132.50563],"rotationMatrix":[-0.16451332,0.986374855,0,-0.986374855,-0.16451332,0,0,0,1],"scale":0.926930785,"type":"tro_tree_2_tall_02"}
{"ctxid":0,"pos":[-588.924255,-822.130554,173.885223],"rotationMatrix":[-0.173928469,0.984758317,0,-0.984758317,-0.173928469,0,0,0,1],"scale":1.01939631,"type":"tro_tree_2_tall_02"}
{"ctxid":0,"pos":[-353.474365,-797.934265,184.808228],"rotationMatrix":[-0.681173682,0.732121825,0,-0.732121825,-0.681173682,0,0,0,1],"scale":1.01686132,"type":"tro_tree_2_tall_02"}
{"ctxid":0,"pos":[-816.387939,-539.488281,151.738861],"rotationMatrix":[-0.992031455,-0.125990272,0,0.125990272,-0.992031455,0,0,0,1],"scale":1.06584227,"type":"tro_tree_2_tall_02"}
{"ctxid":0,"pos":[-854.329651,-644.573059,151.261505],"rotationMatrix":[-0.99918735,0.0403067023,0,-0.0403067023,-0.99918735,0,0,0,1],"scale":1.07641625,"type":"tro_tree_2_tall_02"}
{"ctxid":0,"pos":[-826.803589,-352.973358,160.190521],"rotationMatrix":[0.815586925,-0.57863456,0,0.57863456,0.815586925,0,0,0,1],"scale":0.918711185,"type":"tro_tree_2_tall_02"}
{"ctxid":0,"pos":[-904.070007,-127.683357,173.192963],"rotationMatrix":[0.95404762,0.29965511,0,-0.29965511,0.95404762,0,0,0,1],"scale":1.08735597,"type":"tro_tree_2_tall_02"}
{"ctxid":0,"pos":[-756.700745,-186.235992,179.808228],"rotationMatrix":[0.836260736,0.548331976,0,-0.548331976,0.836260736,0,0,0,1],"scale":0.904149413,"type":"tro_tree_2_tall_02"}
{"ctxid":0,"pos":[-728.483704,-139.119919,173.048737],"rotationMatrix":[0.997706234,-0.067692332,0,0.067692332,0.997706234,0,0,0,1],"scale":0.928386092,"type":"tro_tree_2_tall_02"}
{"ctxid":0,"pos":[-735.765198,-809.095398,162.426727],"rotationMatrix":[-0.950490177,-0.310754538,0,0.310754538,-0.950490177,0,0,0,1],"scale":0.97721684,"type":"tro_tree_2_tall_02"}
{"ctxid":0,"pos":[-851.178711,-568.520996,144.08844],"rotationMatrix":[0.855955124,0.517050147,0,-0.517050147,0.855955124,0,0,0,1],"scale":0.995071054,"type":"tro_tree_2_tall_02"}
{"ctxid":0,"pos":[-472.531433,-524.979553,135.656845],"rotationMatrix":[-0.698850811,-0.715267479,0,0.715267479,-0.698850811,0,0,0,1],"scale":1.06005192,"type":"tro_tree_2_tall_02"}
{"ctxid":0,"pos":[596.375366,-950.976929,138.752792],"rotationMatrix":[0.332009643,0.943275988,0,-0.943275988,0.332009643,0,0,0,1],"scale":1.09949911,"type":"tro_tree_2_tall_02"}
{"ctxid":0,"pos":[608.923218,-935.827454,144.069397],"rotationMatrix":[-0.999639511,-0.0268483404,0,0.0268483404,-0.999639511,0,0,0,1],"scale":1.06886816,"type":"tro_tree_2_tall_02"}
{"ctxid":0,"pos":[105.456024,-512.483154,131.649658],"rotationMatrix":[0.689961612,0.723845959,0,-0.723845959,0.689961612,0,0,0,1],"scale":1.02968061,"type":"tro_tree_2_tall_02"}
{"ctxid":0,"pos":[106.650627,-462.572968,135.951263],"rotationMatrix":[0.54726398,-0.836960077,0,0.836960077,0.54726398,0,0,0,1],"scale":0.963021398,"type":"tro_tree_2_tall_02"}
{"ctxid":0,"pos":[-52.7934761,-553.530884,130.43457],"rotationMatrix":[-0.405074984,0.914283454,0,-0.914283454,-0.405074984,0,0,0,1],"scale":1.02125299,"type":"tro_tree_2_tall_02"}
{"ctxid":0,"pos":[123.814156,-329.074127,136.258087],"rotationMatrix":[-0.918520987,-0.395372242,0,0.395372242,-0.918520987,0,0,0,1],"scale":0.959113121,"type":"tro_tree_2_tall_02"}
{"ctxid":0,"pos":[195.495056,-267.253998,140.543762],"rotationMatrix":[0.601263583,0.799050748,0,-0.799050748,0.601263583,0,0,0,1],"scale":1.02438486,"type":"tro_tree_2_tall_02"}
{"ctxid":0,"pos":[-552.402588,-811.443909,173.55481],"rotationMatrix":[-0.0383713618,-0.999263525,0,0.999263525,-0.0383713618,0,0,0,1],"scale":0.975847661,"type":"tro_tree_2_tall_02"}
{"ctxid":0,"pos":[166.966537,-195.771912,158.140991],"rotationMatrix":[0.485384643,0.874300718,0,-0.874300718,0.485384643,0,0,0,1],"scale":1.09594655,"type":"tro_tree_2_tall_02"}
{"ctxid":0,"pos":[312.986633,-120.287338,159.627777],"rotationMatrix":[-0.943003178,0.332783699,0,-0.332783699,-0.943003178,0,0,0,1],"scale":1.08008015,"type":"tro_tree_2_tall_02"}
{"ctxid":0,"pos":[351.202545,-59.4023743,195.755081],"rotationMatrix":[0.882688105,0.467834204,0.0446423814,-0.469666928,0.881500423,0.0486840419,-0.0165762175,-0.0639398769,0.997816086],"scale":0.707895219,"type":"tro_tree_2_tall_02"}
{"ctxid":0,"pos":[762.030151,-500.1828,187.720154],"rotationMatrix":[0.930307567,0.366780341,0,-0.366780341,0.930307567,0,0,0,1],"scale":0.960763812,"type":"tro_tree_2_tall_02"}
{"ctxid":0,"pos":[452.425934,-125.759628,214.124527],"rotationMatrix":[-0.957778156,0.28750819,0,-0.28750819,-0.957778156,0,0,0,1],"scale":1.02944827,"type":"tro_tree_2_tall_02"}
{"ctxid":0,"pos":[340.693939,-78.1620178,176.988068],"rotationMatrix":[0.249066398,0.968486428,0,-0.968486428,0.249066398,0,0,0,1],"scale":1.04434311,"type":"tro_tree_2_tall_02"}
{"ctxid":0,"pos":[238.770447,-45.8061371,161.285629],"rotationMatrix":[0.952390373,0.304881305,0,-0.304881305,0.952390373,0,0,0,1],"scale":0.937789083,"type":"tro_tree_2_tall_02"}
{"ctxid":0,"pos":[-38.7615089,-291.177734,133.967804],"rotationMatrix":[0.0665078163,0.997785926,0,-0.997785926,0.0665078163,0,0,0,1],"scale":0.903595805,"type":"tro_tree_2_tall_02"}
{"ctxid":0,"pos":[101.689743,-730.184509,160.052704],"rotationMatrix":[0.904461861,0.426554471,0,-0.410974652,0.871426582,0.267797589,0.11423026,-0.242212713,0.963475227],"scale":0.709700227,"type":"tro_tree_2_tall_02"}
{"ctxid":0,"pos":[288.493652,-734.326172,157.704224],"rotationMatrix":[-0.687418997,-0.72626102,0,0.72626102,-0.687418997,0,0,0,1],"scale":0.974789858,"type":"tro_tree_2_tall_02"}
{"ctxid":0,"pos":[-842.192017,-521.622559,142.917496],"rotationMatrix":[0.187850535,-0.982197642,0,0.982197642,0.187850535,0,0,0,1],"scale":1.06656587,"type":"tro_tree_2_tall_02"}
{"ctxid":0,"pos":[-691.157532,-65.3589859,170.527725],"rotationMatrix":[0.0571887754,0.998363376,0,-0.998363376,0.0571887754,0,0,0,1],"scale":1.03396833,"type":"tro_tree_2_tall_02"}
{"ctxid":0,"pos":[-483.561768,-269.555725,142.044998],"rotationMatrix":[-0.464814097,0.885408282,0,-0.878655612,-0.46126914,0.123268291,0.109142765,0.0572968386,0.992373407],"scale":0.902069092,"type":"tro_tree_2_tall_02"}
{"ctxid":0,"pos":[-111.174553,-362.918518,131.548813],"rotationMatrix":[-0.932644486,-0.36079666,0,0.36079666,-0.932644486,0,0,0,1],"scale":0.945570827,"type":"tro_tree_2_tall_02"}
{"ctxid":0,"pos":[-122.071312,-417.972595,130.391174],"rotationMatrix":[0.977356493,-0.211599305,0,0.211599305,0.977356493,0,0,0,1],"scale":0.919172704,"type":"tro_tree_2_tall_02"}
{"ctxid":0,"pos":[-226.959045,-447.892822,131.904541],"rotationMatrix":[0.168419346,-0.985715449,0,0.985715449,0.168419346,0,0,0,1],"scale":0.917387366,"type":"tro_tree_2_tall_02"}
{"ctxid":0,"pos":[54.8347969,-434.036896,132.798447],"rotationMatrix":[-0.0325253494,0.99947089,0,-0.99947089,-0.0325253494,0,0,0,1],"scale":1.09540498,"type":"tro_tree_2_tall_02"}
{"ctxid":0,"pos":[-59.0018234,-155.048477,131.240128],"rotationMatrix":[0.80189836,-0.597460508,0,0.597460508,0.80189836,0,0,0,1],"scale":1.00585663,"type":"tro_tree_2_tall_02"}
{"ctxid":0,"pos":[-93.0773315,-217.430328,132.731506],"rotationMatrix":[0.0232386254,-0.999729872,0,0.999729872,0.0232386254,0,0,0,1],"scale":1.04280245,"type":"tro_tree_2_tall_02"}
{"ctxid":0,"pos":[-202.337662,-155.623062,135.602783],"rotationMatrix":[0.763394654,0.645932436,0,-0.645932436,0.763394654,0,0,0,1],"scale":1.01940048,"type":"tro_tree_2_tall_02"}
{"ctxid":0,"pos":[-119.158936,-499.050476,134.368301],"rotationMatrix":[0.893901765,0.44826293,0,-0.44826293,0.893901765,0,0,0,1],"scale":0.925913453,"type":"tro_tree_2_tall_02"}
{"ctxid":0,"pos":[-602.573853,384.315979,130.175629],"rotationMatrix":[-0.257632136,0.966243029,0,-0.966243029,-0.257632136,0,0,0,1],"scale":1.06927693,"type":"tro_tree_2_tall_02"}
{"ctxid":0,"pos":[-639.063721,429.007416,129.683731],"rotationMatrix":[0.167662039,-0.985844433,0,0.985844433,0.167662039,0,0,0,1],"scale":0.961096883,"type":"tro_tree_2_tall_02"}
{"ctxid":0,"pos":[-441.153931,202.069275,161.08989],"rotationMatrix":[-0.99941361,0.0342407897,0,-0.0342407897,-0.99941361,0,0,0,1],"scale":0.925455928,"type":"tro_tree_2_tall_02"}
{"ctxid":0,"pos":[-384.682709,-96.0877228,160.588425],"rotationMatrix":[0.9260813,0.377324015,0,-0.377324015,0.9260813,0,0,0,1],"scale":0.997146964,"type":"tro_tree_2_tall_02"}
{"ctxid":0,"pos":[130.287933,672.18634,147.805588],"rotationMatrix":[-0.549824476,-0.835280299,0,0.835280299,-0.549824476,0,0,0,1],"scale":0.979345202,"type":"tro_tree_2_tall_02"}
{"ctxid":0,"pos":[848.896973,-469.234192,157.437302],"rotationMatrix":[-0.2860699,0.95820868,0,-0.95820868,-0.2860699,0,0,0,1],"scale":1.0569365,"type":"tro_tree_2_tall_02"}
{"ctxid":0,"pos":[906.094299,-585.96405,144.324707],"rotationMatrix":[-0.849585772,0.527450502,0,-0.527450502,-0.849585772,0,0,0,1],"scale":1.08471775,"type":"tro_tree_2_tall_02"}
{"ctxid":0,"pos":[297.425751,-102.780594,168.785767],"rotationMatrix":[0.260661066,0.965430379,0,-0.965430379,0.260661066,0,0,0,1],"scale":0.904014468,"type":"tro_tree_2_tall_02"}
{"ctxid":0,"pos":[313.056793,-89.7619705,173.175049],"rotationMatrix":[-0.975129902,0.221633792,0,-0.221633792,-0.975129902,0,0,0,1],"scale":0.900623679,"type":"tro_tree_2_tall_02"}
{"ctxid":0,"pos":[286.768433,-57.0298347,166.324402],"rotationMatrix":[0.0157136731,-0.999876499,0,0.999876499,0.0157136731,0,0,0,1],"scale":0.93957901,"type":"tro_tree_2_tall_02"}
{"ctxid":0,"pos":[-362.304871,58.6144142,230.772537],"rotationMatrix":[-0.403279185,0.915076911,0,-0.915076911,-0.403279185,0,0,0,1],"scale":0.990634382,"type":"tro_tree_2_tall_02"}
{"ctxid":0,"pos":[320.595917,-152.249527,160.016785],"rotationMatrix":[0.585204542,0.810885787,0,-0.810885787,0.585204542,0,0,0,1],"scale":0.994524598,"type":"tro_tree_2_tall_02"}
{"ctxid":0,"pos":[327.584381,-129.96315,159.916031],"rotationMatrix":[-0.986064792,0.166361332,0,-0.166361332,-0.986064792,0,0,0,1],"scale":0.985456228,"type":"tro_tree_2_tall_02"}
{"ctxid":0,"pos":[557.375122,603.192261,157.562378],"rotationMatrix":[0.867450416,0.497523725,0,-0.497523725,0.867450416,0,0,0,1],"scale":0.916481733,"type":"tro_tree_2_tall_02"}
{"ctxid":0,"pos":[526.042175,620.419617,156.254791],"rotationMatrix":[-0.933584809,-0.358356595,0,0.358356595,-0.933584809,0,0,0,1],"scale":1.09163237,"type":"tro_tree_2_tall_02"}
{"ctxid":0,"pos":[546.604614,639.55719,161.712738],"rotationMatrix":[-0.830517173,-0.556993127,0,0.556993127,-0.830517173,0,0,0,1],"scale":0.923988938,"type":"tro_tree_2_tall_02"}
{"ctxid":1,"pos":[-821.316345,-744.179749,159.254028],"rotationMatrix":[0.999654949,0.0262648072,0,-0.0262648072,0.999654949,0,0,0,0.999999881],"scale":0.944508314,"type":"tro_tree_2_tall_02"}
{"ctxid":1,"pos":[-836.534851,-736.382874,165.600388],"rotationMatrix":[-0.564056814,0.825735748,0,-0.825735748,-0.564056814,0,0,0,0.999999881],"scale":1.07292199,"type":"tro_tree_2_tall_02"}
{"ctxid":1,"pos":[-804.769653,-763.966797,159.166122],"rotationMatrix":[-0.928441703,0.371478081,0,-0.371478081,-0.928441703,0,0,0,0.999999881],"scale":1.02004302,"type":"tro_tree_2_tall_02"}
{"ctxid":1,"pos":[-801.203857,-727.375488,161.180313],"rotationMatrix":[0.352273583,-0.935896933,0,0.935896933,0.352273583,0,0,0,0.999999881],"scale":0.931711793,"type":"tro_tree_2_tall_02"}
{"ctxid":1,"pos":[-798.159058,-726.213867,161.711487],"rotationMatrix":[-0.950680137,0.310172915,0,-0.310172915,-0.950680137,0,0,0,0.999999881],"scale":1.00523901,"type":"tro_tree_2_tall_02"}
{"ctxid":1,"pos":[-816.591675,-713.94873,163.765411],"rotationMatrix":[0.119474605,0.992837191,0,-0.992837191,0.119474605,0,0,0,0.999999881],"scale":0.957632661,"type":"tro_tree_2_tall_02"}
{"ctxid":1,"pos":[-805.856506,-762.090088,158.117752],"rotationMatrix":[0.973274052,0.229646564,0,-0.229646564,0.973274052,0,0,0,0.999999881],"scale":1.0061202,"type":"tro_tree_2_tall_02"}
{"ctxid":1,"pos":[-845.225952,-810.516235,189.478333],"rotationMatrix":[0.636749089,0.771071017,0,-0.771071017,0.636749089,0,0,0,0.999999881],"scale":1.03457415,"type":"tro_tree_2_tall_02"}
{"ctxid":1,"pos":[-825.330322,-804.140198,191.858017],"rotationMatrix":[0.436458409,-0.899724305,0,0.899724305,0.436458409,0,0,0,0.999999881],"scale":0.924101472,"type":"tro_tree_2_tall_02"}
