{"ctxid":0,"pos":[94.7928009,-545.163635,136.308517],"rotationMatrix":[-0.314257383,0.947414041,-0.060407307,-0.949147344,-0.31483233,0,-0.0190181732,0.0573354363,0.998173833],"scale":0.974601448,"type":"tro_bush_wall"}
{"ctxid":0,"pos":[98.4141693,-564.943848,136.681519],"rotationMatrix":[-0.249216884,0.968447566,0,-0.968447566,-0.249216884,0,0,0,1],"scale":0.941760957,"type":"tro_bush_wall"}
{"ctxid":0,"pos":[107.274681,-543.326172,136.44342],"rotationMatrix":[-0.0358349085,-0.9993577,0,0.9993577,-0.0358349085,0,0,0,1],"scale":0.834084392,"type":"tro_bush_wall"}
{"ctxid":0,"pos":[107.879837,-554.393677,136.50119],"rotationMatrix":[0.120178223,-0.992752314,0,0.992752314,0.120178223,0,0,0,1],"scale":0.8564803,"type":"tro_bush_wall"}
{"ctxid":0,"pos":[184.900131,-611.458862,138.780014],"rotationMatrix":[0.994793594,0.0917061716,-0.0444512255,-0.0917969048,0.995777845,0,0.0442635454,0.00408048509,0.999011576],"scale":0.799390197,"type":"tro_bush_wall"}
{"ctxid":0,"pos":[173.903244,-624.346375,139.223419],"rotationMatrix":[-0.992037058,-0.125831276,-0.00538341794,0.125830904,-0.992051661,0.000409646687,-0.00539217331,-0.000271015684,0.999985397],"scale":0.758679628,"type":"tro_bush_wall"}
{"ctxid":0,"pos":[144.659531,-623.916382,139.646179],"rotationMatrix":[0.836013615,0.520464599,-0.173775285,-0.529404104,0.848348141,-0.00606418494,0.144265756,0.0970670879,0.984766662],"scale":0.891812921,"type":"tro_bush_wall"}
{"ctxid":0,"pos":[125.747078,-610.920105,137.868759],"rotationMatrix":[-0.814191222,0.576843798,-0.065909259,-0.578100801,-0.815965414,0,-0.0537796766,0.0381021947,0.997825623],"scale":0.727342069,"type":"tro_bush_wall"}
{"ctxid":0,"pos":[139.984299,-630.973511,141.759048],"rotationMatrix":[-0.999866843,-0.0163196549,0,0.0163196549,-0.999866843,0,0,0,1],"scale":0.744324803,"type":"tro_bush_wall"}
{"ctxid":0,"pos":[-338.763672,-525.075562,137.401093],"rotationMatrix":[-0.958669841,0.276818991,-0.0657522827,-0.277419329,-0.960748911,0,-0.0631714314,0.0182409547,0.997835994],"scale":0.768647432,"type":"tro_bush_wall"}
{"ctxid":0,"pos":[-306.886932,-528.368164,138.555267],"rotationMatrix":[-0.994016826,-0.0988503322,-0.0464674309,0.0991775766,-0.995058298,-0.00478456682,-0.0457648486,-0.00936446805,0.998908341],"scale":0.792468429,"type":"tro_bush_wall"}
{"ctxid":0,"pos":[-326.954346,-520.788391,137.706314],"rotationMatrix":[0.999018312,0.00272433832,-0.0442148782,-0.00271478295,0.999996245,0.000276142498,0.0442154594,-0.000155837566,0.999022007],"scale":0.892717421,"type":"tro_bush_wall"}
{"ctxid":0,"pos":[-621.075684,-464.435272,145.643387],"rotationMatrix":[-0.82531321,-0.546019971,0.143945202,0.549451351,-0.835325241,-0.0183038544,0.130235344,0.0639844835,0.989416361],"scale":0.75203228,"type":"tro_bush_wall"}
{"ctxid":0,"pos":[-594.088928,-454.03537,141.277771],"rotationMatrix":[-0.979750395,-0.037048284,0.196764931,0.0377869941,-0.999285758,0,0.196624398,0.0074351551,0.98045069],"scale":0.745773792,"type":"tro_bush_wall"}
{"ctxid":0,"pos":[-566.515259,-449.098541,137.145432],"rotationMatrix":[0.98394227,-0.145082057,-0.103965953,0.145872563,0.98930341,0,0.102853872,-0.0151657797,0.994580865],"scale":0.806953549,"type":"tro_bush_wall"}
{"ctxid":0,"pos":[-587.495056,-446.154633,140.217819],"rotationMatrix":[0.967176795,0.177258983,-0.182066992,-0.180272028,0.983616769,0,0.179084152,0.0328215882,0.983286142],"scale":0.79013896,"type":"tro_bush_wall"}
{"ctxid":0,"pos":[-607.104248,-450.366028,143.15097],"rotationMatrix":[0.890519321,0.421710789,-0.170691192,-0.43975845,0.8940413,-0.0854556337,0.116567403,0.151162788,0.981611788],"scale":0.797616959,"type":"tro_bush_wall"}
{"ctxid":0,"pos":[-626.719971,-459.847382,145.968445],"rotationMatrix":[0.825784445,0.543451786,-0.150798634,-0.551797092,0.833809614,-0.0167779345,0.116619356,0.0970652029,0.988422096],"scale":0.840324879,"type":"tro_bush_wall"}
{"ctxid":0,"pos":[-567.527649,-472.963104,136.615677],"rotationMatrix":[0.166131169,0.986103654,0,-0.986103654,0.166131169,0,0,0,1],"scale":0.865477979,"type":"tro_bush_wall"}
{"ctxid":0,"pos":[-574.993408,-455.127747,138.016144],"rotationMatrix":[-0.969293118,0.211837396,0.124882966,-0.213508844,-0.976941109,0,0.122003302,-0.0266636144,0.992171526],"scale":0.767025292,"type":"tro_bush_wall"}
{"ctxid":0,"pos":[-542.18457,-478.695709,136.917526],"rotationMatrix":[-0.709934413,0.701906979,-0.0576177724,-0.703074992,-0.711115777,0,-0.0409729071,0.0405096151,0.998338699],"scale":0.787848949,"type":"tro_bush_wall"}
{"ctxid":0,"pos":[-560.282043,-490.859924,137.021927],"rotationMatrix":[-0.228981391,-0.973231971,0.0196719561,0.973415077,-0.22904563,-0.00104750111,0.00552523741,0.0189091209,0.999805927],"scale":0.801466346,"type":"tro_bush_wall"}
{"ctxid":0,"pos":[-543.898193,-467.539093,136.582214],"rotationMatrix":[0.588259637,-0.805392861,0.0727540553,0.807532907,0.58982271,0,-0.0429119952,0.0587512925,0.997349918],"scale":0.705509305,"type":"tro_bush_wall"}
{"ctxid":0,"pos":[-524.616821,-498.385651,137.407532],"rotationMatrix":[-0.697192848,0.711849868,0.0848048031,-0.713828921,-0.700256407,0.00944597926,0.0661092252,-0.0539504513,0.996352792],"scale":0.778826058,"type":"tro_bush_wall"}
{"ctxid":0,"pos":[-512.429077,-501.289368,136.831024],"rotationMatrix":[0.666240752,-0.745736837,0,0.745736837,0.666240752,0,0,0,1],"scale":0.801337242,"type":"tro_bush_wall"}
{"ctxid":0,"pos":[-822.122375,-583.575745,147.491165],"rotationMatrix":[0.272695959,-0.962092757,0.00379462913,0.962092102,0.272707731,0.0030407731,-0.00396033004,0.00282157585,0.999988198],"scale":0.769532681,"type":"tro_bush_wall"}
{"ctxid":0,"pos":[-825.384216,-596.605896,148.873444],"rotationMatrix":[-0.257673413,0.950448871,-0.173929051,-0.914677083,-0.297953755,-0.27311042,-0.311400294,0.0887156129,0.946128607],"scale":0.865026534,"type":"tro_bush_wall"}
{"ctxid":0,"pos":[-815.974609,-625.369629,156.180008],"rotationMatrix":[-0.0263273641,-0.966524065,0.255221844,0.999280035,-0.0184675083,0.0331441388,-0.0273212958,0.255910695,0.966314256],"scale":0.856335342,"type":"tro_bush_wall"}
{"ctxid":0,"pos":[-827.284912,-558.639709,145.229614],"rotationMatrix":[0.324776083,-0.941522419,0.089756161,0.945359886,0.32602796,-0.000753464177,-0.0285536218,0.0850965977,0.995963454],"scale":0.761222839,"type":"tro_bush_wall"}
{"ctxid":0,"pos":[-799.744812,-600.819763,164.116287],"rotationMatrix":[-0.187672794,0.982231736,0,-0.982231736,-0.187672794,0,0,0,1],"scale":0.885653496,"type":"tro_bush_wall"}
{"ctxid":0,"pos":[-803.304199,-567.192017,165.866165],"rotationMatrix":[0.0444864519,0.993553042,0.104275115,-0.994033396,0.0544286221,-0.0945259258,-0.0995920673,-0.0994478315,0.990046203],"scale":0.713982701,"type":"tro_bush_wall"}
{"ctxid":0,"pos":[-792.928223,-593.976746,164.281174],"rotationMatrix":[0.270987332,-0.962326646,0.0222095773,0.96257627,0.270999312,-0.00252619968,-0.00358775072,0.0220629796,0.999750137],"scale":0.894595265,"type":"tro_bush_wall"}
{"ctxid":0,"pos":[-790.767212,-617.026367,164.543808],"rotationMatrix":[0.0407029763,-0.996636629,-0.0711256713,0.999167204,0.0408063233,0,0.00290237716,-0.0710664392,0.997467339],"scale":0.805523515,"type":"tro_bush_wall"}
{"ctxid":0,"pos":[-840.071655,-572.891663,143.831772],"rotationMatrix":[-0.231696263,-0.972788155,0,0.972788155,-0.231696263,0,0,0,1],"scale":0.86627233,"type":"tro_bush_wall"}
{"ctxid":0,"pos":[-823.010681,-630.415894,157.331818],"rotationMatrix":[-0.174854442,0.951001704,-0.254993707,-0.983513951,-0.180832267,0,-0.046111092,0.250789881,0.966942728],"scale":0.778497934,"type":"tro_bush_wall"}
{"ctxid":0,"pos":[-775.494873,-542.663513,171.699036],"rotationMatrix":[-0.998776674,-0.0494489968,0,0.0494489968,-0.998776674,0,0,0,1],"scale":0.802949727,"type":"tro_bush_wall"}
{"ctxid":0,"pos":[-32.5182533,-687.390015,157.631561],"rotationMatrix":[-0.993052125,0.044704929,-0.108852759,-0.0462308973,-0.998864174,0.0115343202,-0.108213484,0.0164865423,0.993990958],"scale":0.839764953,"type":"tro_bush_wall"}
{"ctxid":0,"pos":[-54.1223068,-685.837341,155.223831],"rotationMatrix":[-0.984162152,0.134186193,-0.115840398,-0.134240597,-0.990921438,-0.00736756949,-0.115777351,0.00829960033,0.993240535],"scale":0.710538983,"type":"tro_bush_wall"}
{"ctxid":0,"pos":[-35.3373489,-675.706726,157.566513],"rotationMatrix":[0.996724784,0.0141755659,0.079616189,-0.0142683554,0.999897957,0.000596668804,-0.0795996115,-0.00173070678,0.996825397],"scale":0.8381145,"type":"tro_bush_wall"}
{"ctxid":0,"pos":[-67.2267685,-674.650757,153.986572],"rotationMatrix":[0.983408332,0.172003344,0.0576438718,-0.172289819,0.985046268,0,-0.0567818806,-0.00993145257,0.998337209],"scale":0.729880929,"type":"tro_bush_wall"}
{"ctxid":0,"pos":[-7.17169523,-682.212646,159.239532],"rotationMatrix":[0.977351904,-0.210041612,0.0258044917,0.210111588,0.977677464,0,-0.0252284668,0.00542182242,0.999666989],"scale":0.786316752,"type":"tro_bush_wall"}
{"ctxid":0,"pos":[-99.1803284,-676.674255,152.444397],"rotationMatrix":[0.995718241,0.0654741377,0.065255098,-0.0656139851,0.997845054,0,-0.0651144758,-0.00428164704,0.997868598],"scale":0.717996955,"type":"tro_bush_wall"}
{"ctxid":0,"pos":[-286.962982,-785.290955,185.268753],"rotationMatrix":[0.0367032476,-0.998774707,0.0331931338,0.999325395,0.0367234871,0,-0.00121896761,0.0331707411,0.999448955],"scale":0.753788888,"type":"tro_bush_wall"}
{"ctxid":0,"pos":[-329.574554,-817.64856,185.895844],"rotationMatrix":[-0.999618471,0.0024320865,-0.027510222,-0.00250324607,-0.999993563,0.00255240779,-0.0275038369,0.00262029935,0.999618292],"scale":0.821341038,"type":"tro_bush_wall"}
{"ctxid":0,"pos":[-641.341309,-850.004761,174.747665],"rotationMatrix":[0.685754657,0.727832794,0,-0.727832794,0.685754657,0,0,0,1],"scale":0.823823333,"type":"tro_bush_wall"}
{"ctxid":0,"pos":[-186.899338,-420.935883,130.872162],"rotationMatrix":[0.995275974,0.0970863253,0,-0.0970863253,0.995275974,0,0,0,1],"scale":0.842331111,"type":"tro_bush_wall"}
{"ctxid":0,"pos":[-130.412338,-458.892395,131.118423],"rotationMatrix":[-0.930185318,0.367090046,0,-0.367090046,-0.930185318,0,0,0,1],"scale":0.896617889,"type":"tro_bush_wall"}
{"ctxid":0,"pos":[-501.73465,-817.263123,173.112854],"rotationMatrix":[0.984300137,0.17650336,0,-0.17650336,0.984300137,0,0,0,1],"scale":0.784274697,"type":"tro_bush_wall"}
{"ctxid":0,"pos":[-493.04541,-826.139526,173.459351],"rotationMatrix":[-0.963231564,-0.268672407,0,0.268672407,-0.963231564,0,0,0,1],"scale":0.834721446,"type":"tro_bush_wall"}
{"ctxid":0,"pos":[-760.754822,-753.581543,166.473724],"rotationMatrix":[-0.668492973,0.736627102,-0.102458075,-0.740524232,-0.672029674,0,-0.0688548684,0.0758726895,0.994737327],"scale":0.879950345,"type":"tro_bush_wall"}
{"ctxid":0,"pos":[-722.9104,-794.840393,170.91951],"rotationMatrix":[0.545039058,-0.834656894,0.0792475492,0.837290227,0.546758652,0,-0.0433292836,0.0663532019,0.996854961],"scale":0.712196708,"type":"tro_bush_wall"}
{"ctxid":0,"pos":[-782.353088,-718.933594,163.042038],"rotationMatrix":[0.81514287,-0.577299118,0.0476223417,0.577954829,0.816068769,0,-0.0388631076,0.0275235623,0.998865426],"scale":0.814599514,"type":"tro_bush_wall"}
{"ctxid":0,"pos":[-799,-718,161.733093],"rotationMatrix":[-0.76701957,0.636171043,-0.08347103,-0.638398945,-0.769705653,0,-0.0642481223,0.053287819,0.996510208],"scale":0.858814418,"type":"tro_bush_wall"}
{"ctxid":0,"pos":[-260.890991,-524.960876,138.293167],"rotationMatrix":[-0.996179104,-0.0684364513,0.0542564392,0.068771936,-0.997622907,0.00433839625,0.053830564,0.00805313978,0.998517632],"scale":0.766471028,"type":"tro_bush_wall"}
{"ctxid":0,"pos":[-241.575912,-525.431335,136.405441],"rotationMatrix":[-0.994819164,0.000761269941,0.101656899,-0.000765234232,-0.999999642,0,0.101656862,-7.77913374e-05,0.994819522],"scale":0.769784272,"type":"tro_bush_wall"}
{"ctxid":0,"pos":[-372.475006,-512.423279,133.883362],"rotationMatrix":[-0.944649756,0.328080595,0,-0.328080595,-0.944649756,0,0,0,1],"scale":0.871051371,"type":"tro_bush_wall"}
{"ctxid":0,"pos":[-353.893219,-439.288635,137.18132],"rotationMatrix":[0.992280185,0.0409010202,0.117077023,-0.0434134007,0.99887675,0.0189889651,-0.116168842,-0.0239250846,0.99294126],"scale":0.719271839,"type":"tro_bush_wall"}
{"ctxid":0,"pos":[-331.135895,-431.655914,138.177612],"rotationMatrix":[0.546231925,-0.837463379,-0.0168999843,0.837561727,0.546338558,-0.00210493151,0.0109959096,-0.0130049959,0.999854982],"scale":0.85090673,"type":"tro_bush_wall"}
{"ctxid":0,"pos":[-547.783264,-434.4758,136.848053],"rotationMatrix":[0.590253174,0.807218134,0,-0.807218134,0.590253174,0,0,0,1],"scale":0.780574441,"type":"tro_bush_wall"}
{"ctxid":0,"pos":[-536.428528,-441.036835,136.517975],"rotationMatrix":[-0.855898142,-0.517144501,0,0.517144501,-0.855898142,0,0,0,1],"scale":0.80979526,"type":"tro_bush_wall"}
{"ctxid":0,"pos":[-358.872986,-757.007019,181.429855],"rotationMatrix":[0.758302629,-0.646076322,0.0869632065,0.648143709,0.761496782,0.00570361316,-0.0699071735,0.052039586,0.996195197],"scale":0.715789795,"type":"tro_bush_wall"}
{"ctxid":0,"pos":[-462.79187,-713.633728,167.724991],"rotationMatrix":[-0.893949687,0.441063911,-0.0794766992,-0.442463547,-0.896786451,0,-0.0712736249,0.0351655409,0.996836722],"scale":0.797504544,"type":"tro_bush_wall"}
{"ctxid":0,"pos":[-508.551697,-694.671997,162.91655],"rotationMatrix":[-0.949944377,0.278681964,-0.14121747,-0.282967448,-0.959068477,0.0108220903,-0.132421315,0.0502403341,0.989919543],"scale":0.898003101,"type":"tro_bush_wall"}
{"ctxid":0,"pos":[-495.956757,-688.236145,163.78804],"rotationMatrix":[0.951361477,-0.301511914,0.0632583946,0.30211699,0.953270733,0,-0.0603023767,0.0191114359,0.997997165],"scale":0.875938118,"type":"tro_bush_wall"}
{"ctxid":0,"pos":[-578.508057,-653.146362,156.513412],"rotationMatrix":[-0.919204831,0.385151237,-0.081981346,-0.386452079,-0.922309458,0,-0.0756121725,0.031681858,0.996633828],"scale":0.844923735,"type":"tro_bush_wall"}
{"ctxid":0,"pos":[-645.783386,-634.447144,151.226151],"rotationMatrix":[-0.874444425,0.481551498,-0.0587801039,-0.482385576,-0.875959039,0,-0.051488962,0.0283546746,0.998270929],"scale":0.752376676,"type":"tro_bush_wall"}
{"ctxid":0,"pos":[-602.235291,-633.681274,153.605682],"rotationMatrix":[0.977808893,-0.18873857,0.0909256339,0.189523637,0.981876135,0,-0.089277707,0.0172325578,0.995857656],"scale":0.875899494,"type":"tro_bush_wall"}
{"ctxid":0,"pos":[-625.51947,-581.130127,144.581268],"rotationMatrix":[-0.581693888,-0.809361935,0.0810267925,0.812124074,-0.583481252,0.00197546603,0.0456787497,0.0669529289,0.996710002],"scale":0.825029194,"type":"tro_bush_wall"}
{"ctxid":0,"pos":[-386.495087,-809.744629,183.095535],"rotationMatrix":[-0.997740507,-0.0514812581,-0.043166779,0.0519041494,-0.998613894,-0.00873311888,-0.0426573642,-0.0109539228,0.999029696],"scale":0.74032712,"type":"tro_bush_wall"}
{"ctxid":0,"pos":[-600.691284,-554.793945,140.80011],"rotationMatrix":[-0.609714389,-0.791842163,0.035135597,0.792331338,-0.61009109,0,0.0214359164,0.0278390311,0.999382555],"scale":0.861349642,"type":"tro_bush_wall"}
{"ctxid":0,"pos":[-580.62085,-531.403809,138.78772],"rotationMatrix":[-0.556071937,-0.830673099,0.0276793577,0.831111968,-0.555992186,0.0112076635,0.00607960299,0.029236909,0.999554038],"scale":0.806971073,"type":"tro_bush_wall"}
{"ctxid":0,"pos":[-568.761597,-512.862976,137.859009],"rotationMatrix":[-0.404298782,-0.912321806,0.0648944452,0.914415538,-0.404711932,0.0072358516,0.0196621325,0.0622659363,0.997865915],"scale":0.740889072,"type":"tro_bush_wall"}
{"ctxid":0,"pos":[-611.492554,-547.659729,141.36087],"rotationMatrix":[0.59087795,0.800300896,-0.101890862,-0.804487824,0.593969226,0,0.060520038,0.0819699615,0.994795561],"scale":0.863819957,"type":"tro_bush_wall"}
{"ctxid":0,"pos":[-431.561127,-406.599548,135.972443],"rotationMatrix":[-0.992684066,-0.0835262984,0.0871869326,0.0838455856,-0.996478677,0,0.0868799165,0.0073102396,0.996191978],"scale":0.722403526,"type":"tro_bush_wall"}
{"ctxid":0,"pos":[-398.934723,-400.994568,132.234116],"rotationMatrix":[-0.933457613,-0.342137575,0.107696652,0.345155656,-0.938490331,0.0101712318,0.0975923091,0.0466665253,0.994131744],"scale":0.769600809,"type":"tro_bush_wall"}
{"ctxid":0,"pos":[-419.700409,-393.309265,134.639725],"rotationMatrix":[0.979379117,0.161522418,-0.121355146,-0.162725091,0.986671448,0,0.119737655,0.0197475273,0.992609143],"scale":0.729085565,"type":"tro_bush_wall"}
{"ctxid":0,"pos":[-314.809387,-359.469635,132.520279],"rotationMatrix":[-0.820303082,-0.571929038,0,0.571929038,-0.820303082,0,0,0,1],"scale":0.828762174,"type":"tro_bush_wall"}
{"ctxid":0,"pos":[-471.96579,-811.68988,174.559845],"rotationMatrix":[0.985012054,0.153585538,0.0785025284,-0.153771207,0.988099515,-0.0037107321,-0.0781382322,-0.00841631275,0.996906996],"scale":0.820431232,"type":"tro_bush_wall"}
{"ctxid":0,"pos":[-429.272583,-803.927429,179.17099],"rotationMatrix":[0.969470739,0.221868962,0.104405262,-0.221170276,0.975062072,-0.0183696747,-0.105877273,-0.0052824798,0.994365156],"scale":0.751188576,"type":"tro_bush_wall"}
{"ctxid":0,"pos":[-611.613953,-816.901001,174.28743],"rotationMatrix":[0.786404729,0.617711544,0,-0.617711544,0.786404729,0,0,0,1],"scale":0.839788556,"type":"tro_bush_wall"}
{"ctxid":0,"pos":[-544.199219,-814.26709,173.409424],"rotationMatrix":[0.993840337,-0.110821374,0,0.110821374,0.993840337,0,0,0,1],"scale":0.720463097,"type":"tro_bush_wall"}
{"ctxid":0,"pos":[-708.377563,-825.69928,173.305954],"rotationMatrix":[0.418178648,-0.906016409,0.0652758852,0.907952845,0.419072449,0,-0.0273553245,0.059267424,0.997867227],"scale":0.779240131,"type":"tro_bush_wall"}
{"ctxid":0,"pos":[-785.951599,-728.713501,163.542862],"rotationMatrix":[-0.755026758,0.651429236,-0.0746624842,-0.637142301,-0.755787313,-0.151113361,-0.154868633,-0.0665240064,0.985692739],"scale":0.848465681,"type":"tro_bush_wall"}
{"ctxid":0,"pos":[-857.207031,-507.73053,141.649521],"rotationMatrix":[0.831536412,-0.555470288,0,0.555470288,0.831536412,0,0,0,1],"scale":0.865438461,"type":"tro_bush_wall"}
{"ctxid":0,"pos":[-858.247803,-605.164917,145.77774],"rotationMatrix":[-0.022910241,0.994240284,-0.104697317,-0.999721766,-0.0233754367,-0.00321817119,-0.00564698176,0.104594469,0.994498909],"scale":0.800863624,"type":"tro_bush_wall"}
{"ctxid":0,"pos":[-851.55127,-531.687683,142.230911],"rotationMatrix":[-0.425299287,0.903253794,-0.0570351966,-0.90468514,-0.426077485,-0.00165127579,-0.0257929303,0.0508965999,0.998370826],"scale":0.775363564,"type":"tro_bush_wall"}
{"ctxid":0,"pos":[-854.039856,-398.997742,153.985458],"rotationMatrix":[0.709379613,0.699632287,0.0854103193,-0.70275712,0.711363435,0.00970382895,-0.0539686643,-0.0669064149,0.996298611],"scale":0.707914948,"type":"tro_bush_wall"}
{"ctxid":0,"pos":[-828.534302,-354.777435,159.695801],"rotationMatrix":[-0.0739489943,0.9945454,0.0735593736,-0.9972471,-0.0741498768,0,0.00545441872,-0.0733568743,0.99729085],"scale":0.751760125,"type":"tro_bush_wall"}
{"ctxid":0,"pos":[-508.695953,-513.843079,137.039581],"rotationMatrix":[-0.774511814,0.632558763,-0.000988211599,-0.632559061,-0.774512172,0,-0.000765381905,0.000625102199,0.999999523],"scale":0.766759276,"type":"tro_bush_wall"}
{"ctxid":0,"pos":[-465.576294,-532.429077,136.05101],"rotationMatrix":[-0.994946063,-0.0914911181,0.0413709246,0.0915695131,-0.995798647,0,0.04119711,0.00378831546,0.999143839],"scale":0.772085071,"type":"tro_bush_wall"}
{"ctxid":0,"pos":[-113.11956,-518.480347,132.01973],"rotationMatrix":[-0.961796582,-0.273765177,0,0.273765177,-0.961796582,0,0,0,1],"scale":0.794707716,"type":"tro_bush_wall"}
{"ctxid":0,"pos":[-83.2446365,-517.198792,131.237976],"rotationMatrix":[-0.9991045,0.0327396169,0.0268012378,-0.0327513814,-0.999463558,0,0.0267868601,-0.00087777758,0.999640763],"scale":0.79466033,"type":"tro_bush_wall"}
{"ctxid":0,"pos":[-123.177299,-306.64856,132.752472],"rotationMatrix":[-0.746508896,0.665375292,0,-0.665375292,-0.746508896,0,0,0,1],"scale":0.736763835,"type":"tro_bush_wall"}
{"ctxid":0,"pos":[129.994034,-323.102081,136.765945],"rotationMatrix":[0.728708446,0.674013793,0.121198379,-0.679019332,0.73412019,0,-0.0889741778,-0.0822960436,0.992628276],"scale":0.759973288,"type":"tro_bush_wall"}
{"ctxid":0,"pos":[-533.089966,545.974182,164.344452],"rotationMatrix":[0.907174051,0.386764377,0.165675849,-0.394235641,0.918910086,0.0135124652,-0.147015065,-0.0775734782,0.98608768],"scale":0.800090432,"type":"tro_bush_wall"}
{"ctxid":0,"pos":[-425.694641,262.724487,160.885712],"rotationMatrix":[0.530337214,0.845904827,0.0564568788,-0.847256184,0.531184435,0,-0.0299890153,-0.0478334352,0.998405039],"scale":0.89662987,"type":"tro_bush_wall"}
{"ctxid":0,"pos":[-416.666718,257.711639,160.939056],"rotationMatrix":[-0.572844148,-0.813928008,-0.0968025848,0.817768574,-0.575547159,0,-0.0557144545,-0.0791621134,0.995303631],"scale":0.779982388,"type":"tro_bush_wall"}
{"ctxid":0,"pos":[369.411621,-116.445602,163.093384],"rotationMatrix":[-0.809363604,0.551902771,-0.200833157,-0.560578465,-0.827944815,-0.0160988234,-0.175163746,0.0995529443,0.979493201],"scale":0.766800404,"type":"tro_bush_wall"}
{"ctxid":0,"pos":[397.658386,-136.699646,161.35083],"rotationMatrix":[-0.61917299,-0.371201277,-0.691978455,0.247522742,-0.92855227,0.276627719,-0.745222867,0,0.666815341],"scale":0.880335987,"type":"tro_bush_wall"}
{"ctxid":0,"pos":[569.899902,-263.057831,188.980988],"rotationMatrix":[-0.960798144,0.276862115,0.0146332411,-0.276904821,-0.96089685,-0.000937793753,0.0138013959,-0.00495304586,0.999892473],"scale":0.714743257,"type":"tro_bush_wall"}
{"ctxid":0,"pos":[419.031372,-97.8613663,207.108505],"rotationMatrix":[-0.972139359,0.223379165,-0.071040608,-0.215544149,-0.970984399,-0.103585146,-0.0921180919,-0.0853868052,0.992080331],"scale":0.899816215,"type":"tro_bush_wall"}
{"ctxid":0,"pos":[301.144165,-143.642502,160.074448],"rotationMatrix":[-0.667176366,-0.744899809,0,0.744899809,-0.667176366,0,0,0,1],"scale":0.754930615,"type":"tro_bush_wall"}
{"ctxid":0,"pos":[218.364578,-165.218094,158.48259],"rotationMatrix":[-0.965177894,-0.241156891,-0.101366177,0.242405474,-0.970175087,0,-0.0983429402,-0.0245717168,0.994849205],"scale":0.794800758,"type":"tro_bush_wall"}
{"ctxid":0,"pos":[155.632721,-210.894272,156.154449],"rotationMatrix":[-0.705764949,-0.7004143,-0.106374718,0.707981706,-0.691871166,-0.141690448,0.0256444067,-0.175311521,0.98417902],"scale":0.768646717,"type":"tro_bush_wall"}
{"ctxid":0,"pos":[-108.803398,-9.98380947,167.368958],"rotationMatrix":[0.995425463,-0.0280699581,0.0913250372,0.027384311,0.999586701,0.00875234138,-0.091532968,-0.00621142983,0.995782673],"scale":0.885122001,"type":"tro_bush_wall"}
{"ctxid":0,"pos":[-31.2121162,-44.3618546,151.821365],"rotationMatrix":[0.27044332,0.949755609,-0.157558814,-0.960691214,0.276890993,0.0200959351,0.0627128482,0.145930558,0.987305164],"scale":0.712107599,"type":"tro_bush_wall"}
{"ctxid":0,"pos":[-10.1099377,-18.5701389,150.16423],"rotationMatrix":[0.882739365,0.466782004,-0.0537219048,-0.466553867,0.88432008,0.0174834244,0.0556683019,0.00963085145,0.998402953],"scale":0.755810022,"type":"tro_bush_wall"}
{"ctxid":0,"pos":[163.495361,-85.2563095,152.405014],"rotationMatrix":[0.494353652,0.83808136,0.23072511,-0.861320674,0.508061647,0,-0.117222577,-0.198728308,0.973019004],"scale":0.710209608,"type":"tro_bush_wall"}
{"ctxid":0,"pos":[160.957733,-99.2845154,149.029602],"rotationMatrix":[-0.670898616,-0.698880434,-0.247913688,0.716653585,-0.696966946,0.0253905803,-0.190532625,-0.160633728,0.968449354],"scale":0.804966807,"type":"tro_bush_wall"}
{"ctxid":0,"pos":[-47.9803467,-288.438049,135.131912],"rotationMatrix":[-0.94137758,0.302414417,0.149511456,-0.303982019,-0.952591598,0.0128122065,0.146297947,-0.0333876684,0.988676965],"scale":0.870353222,"type":"tro_bush_wall"}
{"ctxid":0,"pos":[22.184082,-715.969299,156.798874],"rotationMatrix":[-0.820429444,0.57174778,0,-0.569124997,-0.816665888,-0.0956743881,-0.0547016189,-0.0784940869,0.995412707],"scale":0.865187585,"type":"tro_bush_wall"}
{"ctxid":0,"pos":[110.435234,-726.112305,157.267303],"rotationMatrix":[0.678393483,0.734241068,-0.0259307399,-0.73448801,0.67862165,0,0.0175971612,0.0190458167,0.99966377],"scale":0.843752742,"type":"tro_bush_wall"}
{"ctxid":0,"pos":[470.239502,-853.524414,146.621109],"rotationMatrix":[0.970647454,-0.219204947,0.0989574343,0.220004261,0.975494564,0.00289663346,-0.0971673876,0.0189594459,0.995087445],"scale":0.884689331,"type":"tro_bush_wall"}
{"ctxid":0,"pos":[195.485626,-620.979919,138.493927],"rotationMatrix":[-0.96482867,-0.258529276,0.0476264544,0.25878787,-0.965933859,-0.000760675059,0.0462006591,0.0115912259,0.998864949],"scale":0.759713411,"type":"tro_bush_wall"}
{"ctxid":0,"pos":[221.209808,-604.25708,136.574783],"rotationMatrix":[0.949725211,0.302782953,-0.0796519071,-0.303025663,0.952936888,0.00931446161,0.0787235051,0.0152903926,0.996779203],"scale":0.875388801,"type":"tro_bush_wall"}
{"ctxid":0,"pos":[119.789452,-587.878296,136.63298],"rotationMatrix":[0.59475708,-0.803112805,0.035688825,0.803587914,0.595183551,0.001679632,-0.0225903373,0.0276801363,0.999361515],"scale":0.882852972,"type":"tro_bush_wall"}
{"ctxid":0,"pos":[-662.310852,-127.499725,177.28157],"rotationMatrix":[-0.503226757,-0.862796605,-0.0484248549,0.863809943,-0.503817797,0,-0.0243973024,-0.0418298692,0.998826861],"scale":0.876217782,"type":"tro_bush_wall"}
{"ctxid":0,"pos":[-495.572937,-255.983414,143.520157],"rotationMatrix":[-0.606042683,0.793031096,0.0617560707,-0.794547677,-0.607201636,0,0.0374983884,-0.0490681417,0.99809128],"scale":0.732013464,"type":"tro_bush_wall"}
{"ctxid":0,"pos":[-525.983704,-220.093964,146.276947],"rotationMatrix":[-0.683666587,0.728945673,0.0351898149,-0.729397416,-0.684090257,0,0.0240730122,-0.0256673582,0.999380648],"scale":0.838709414,"type":"tro_bush_wall"}
{"ctxid":0,"pos":[450.692413,-184.500275,166.616043],"rotationMatrix":[0.708391964,-0.70581919,0,0.70581919,0.708391964,0,0,0,1],"scale":0.726774812,"type":"tro_bush_wall"}
{"ctxid":0,"pos":[-15.2181463,-418.670898,131.476532],"rotationMatrix":[0.734036565,0.679109931,0,-0.679109931,0.734036565,0,0,0,1],"scale":0.865894377,"type":"tro_bush_wall"}
{"ctxid":0,"pos":[-754.02771,515.015747,128.508469],"rotationMatrix":[0.940645218,-0.232640743,0.247112721,0.225005969,0.972562671,0.0591103174,-0.25408411,0,0.9671821],"scale":0.745203078,"type":"tro_bush_wall"}
{"ctxid":0,"pos":[-602.636536,349.634521,129.998779],"rotationMatrix":[0.0334458053,-0.999440372,0,0.999440372,0.0334458053,0,0,0,1],"scale":0.889423847,"type":"tro_bush_wall"}
{"ctxid":0,"pos":[-602.05957,365.557953,129.687622],"rotationMatrix":[0.155300409,-0.987867355,0,0.987867355,0.155300409,0,0,0,1],"scale":0.872365236,"type":"tro_bush_wall"}
{"ctxid":0,"pos":[-688.09375,474.07486,129.961578],"rotationMatrix":[-0.191304848,-0.981530666,0,0.981530666,-0.191304848,0,0,0,1],"scale":0.797629714,"type":"tro_bush_wall"}
{"ctxid":0,"pos":[-830.650208,809.077942,185.910034],"rotationMatrix":[-0.173847973,0.984772503,0,-0.984772503,-0.173847973,0,0,0,1],"scale":0.804036617,"type":"tro_bush_wall"}
{"ctxid":0,"pos":[-432.231842,247.440048,159.742462],"rotationMatrix":[0.374783903,0.926424026,0.0357167348,-0.927015543,0.375023186,0,-0.0133946035,-0.0331099667,0.999361932],"scale":0.858084798,"type":"tro_bush_wall"}
{"ctxid":0,"pos":[-432.852142,196.735565,161.57785],"rotationMatrix":[-0.0565962307,-0.995471895,0.0763725564,0.998387814,-0.0567620099,0,0.00433505978,0.0762494281,0.997079372],"scale":0.711808562,"type":"tro_bush_wall"}
{"ctxid":0,"pos":[137.741943,664.987488,148.501556],"rotationMatrix":[-0.937107086,-0.312369972,0.155741975,0.316228658,-0.948683083,0,0.147749782,0.0492500775,0.987797797],"scale":0.766515017,"type":"tro_bush_wall"}
{"ctxid":0,"pos":[611.160034,-664.656372,131.224945],"rotationMatrix":[-0.609976172,-0.79170239,-0.0337085798,0.792000771,-0.610484838,0.00654941984,-0.0257637724,-0.0227022301,0.999410272],"scale":0.894799471,"type":"tro_bush_wall"}
{"ctxid":0,"pos":[826.44989,-371.786011,135.029404],"rotationMatrix":[-0.695592761,0.71657151,-0.0517247021,-0.698625982,-0.691447616,-0.183906049,-0.167546794,-0.0917875469,0.981581926],"scale":0.781737268,"type":"tro_bush_wall"}
{"ctxid":0,"pos":[-163.680359,-61.152565,153.765076],"rotationMatrix":[-0.28161934,-0.942480266,-0.180058941,0.958542943,-0.284825325,-0.0083417967,-0.0434233695,-0.174943447,0.983620405],"scale":0.702924967,"type":"tro_bush_wall"}
{"ctxid":0,"pos":[87.691658,82.9862518,200.42247],"rotationMatrix":[0.761182606,-0.643368781,-0.0817178115,0.645527661,0.763736904,0,0.0624109097,-0.052751109,0.996655524],"scale":0.713110447,"type":"tro_bush_wall"}
{"ctxid":0,"pos":[-61.8615074,-125.878372,144.881836],"rotationMatrix":[-0.606965244,0.794728577,0,-0.794728577,-0.606965244,0,0,0,1],"scale":0.816964746,"type":"tro_bush_wall"}
{"ctxid":0,"pos":[116.290421,607.74054,155.893555],"rotationMatrix":[0.817134142,-0.576447427,0,0.576447427,0.817134142,0,0,0,1],"scale":0.810095787,"type":"tro_bush_wall"}
{"ctxid":0,"pos":[292.33667,-78.1398544,171.496124],"rotationMatrix":[-0.617028415,-0.737464905,0.274628699,0.766954064,-0.641701698,0,0.1762297,0.210627601,0.961550295],"scale":0.722876847,"type":"tro_bush_wall"}
{"ctxid":0,"pos":[666.088501,-7.80360794,130.453659],"rotationMatrix":[-0.998744905,-0.0500863791,0,0.0500863791,-0.998744905,0,0,0,1],"scale":0.863633811,"type":"tro_bush_wall"}
{"ctxid":0,"pos":[638.537415,67.6348038,132.397461],"rotationMatrix":[0.999342442,-0.0362596214,0,0.0362596214,0.999342442,0,0,0,1],"scale":0.802532911,"type":"tro_bush_wall"}
{"ctxid":0,"pos":[606.601501,25.2525749,132.397461],"rotationMatrix":[-0.00971565396,-0.999952376,0,0.999952376,-0.00971565396,0,0,0,1],"scale":0.734221876,"type":"tro_bush_wall"}
{"ctxid":0,"pos":[-350.341644,65.3525467,232.608826],"rotationMatrix":[0.969849825,-0.0667913333,0.234371543,0.0731697083,0.997145653,-0.0186154973,-0.232459202,0.0352031328,0.97196883],"scale":0.890174687,"type":"tro_bush_wall"}
