{"ctxid":0,"pos":[-11.1744003,-49.0882988,148.153],"rotationMatrix":[-0.859363317,-0.511604548,0,0.511604548,-0.859363317,0,0,0,1],"scale":0.85680002,"type":"tro_tree_2_medium"}
{"ctxid":0,"pos":[-114.319,-15.7705002,165.955994],"rotationMatrix":[0.254579544,-0.967031956,0,0.967031956,0.254579544,0,0,0,1],"scale":0.81370002,"type":"tro_tree_2_medium"}
{"ctxid":0,"pos":[-84.3000031,-12.9225998,174.194],"rotationMatrix":[-0.199080944,-0.979954004,0,0.979954004,-0.199080944,0,0,0,1],"scale":0.996299982,"type":"tro_tree_2_medium"}
{"ctxid":0,"pos":[-62.5466995,-17.0844994,176.477997],"rotationMatrix":[-0.949127793,-0.314719379,0,0.314719379,-0.949127793,0,0,0,1],"scale":1.38269997,"type":"tro_tree_2_medium"}
{"ctxid":0,"pos":[-47.7463989,-132.171005,143.46402],"rotationMatrix":[0.687159479,-0.726533532,0,0.726533532,0.687159479,0,0,0,1],"scale":1.19560003,"type":"tro_tree_2_medium"}
{"ctxid":0,"pos":[-33.074501,-148.156006,130.863876],"rotationMatrix":[-0.237479091,-0.971293628,0,0.971293628,-0.237479091,0,0,0,1],"scale":1.00559998,"type":"tro_tree_2_medium"}
{"ctxid":0,"pos":[-83.214798,-156.658997,131.561005],"rotationMatrix":[-0.789453745,-0.613510728,0,0.613510728,-0.789453745,0,0,0,1],"scale":1.03719997,"type":"tro_tree_2_medium"}
{"ctxid":0,"pos":[-100.563004,-199.324005,131.613037],"rotationMatrix":[-0.648201704,0.761462688,0,-0.761462688,-0.648201704,0,0,0,1],"scale":1.17939997,"type":"tro_tree_2_medium"}
{"ctxid":0,"pos":[-169.455002,-57.9300995,154.373993],"rotationMatrix":[-0.0524102449,-0.998585641,0,0.998585641,-0.0524102449,0,0,0,1],"scale":0.997500002,"type":"tro_tree_2_medium"}
{"ctxid":0,"pos":[-176.613998,-32.5494995,174.445007],"rotationMatrix":[-0.679211378,-0.733773053,0,0.733773053,-0.679211378,0,0,0,1],"scale":1.16939998,"type":"tro_tree_2_medium"}
{"ctxid":0,"pos":[-158.785995,-21.0501003,176.977005],"rotationMatrix":[0.999101102,0.04239152,0,-0.04239152,0.999101102,0,0,0,1],"scale":0.824500024,"type":"tro_tree_2_medium"}
{"ctxid":0,"pos":[-223.143005,-96.1389999,150.427994],"rotationMatrix":[0.896031976,0.444007188,0,-0.444007188,0.896031976,0,0,0,1],"scale":0.878600001,"type":"tro_tree_2_medium"}
{"ctxid":0,"pos":[-247.147995,-247.837997,132.634537],"rotationMatrix":[-0.896183372,0.443422973,0,-0.443422973,-0.896183372,0,0,0,1],"scale":1.07130003,"type":"tro_tree_2_medium"}
{"ctxid":0,"pos":[-90.7057037,-252.253998,132.737854],"rotationMatrix":[0.957601249,0.288084179,0,-0.288084179,0.957601249,0,0,0,1],"scale":1.1753,"type":"tro_tree_2_medium"}
{"ctxid":0,"pos":[-101.042999,-332.787994,132.622253],"rotationMatrix":[0.938259006,-0.345918149,0,0.345918149,0.938259006,0,0,0,1],"scale":1.04059994,"type":"tro_tree_2_medium"}
{"ctxid":0,"pos":[-298.330994,-6.20039988,193.406006],"rotationMatrix":[0.96604383,0.258384913,0,-0.258384913,0.96604383,0,0,0,1],"scale":1.08420002,"type":"tro_tree_2_medium"}
{"ctxid":0,"pos":[-278.648987,-39.8717003,176.360001],"rotationMatrix":[0.956251204,0.292546213,0,-0.292546213,0.956251204,0,0,0,1],"scale":0.995700002,"type":"tro_tree_2_medium"}
{"ctxid":0,"pos":[-303.828003,-40.9964981,176.117996],"rotationMatrix":[0.727235019,0.686380982,0,-0.686380982,0.727235019,0,0,0,1],"scale":1.14830005,"type":"tro_tree_2_medium"}
{"ctxid":0,"pos":[-348.221008,-21.7766991,200.544998],"rotationMatrix":[0.239855468,0.970740914,0,-0.970740914,0.239855468,0,0,0,1],"scale":1.18159997,"type":"tro_tree_2_medium"}
{"ctxid":0,"pos":[-365.040009,-82.1548004,165.429001],"rotationMatrix":[0.151877105,0.98839134,0,-0.98839134,0.151877105,0,0,0,1],"scale":0.837499976,"type":"tro_tree_2_medium"}
{"ctxid":0,"pos":[-309.27301,-159.681,147.552994],"rotationMatrix":[-0.999200225,0.0413917229,0,-0.0413917229,-0.999200225,0,0,0,1],"scale":1.11119998,"type":"tro_tree_2_medium"}
{"ctxid":0,"pos":[-310.283997,-184.279999,147.115005],"rotationMatrix":[0.985988617,-0.166814104,0,0.166814104,0.985988617,0,0,0,1],"scale":1.07579994,"type":"tro_tree_2_medium"}
{"ctxid":0,"pos":[-281.433014,-175.035995,145.292007],"rotationMatrix":[-1,0.0074,0,-0.0074,-1,0,0,0,1],"scale":0.995599985,"type":"tro_tree_2_medium"}
{"ctxid":0,"pos":[-266.587006,-182.445007,143.639008],"rotationMatrix":[0.214744806,-0.976744115,0,0.976744115,0.214744806,0,0,0,1],"scale":0.968599975,"type":"tro_tree_2_medium"}
{"ctxid":0,"pos":[-314.057007,-171.977005,146.647995],"rotationMatrix":[-0.628290534,-0.777782619,0,0.777782619,-0.628290534,0,0,0,1],"scale":0.833500028,"type":"tro_tree_2_medium"}
{"ctxid":0,"pos":[-334.987,-186.074005,147.604996],"rotationMatrix":[-0.206215143,-0.978515983,0,0.978515983,-0.206215143,0,0,0,1],"scale":1.17920005,"type":"tro_tree_2_medium"}
{"ctxid":0,"pos":[-362.045013,-172.136993,148.449997],"rotationMatrix":[-0.443300486,0.896562338,0,-0.896562338,-0.443300486,0,0,0,1],"scale":1.06280005,"type":"tro_tree_2_medium"}
{"ctxid":0,"pos":[-361.493988,-162.167999,152.291],"rotationMatrix":[0.423476815,-0.90596503,0,0.90596503,0.423476815,0,0,0,1],"scale":1.19869995,"type":"tro_tree_2_medium"}
{"ctxid":0,"pos":[-364.062012,-182.796997,147.792007],"rotationMatrix":[0.998398244,-0.0565773621,0,0.0565773621,0.998398244,0,0,0,1],"scale":0.917900026,"type":"tro_tree_2_medium"}
{"ctxid":0,"pos":[-343.256989,-230.951996,143.610001],"rotationMatrix":[-0.943209052,-0.331983775,0,0.331983775,-0.943209052,0,0,0,1],"scale":1.07389998,"type":"tro_tree_2_medium"}
{"ctxid":0,"pos":[-373.002991,-228.425995,151.658005],"rotationMatrix":[0.237387478,0.971450984,0,-0.971450984,0.237387478,0,0,0,1],"scale":1.0158,"type":"tro_tree_2_medium"}
{"ctxid":0,"pos":[-370.851013,-213.992004,150.966995],"rotationMatrix":[-0.0617159605,0.998036265,0,-0.998036265,-0.0617159605,0,0,0,1],"scale":0.843200028,"type":"tro_tree_2_medium"}
{"ctxid":0,"pos":[-372.462006,-198.220001,152.653],"rotationMatrix":[-0.595969796,-0.802898049,0,0.802898049,-0.595969796,0,0,0,1],"scale":0.988200009,"type":"tro_tree_2_medium"}
{"ctxid":0,"pos":[-406.533997,-13.2417002,204.707993],"rotationMatrix":[-0.026458025,-0.999664605,0,0.999664605,-0.026458025,0,0,0,1],"scale":1.15020001,"type":"tro_tree_2_medium"}
{"ctxid":0,"pos":[-390.050995,-90.1390991,161.440002],"rotationMatrix":[0.998077989,-0.0619689971,0,0.0619689971,0.998077989,0,0,0,1],"scale":0.858299971,"type":"tro_tree_2_medium"}
{"ctxid":0,"pos":[-398.365997,-129.126999,154.195007],"rotationMatrix":[0.461900592,-0.886873245,0,0.886873245,0.461900592,0,0,0,1],"scale":1.19309998,"type":"tro_tree_2_medium"}
{"ctxid":0,"pos":[-390.423004,-169.421005,149.731003],"rotationMatrix":[0.229463041,-0.973381758,0,0.973381758,0.229463041,0,0,0,1],"scale":1.07290006,"type":"tro_tree_2_medium"}
{"ctxid":0,"pos":[-393.496002,-147.759995,150.634995],"rotationMatrix":[0.948735952,0.316069424,0,-0.316069424,0.948735952,0,0,0,1],"scale":1.01349998,"type":"tro_tree_2_medium"}
{"ctxid":0,"pos":[-492.213989,-190.102997,135.647995],"rotationMatrix":[-0.682878494,0.730537713,0,-0.730537713,-0.682878494,0,0,0,1],"scale":1.09560001,"type":"tro_tree_2_medium"}
{"ctxid":0,"pos":[-497.584015,-234.141998,143.904007],"rotationMatrix":[0.418958068,-0.907999337,0,0.907999337,0.418958068,0,0,0,1],"scale":1.19159997,"type":"tro_tree_2_medium"}
{"ctxid":0,"pos":[-376.342987,-157.761993,152.996994],"rotationMatrix":[-0.728684187,-0.685002983,0,0.685002983,-0.728684187,0,0,0,1],"scale":0.809499979,"type":"tro_tree_2_medium"}
{"ctxid":0,"pos":[-384.303986,-189.772003,152.990005],"rotationMatrix":[-0.380124927,-0.924901366,0,0.924901366,-0.380124927,0,0,0,1],"scale":0.828400016,"type":"tro_tree_2_medium"}
{"ctxid":0,"pos":[-463.816986,-297.136993,139.242996],"rotationMatrix":[0.885375261,0.464866906,0,-0.464866906,0.885375261,0,0,0,1],"scale":1.09399998,"type":"tro_tree_2_medium"}
{"ctxid":0,"pos":[-411.691803,-366.154816,130.085999],"rotationMatrix":[0.52824235,0.849084258,0,-0.849084258,0.52824235,0,0,0,1],"scale":1.02090001,"type":"tro_tree_2_medium"}
{"ctxid":0,"pos":[-226.858002,-624.392029,150.786072],"rotationMatrix":[0.380615473,-0.924791753,0,0.924791753,0.380615473,0,0,0,1],"scale":1.49199998,"type":"tro_tree_2_medium"}
{"ctxid":0,"pos":[-233.485001,-628.765991,149.393997],"rotationMatrix":[0.655550003,-0.755133986,0,0.755133986,0.655550003,0,0,0,1],"scale":1.09220004,"type":"tro_tree_2_medium"}
{"ctxid":0,"pos":[-221.531998,-694.745972,148.696167],"rotationMatrix":[-0.536855221,-0.84363991,0,0.84363991,-0.536855221,0,0,0,1],"scale":1.15989995,"type":"tro_tree_2_medium"}
{"ctxid":0,"pos":[-219.442993,-738.051025,148.090912],"rotationMatrix":[-0.11213696,0.993719816,0,-0.993719816,-0.11213696,0,0,0,1],"scale":1.01119995,"type":"tro_tree_2_medium"}
{"ctxid":0,"pos":[-188.035995,-714.632019,154.606003],"rotationMatrix":[-0.638411999,-0.76987803,0,0.76987803,-0.638411999,0,0,0,1],"scale":0.961799979,"type":"tro_tree_2_medium"}
{"ctxid":0,"pos":[-203.764999,-838.211975,151.947998],"rotationMatrix":[-0.635516882,0.771910489,0,-0.771910489,-0.635516882,0,0,0,1],"scale":1.20179999,"type":"tro_tree_2_medium"}
{"ctxid":0,"pos":[-305.056,-585.741028,154.119003],"rotationMatrix":[0.969692767,0.244328871,0,-0.244328871,0.969692767,0,0,0,1],"scale":1.19029999,"type":"tro_tree_2_medium"}
{"ctxid":0,"pos":[-288.950012,-595.294006,153.638],"rotationMatrix":[-0.228057861,-0.973544657,0,0.973544657,-0.228057861,0,0,0,1],"scale":1.03980005,"type":"tro_tree_2_medium"}
{"ctxid":0,"pos":[-305.968994,-673.981018,176.186005],"rotationMatrix":[-0.982040644,-0.18874681,0,0.18874681,-0.982040644,0,0,0,1],"scale":0.994400024,"type":"tro_tree_2_medium"}
{"ctxid":0,"pos":[-305.987,-709.195007,179.229004],"rotationMatrix":[0.583398104,-0.812209487,0,0.812209487,0.583398104,0,0,0,1],"scale":1.18340003,"type":"tro_tree_2_medium"}
{"ctxid":0,"pos":[-335.161987,-645.653992,154.082993],"rotationMatrix":[0.98615551,-0.165817603,0,0.165817603,0.98615551,0,0,0,1],"scale":1.05589998,"type":"tro_tree_2_medium"}
{"ctxid":0,"pos":[-338.955994,-683.892029,157.168213],"rotationMatrix":[-0.500258446,-0.865926802,0,0.865926802,-0.500258446,0,0,0,1],"scale":0.985700011,"type":"tro_tree_2_medium"}
{"ctxid":0,"pos":[-328.449005,-688.577026,157.901993],"rotationMatrix":[-0.955846429,-0.293703288,0,0.293703288,-0.955846429,0,0,0,1],"scale":0.949699998,"type":"tro_tree_2_medium"}
{"ctxid":0,"pos":[-390.802002,-833.830994,170.133469],"rotationMatrix":[0.554998159,0.831890166,0,-0.831890166,0.554998159,0,0,0,1],"scale":1.2543,"type":"tro_tree_2_medium"}
{"ctxid":0,"pos":[-526.465027,-194.863007,146.473007],"rotationMatrix":[-0.0946080685,-0.995474875,0,0.995474875,-0.0946080685,0,0,0,1],"scale":1.15289998,"type":"tro_tree_2_medium"}
{"ctxid":0,"pos":[-590.041016,-181.485992,153.723999],"rotationMatrix":[-0.974879503,-0.222787544,0,0.222787544,-0.974879503,0,0,0,1],"scale":0.977999985,"type":"tro_tree_2_medium"}
{"ctxid":0,"pos":[-517.257996,-215.315994,145.912003],"rotationMatrix":[0.607147574,-0.794568896,0,0.794568896,0.607147574,0,0,0,1],"scale":0.854600012,"type":"tro_tree_2_medium"}
{"ctxid":0,"pos":[-675.827026,-175.072998,163.875],"rotationMatrix":[0.997336566,-0.0729378089,-7.28014857e-06,0.0721962824,0.987182677,0.142332956,-0.0103740003,-0.141954407,0.989819109],"scale":1.13030005,"type":"tro_tree_2_medium"}
{"ctxid":0,"pos":[-702.099976,-208.076004,170.759003],"rotationMatrix":[0.98486203,-0.173338801,0,0.173338801,0.98486203,0,0,0,1],"scale":1.19930005,"type":"tro_tree_2_medium"}
{"ctxid":0,"pos":[-720.271851,-219.620132,173.610992],"rotationMatrix":[0.794687688,-0.607029855,0,0.607029855,0.794687688,0,0,0,1],"scale":1.09490001,"type":"tro_tree_2_medium"}
{"ctxid":0,"pos":[-692.695007,-324.115997,176.091995],"rotationMatrix":[-0.555142522,-0.831713736,0,0.831713736,-0.555142522,0,0,0,1],"scale":1.13510001,"type":"tro_tree_2_medium"}
{"ctxid":0,"pos":[-914.247009,-184.682007,170.248001],"rotationMatrix":[-0.17381835,0.984744966,0,-0.984744966,-0.17381835,0,0,0,1],"scale":0.84890002,"type":"tro_tree_2_medium"}
{"ctxid":0,"pos":[-776.310974,-299.028992,182.487518],"rotationMatrix":[-0.61388576,-0.789426029,0,0.789426029,-0.61388576,0,0,0,1],"scale":1.10399997,"type":"tro_tree_2_medium"}
{"ctxid":0,"pos":[-771.655029,-335.975006,180.266937],"rotationMatrix":[-0.947548509,0.319131106,0,-0.319131106,-0.947548509,0,0,0,1],"scale":0.966199994,"type":"tro_tree_2_medium"}
{"ctxid":0,"pos":[-758.156982,-340.471008,181.880997],"rotationMatrix":[0.121657431,0.992592037,0,-0.992592037,0.121657431,0,0,0,1],"scale":1.13030005,"type":"tro_tree_2_medium"}
{"ctxid":0,"pos":[-894.843994,-434.115997,149.166],"rotationMatrix":[-0.697955966,0.716112077,0,-0.716112077,-0.697955966,0,0,0,1],"scale":1.04879999,"type":"tro_tree_2_medium"}
{"ctxid":0,"pos":[-615.901978,-703.455017,183.304993],"rotationMatrix":[0.986877978,-0.161465392,0,0.161465392,0.986877978,0,0,0,1],"scale":0.973699987,"type":"tro_tree_2_medium"}
{"ctxid":0,"pos":[-682.577026,-700.479004,201.651001],"rotationMatrix":[-0.998800278,0.0459862016,0,-0.0459862016,-0.998800278,0,0,0,1],"scale":1.05060005,"type":"tro_tree_2_medium"}
{"ctxid":0,"pos":[-727.257019,-723.267029,206.53772],"rotationMatrix":[0.182591021,-0.983243346,0,0.983243346,0.182591021,0,0,0,1],"scale":1.0273,"type":"tro_tree_2_medium"}
{"ctxid":0,"pos":[-514.835022,-765.588013,185.876099],"rotationMatrix":[-0.854737997,-0.519249618,0,0.519249618,-0.854737997,0,0,0,1],"scale":1.1358,"type":"tro_tree_2_medium"}
{"ctxid":0,"pos":[-501.863007,-750.382996,182.306],"rotationMatrix":[-0.475074887,-0.880098164,0,0.880098164,-0.475074887,0,0,0,1],"scale":1.07840002,"type":"tro_tree_2_medium"}
{"ctxid":0,"pos":[-809.633972,-510.744995,176.258774],"rotationMatrix":[0.0264293551,-0.999664605,0,0.999664605,0.0264293551,0,0,0,1],"scale":1.11199999,"type":"tro_tree_2_medium"}
{"ctxid":0,"pos":[-83.6675034,685.075989,151.761993],"rotationMatrix":[0.0760157704,-0.997119904,0,0.997119904,0.0760157704,0,0,0,1],"scale":1.0625,"type":"tro_tree_2_medium"}
{"ctxid":0,"pos":[-158.804993,698.723999,166.535004],"rotationMatrix":[-0.782271981,-0.62304002,0,0.62304002,-0.782271981,0,0,0,1],"scale":0.762799978,"type":"tro_tree_2_medium"}
{"ctxid":0,"pos":[-241.781006,702.89502,179.192001],"rotationMatrix":[-0.0957920551,0.995420933,0,-0.995420933,-0.0957920551,0,0,0,1],"scale":0.909500003,"type":"tro_tree_2_medium"}
{"ctxid":0,"pos":[-379.734009,846.765991,132.628006],"rotationMatrix":[-0.682511806,0.730641544,0,-0.730641544,-0.682511806,0,0,0,1],"scale":0.949999988,"type":"tro_tree_2_medium"}
{"ctxid":0,"pos":[-334.606995,610.820007,175.768997],"rotationMatrix":[-0.817943215,0.575472295,0,-0.575472295,-0.817943215,0,0,0,1],"scale":1.08710003,"type":"tro_tree_2_medium"}
{"ctxid":0,"pos":[-326.335999,580.888977,175.339005],"rotationMatrix":[0.986420453,0.164239675,0,-0.164239675,0.986420453,0,0,0,1],"scale":0.826300025,"type":"tro_tree_2_medium"}
{"ctxid":0,"pos":[-340.856995,585.478027,175.682999],"rotationMatrix":[-0.127401352,0.991806805,0,-0.991806805,-0.127401352,0,0,0,1],"scale":1.07889998,"type":"tro_tree_2_medium"}
{"ctxid":0,"pos":[-365.503998,532.538025,178.806],"rotationMatrix":[0.989254236,-0.146204174,0,0.146204174,0.989254236,0,0,0,1],"scale":0.898699999,"type":"tro_tree_2_medium"}
{"ctxid":0,"pos":[-361.856995,544.01001,177.764008],"rotationMatrix":[-0.0925375223,0.995715499,0,-0.995715499,-0.0925375223,0,0,0,1],"scale":0.914099991,"type":"tro_tree_2_medium"}
{"ctxid":0,"pos":[-405.166992,727.249023,169.649994],"rotationMatrix":[-0.975674391,-0.219850689,0,0.219850689,-0.975674391,0,0,0,1],"scale":1.11679995,"type":"tro_tree_2_medium"}
{"ctxid":0,"pos":[-461.875,696.052979,167.347],"rotationMatrix":[-0.253894567,0.967262924,0,-0.967262924,-0.253894567,0,0,0,1],"scale":1.03939998,"type":"tro_tree_2_medium"}
{"ctxid":0,"pos":[-454.553009,584.083008,168.688995],"rotationMatrix":[0.965573132,0.260143369,0,-0.260143369,0.965573132,0,0,0,1],"scale":1.04560006,"type":"tro_tree_2_medium"}
{"ctxid":0,"pos":[-444.445007,556.744995,175.632004],"rotationMatrix":[0.44433111,0.895859182,0,-0.895859182,0.44433111,0,0,0,1],"scale":1.00279999,"type":"tro_tree_2_medium"}
{"ctxid":0,"pos":[-74.2310028,391.088989,270.291992],"rotationMatrix":[-0.998951435,0.0456865206,8.38197302e-05,-0.0453037173,-0.990815043,0.127374917,0.00590237975,0.127238125,0.991854608],"scale":1.102,"type":"tro_tree_2_medium"}
{"ctxid":0,"pos":[-66.5395966,402.277008,258.899994],"rotationMatrix":[-0.445949793,0.879343808,-0.166627169,-0.893081129,-0.449374676,0.0186948702,-0.0584480576,0.157155782,0.985842168],"scale":1.00899994,"type":"tro_tree_2_medium"}
{"ctxid":0,"pos":[-26.2411995,374.108002,278.795013],"rotationMatrix":[0.0241955519,-0.999693215,0,0.999693215,0.0241955519,0,0,0,1],"scale":1.17700005,"type":"tro_tree_2_medium"}
{"ctxid":0,"pos":[-12.5312004,338.722992,282.075989],"rotationMatrix":[0.828887522,0.559435487,0,-0.559435487,0.828887522,0,0,0,1],"scale":1.0122,"type":"tro_tree_2_medium"}
{"ctxid":0,"pos":[-52.2935982,350.347992,284.605011],"rotationMatrix":[-0.997600794,0.0695582405,0,-0.0695582405,-0.997600794,0,0,0,1],"scale":1.05799997,"type":"tro_tree_2_medium"}
{"ctxid":0,"pos":[-83.7334976,348.617004,286.174988],"rotationMatrix":[-0.89969039,0.436620831,0,-0.436620831,-0.89969039,0,0,0,1],"scale":0.912199974,"type":"tro_tree_2_medium"}
{"ctxid":0,"pos":[-105.977997,267.988007,253.401993],"rotationMatrix":[0.830405116,-0.557182133,0,0.557182133,0.830405116,0,0,0,1],"scale":1.03820002,"type":"tro_tree_2_medium"}
{"ctxid":0,"pos":[-97.2058029,285.519989,251.921997],"rotationMatrix":[-0.657656193,0.753446996,0,-0.753446996,-0.657656193,0,0,0,1],"scale":0.953999996,"type":"tro_tree_2_medium"}
{"ctxid":0,"pos":[-127.549004,433.358002,251.610001],"rotationMatrix":[0.345860779,-0.938259125,0,0.938259125,0.345860779,0,0,0,1],"scale":1.02279997,"type":"tro_tree_2_medium"}
{"ctxid":0,"pos":[-239.716995,404.847992,195.677994],"rotationMatrix":[0.297650516,-0.954678535,0,0.954678535,0.297650516,0,0,0,1],"scale":0.86650002,"type":"tro_tree_2_medium"}
{"ctxid":0,"pos":[-141.484314,337.899841,233.906998],"rotationMatrix":[0.674536884,-0.738222003,0,0.738222003,0.674536884,0,0,0,1],"scale":0.981700003,"type":"tro_tree_2_medium"}
{"ctxid":0,"pos":[-142.855728,327.571014,232.845993],"rotationMatrix":[-0.997200966,0.0761466622,0,-0.0761466622,-0.997200966,0,0,0,1],"scale":1.16120005,"type":"tro_tree_2_medium"}
{"ctxid":0,"pos":[-167.893967,324.509155,231.076996],"rotationMatrix":[0.198875189,0.979982376,0,-0.979982376,0.198875189,0,0,0,1],"scale":0.849799991,"type":"tro_tree_2_medium"}
{"ctxid":0,"pos":[-176.755005,324.183014,230.830002],"rotationMatrix":[-0.456924558,-0.889517665,0,0.889517665,-0.456924558,0,0,0,1],"scale":1.02450001,"type":"tro_tree_2_medium"}
{"ctxid":0,"pos":[-191.880997,332.403992,228.401993],"rotationMatrix":[-0.0681371689,-0.997688174,0,0.997688174,-0.0681371689,0,0,0,1],"scale":1.03869998,"type":"tro_tree_2_medium"}
{"ctxid":0,"pos":[-193.673996,291.705994,241.514008],"rotationMatrix":[-0.609218001,0.792948008,0,-0.792948008,-0.609218001,0,0,0,1],"scale":0.883000016,"type":"tro_tree_2_medium"}
{"ctxid":0,"pos":[-224.966995,266.725006,235.886002],"rotationMatrix":[-0.644935131,-0.764153898,0,0.764153898,-0.644935131,0,0,0,1],"scale":1.18299997,"type":"tro_tree_2_medium"}
{"ctxid":0,"pos":[-242.072006,267.217987,219.826004],"rotationMatrix":[0.988049448,-0.154136196,0,0.154136196,0.988049448,0,0,0,1],"scale":0.935400009,"type":"tro_tree_2_medium"}
{"ctxid":0,"pos":[-59.4331017,178.279007,247.839996],"rotationMatrix":[0.801927805,0.597426474,0,-0.597426474,0.801927805,0,0,0,1],"scale":1.15499997,"type":"tro_tree_2_medium"}
{"ctxid":0,"pos":[-54.0639992,158.867004,246.891006],"rotationMatrix":[0.339439809,0.940669,0,-0.940669,0.339439809,0,0,0,1],"scale":0.958599985,"type":"tro_tree_2_medium"}
{"ctxid":0,"pos":[-9.30760002,147.085999,247.595993],"rotationMatrix":[-0.896183372,0.444007188,0,-0.444007188,-0.896183372,0,0,0,1],"scale":1.0517,"type":"tro_tree_2_medium"}
{"ctxid":0,"pos":[-107.761002,192.914993,242.436005],"rotationMatrix":[-0.70496583,-0.709463775,0,0.709463775,-0.70496583,0,0,0,1],"scale":0.909300029,"type":"tro_tree_2_medium"}
{"ctxid":0,"pos":[-74.293602,173.671997,244.966995],"rotationMatrix":[-0.479888082,0.877403975,0,-0.877403975,-0.479888082,0,0,0,1],"scale":1.15989995,"type":"tro_tree_2_medium"}
{"ctxid":0,"pos":[-43.0485992,75.3627014,227.376999],"rotationMatrix":[-0.977265,0.212183625,0,-0.212183625,-0.977265,0,0,0,1],"scale":1.18359995,"type":"tro_tree_2_medium"}
{"ctxid":0,"pos":[-7.87529993,69.1840973,197.882996],"rotationMatrix":[0.0806320906,-0.996659994,0,0.996659994,0.0806320906,0,0,0,1],"scale":1.16659999,"type":"tro_tree_2_medium"}
{"ctxid":0,"pos":[-22.257,2.94160008,171.929001],"rotationMatrix":[-0.453512549,0.891203523,0,-0.891203523,-0.453512549,0,0,0,1],"scale":0.93720001,"type":"tro_tree_2_medium"}
{"ctxid":0,"pos":[-90.0688019,67.0658035,219.802002],"rotationMatrix":[-0.776235461,-0.630277097,0,0.630277097,-0.776235461,0,0,0,1],"scale":1.17320001,"type":"tro_tree_2_medium"}
{"ctxid":0,"pos":[-164.218002,236.296005,257.35199],"rotationMatrix":[-0.980448127,0.19623372,0,-0.19623372,-0.980448127,0,0,0,1],"scale":0.9199,"type":"tro_tree_2_medium"}
{"ctxid":0,"pos":[-196.069,201.057999,257.122986],"rotationMatrix":[0.69376862,0.720226765,0,-0.720226765,0.69376862,0,0,0,1],"scale":1.10860002,"type":"tro_tree_2_medium"}
{"ctxid":0,"pos":[-196.425003,190.132996,257.454987],"rotationMatrix":[0.999987483,0.00499999989,0,-0.00499999989,0.999987483,0,0,0,1],"scale":0.876399994,"type":"tro_tree_2_medium"}
{"ctxid":0,"pos":[-247.996994,226.845993,228.613998],"rotationMatrix":[-0.389777899,0.920961261,0,-0.920961261,-0.389777899,0,0,0,1],"scale":1.02219999,"type":"tro_tree_2_medium"}
{"ctxid":0,"pos":[-249.449997,191.602997,226.436996],"rotationMatrix":[-0.986024618,0.167013407,0,-0.167013407,-0.986024618,0,0,0,1],"scale":1.03419995,"type":"tro_tree_2_medium"}
{"ctxid":0,"pos":[-224.533005,175.841003,248.440994],"rotationMatrix":[-0.95268321,0.303939551,0,-0.303939551,-0.95268321,0,0,0,1],"scale":1.15380001,"type":"tro_tree_2_medium"}
{"ctxid":0,"pos":[-165.505997,69.1109009,223.389999],"rotationMatrix":[0.679039299,0.734059393,0,-0.734059393,0.679039299,0,0,0,1],"scale":0.972000003,"type":"tro_tree_2_medium"}
{"ctxid":0,"pos":[-175.912003,2.14479995,213.628998],"rotationMatrix":[-0.970906496,0.239042148,0,-0.239042148,-0.970906496,0,0,0,1],"scale":0.818400025,"type":"tro_tree_2_medium"}
{"ctxid":0,"pos":[-214.468002,78.6901016,230.977005],"rotationMatrix":[-0.708291292,0.705904007,0,-0.705904007,-0.708291292,0,0,0,1],"scale":1.03869998,"type":"tro_tree_2_medium"}
{"ctxid":0,"pos":[-257.94101,476.174988,182.082993],"rotationMatrix":[0.731648684,-0.681684256,0,0.681684256,0.731648684,0,0,0,1],"scale":1.10839999,"type":"tro_tree_2_medium"}
{"ctxid":0,"pos":[-279.026001,486.415009,181.121994],"rotationMatrix":[0.979719043,-0.20037286,0,0.20037286,0.979719043,0,0,0,1],"scale":0.904699981,"type":"tro_tree_2_medium"}
{"ctxid":0,"pos":[-250.283997,431.79599,190.169006],"rotationMatrix":[0.142211914,0.989815891,0,-0.989815891,0.142211914,0,0,0,1],"scale":1.00969994,"type":"tro_tree_2_medium"}
{"ctxid":0,"pos":[-261.502991,339.980988,201.139008],"rotationMatrix":[-0.0739916563,0.99719429,0,-0.99719429,-0.0739916563,0,0,0,1],"scale":1.10339999,"type":"tro_tree_2_medium"}
{"ctxid":0,"pos":[-295.334015,314.828003,202.240997],"rotationMatrix":[0.541692615,0.840597212,0,-0.840597212,0.541692615,0,0,0,1],"scale":0.941600025,"type":"tro_tree_2_medium"}
{"ctxid":0,"pos":[-275.157013,312.019989,202.134995],"rotationMatrix":[0.769343674,0.638855517,0,-0.638855517,0.769343674,0,0,0,1],"scale":1.01199996,"type":"tro_tree_2_medium"}
{"ctxid":0,"pos":[-373.968994,339.481995,167.386002],"rotationMatrix":[-0.998000383,0.0647675991,0,-0.0647675991,-0.998000383,0,0,0,1],"scale":0.955299973,"type":"tro_tree_2_medium"}
{"ctxid":0,"pos":[-326.143005,285.276001,206.279999],"rotationMatrix":[0.00199812651,0.999979794,0,-0.999979794,0.00199812651,0,0,0,1],"scale":1.03989995,"type":"tro_tree_2_medium"}
{"ctxid":0,"pos":[-409.36499,432.67099,162.891998],"rotationMatrix":[0.886712015,-0.462338805,0,0.462338805,0.886712015,0,0,0,1],"scale":0.866100013,"type":"tro_tree_2_medium"}
{"ctxid":0,"pos":[-443.377991,454.964996,160.957993],"rotationMatrix":[0.933897495,0.357527852,0,-0.357527852,0.933897495,0,0,0,1],"scale":1.1049,"type":"tro_tree_2_medium"}
{"ctxid":0,"pos":[-472.019989,484.68399,163.675995],"rotationMatrix":[-0.48229754,0.876051903,0,-0.876051903,-0.48229754,0,0,0,1],"scale":0.991699994,"type":"tro_tree_2_medium"}
{"ctxid":0,"pos":[-277.157013,218.272995,213.863998],"rotationMatrix":[0.966718018,-0.255832791,0,0.255832791,0.966718018,0,0,0,1],"scale":1.16279995,"type":"tro_tree_2_medium"}
{"ctxid":0,"pos":[-321.562988,248.960999,207.156998],"rotationMatrix":[-0.936905503,-0.349355489,0,0.349355489,-0.936905503,0,0,0,1],"scale":1.15960002,"type":"tro_tree_2_medium"}
{"ctxid":0,"pos":[-334.809998,228.195999,206.75],"rotationMatrix":[0.956899524,-0.290429115,0,0.290429115,0.956899524,0,0,0,1],"scale":1.04910004,"type":"tro_tree_2_medium"}
{"ctxid":0,"pos":[-290.217987,48.9343987,238.130997],"rotationMatrix":[0.898929894,0.438090235,0,-0.438090235,0.898929894,0,0,0,1],"scale":1.19050002,"type":"tro_tree_2_medium"}
{"ctxid":0,"pos":[-255.335999,59.3945007,235.201004],"rotationMatrix":[0.906947017,0.421262085,0,-0.421262085,0.906947017,0,0,0,1],"scale":0.856000006,"type":"tro_tree_2_medium"}
{"ctxid":0,"pos":[-312.936005,112.855003,238.656998],"rotationMatrix":[-0.229311943,-0.973414421,0,0.973414421,-0.229311943,0,0,0,1],"scale":1.00680006,"type":"tro_tree_2_medium"}
{"ctxid":0,"pos":[-364.587006,39.9403,230.059006],"rotationMatrix":[0.879263043,-0.476314008,0,0.476314008,0.879263043,0,0,0,1],"scale":1.04589999,"type":"tro_tree_2_medium"}
{"ctxid":0,"pos":[-438.527008,161.451004,164.225006],"rotationMatrix":[-0.943603396,0.331425965,0,-0.331425965,-0.943603396,0,0,0,1],"scale":0.862299979,"type":"tro_tree_2_medium"}
{"ctxid":0,"pos":[-479.640991,142.153,135.087997],"rotationMatrix":[-0.602049947,-0.798340023,0,0.798340023,-0.602049947,0,0,0,1],"scale":1.12199998,"type":"tro_tree_2_medium"}
{"ctxid":0,"pos":[-393.980988,92.3811035,193.384995],"rotationMatrix":[-0.67445004,0.738222003,0,-0.738222003,-0.67445004,0,0,0,1],"scale":0.922699988,"type":"tro_tree_2_medium"}
{"ctxid":0,"pos":[-377.648987,41.5203018,231],"rotationMatrix":[-0.996801257,0.0819343999,0,-0.0819343999,-0.996801257,0,0,0,1],"scale":1.10430002,"type":"tro_tree_2_medium"}
{"ctxid":0,"pos":[-434.821014,3.55189991,206.166],"rotationMatrix":[-0.312847972,0.949878454,0,-0.949878454,-0.312847972,0,0,0,1],"scale":0.852100015,"type":"tro_tree_2_medium"}
{"ctxid":0,"pos":[-418.776001,3.96670008,204.143997],"rotationMatrix":[-0.203110814,-0.979117513,0,0.979117513,-0.203110814,0,0,0,1],"scale":1.13789999,"type":"tro_tree_2_medium"}
{"ctxid":0,"pos":[-447.414001,112.599998,135.057999],"rotationMatrix":[-0.999599934,-0.0267973188,0,0.0267973188,-0.999599934,0,0,0,1],"scale":1.15890002,"type":"tro_tree_2_medium"}
{"ctxid":0,"pos":[-471.457001,86.1432037,134.998001],"rotationMatrix":[0.797879159,0.602801979,0,-0.602801979,0.797879159,0,0,0,1],"scale":1.02610004,"type":"tro_tree_2_medium"}
{"ctxid":0,"pos":[-489.614014,105.663002,135.212006],"rotationMatrix":[0.554809511,-0.831972122,0,0.831972122,0.554809511,0,0,0,1],"scale":1.08829999,"type":"tro_tree_2_medium"}
{"ctxid":0,"pos":[-473.428711,74.979126,135.617142],"rotationMatrix":[0.726641119,-0.687035441,0,0.687035441,0.726641119,0,0,0,1],"scale":1.15349996,"type":"tro_tree_2_medium"}
{"ctxid":0,"pos":[-472.085999,56.7582016,144.897003],"rotationMatrix":[0.744101405,-0.668040514,0,0.668040514,0.744101405,0,0,0,1],"scale":0.88380003,"type":"tro_tree_2_medium"}
{"ctxid":0,"pos":[-605.075012,772.903015,135.559998],"rotationMatrix":[0.998895526,-0.0469858982,0,0.0469858982,0.998895526,0,0,0,1],"scale":1.46459997,"type":"tro_tree_2_medium"}
{"ctxid":0,"pos":[-606.776001,588.93103,159.134003],"rotationMatrix":[-0.484364629,0.874939382,0,-0.874939382,-0.484364629,0,0,0,1],"scale":0.951499999,"type":"tro_tree_2_medium"}
{"ctxid":0,"pos":[-564.088989,537.989014,161.391998],"rotationMatrix":[-0.579575419,-0.814760208,0,0.814760208,-0.579575419,0,0,0,1],"scale":0.890999973,"type":"tro_tree_2_medium"}
{"ctxid":0,"pos":[-659.755981,684.255005,147.332001],"rotationMatrix":[-0.414898396,-0.909901917,0,0.909901917,-0.414898396,0,0,0,1],"scale":1.14660001,"type":"tro_tree_2_medium"}
{"ctxid":0,"pos":[-835.215027,838.362,185.753006],"rotationMatrix":[0.53496635,-0.84491086,0,0.84491086,0.53496635,0,0,0,1],"scale":1.13639998,"type":"tro_tree_2_medium"}
{"ctxid":0,"pos":[-890.276001,932.487,140.496002],"rotationMatrix":[0.943753421,-0.330637306,0,0.330637306,0.943753421,0,0,0,1],"scale":0.936699986,"type":"tro_tree_2_medium"}
{"ctxid":0,"pos":[-907.705994,732.460022,136.598007],"rotationMatrix":[0.828067541,-0.560657024,0,0.560657024,0.828067541,0,0,0,1],"scale":1.15900004,"type":"tro_tree_2_medium"}
{"ctxid":0,"pos":[-879.947021,729.640991,137.188995],"rotationMatrix":[-0.104395151,-0.99456501,0,0.99456501,-0.104395151,0,0,0,1],"scale":1.06359994,"type":"tro_tree_2_medium"}
{"ctxid":0,"pos":[-781.684998,93.5868988,127.761002],"rotationMatrix":[-0.996801257,0.0795363188,0,-0.0795363188,-0.996801257,0,0,0,1],"scale":0.83920002,"type":"tro_tree_2_medium"}
{"ctxid":0,"pos":[756.208984,-194.662994,132.013],"rotationMatrix":[-0.137032032,-0.990605175,0,0.990605175,-0.137032032,0,0,0,1],"scale":1.11259997,"type":"tro_tree_2_medium"}
{"ctxid":0,"pos":[886.591003,-339.381989,132.686996],"rotationMatrix":[-0.362900496,0.931824446,0,-0.931824446,-0.362900496,0,0,0,1],"scale":0.971400023,"type":"tro_tree_2_medium"}
{"ctxid":0,"pos":[940.325012,-435.897003,150.912994],"rotationMatrix":[0.837207854,-0.546863019,0,0.546863019,0.837207854,0,0,0,1],"scale":1.03729999,"type":"tro_tree_2_medium"}
{"ctxid":0,"pos":[924.468018,-408.489014,166.365997],"rotationMatrix":[-0.881412029,-0.472147316,0,0.472147316,-0.881412029,0,0,0,1],"scale":1.18439996,"type":"tro_tree_2_medium"}
{"ctxid":0,"pos":[760.93103,-305.20401,167.705994],"rotationMatrix":[0.720247984,-0.693695247,0,0.693695247,0.720247984,0,0,0,1],"scale":1.11039996,"type":"tro_tree_2_medium"}
{"ctxid":0,"pos":[857.067993,-417.092987,141.136002],"rotationMatrix":[-0.988416791,0.150562093,0,-0.150562093,-0.988416791,0,0,0,1],"scale":1.17009997,"type":"tro_tree_2_medium"}
{"ctxid":0,"pos":[841.531006,-395.312012,140.156006],"rotationMatrix":[0.488737345,-0.872463346,0,0.872463346,0.488737345,0,0,0,1],"scale":1.18529999,"type":"tro_tree_2_medium"}
{"ctxid":0,"pos":[769.044006,-431.174988,178.244995],"rotationMatrix":[0.680319905,-0.732913375,0,0.732913375,0.680319905,0,0,0,1],"scale":1.03789997,"type":"tro_tree_2_medium"}
{"ctxid":0,"pos":[809.015991,-488.550995,182.511993],"rotationMatrix":[0.999435544,0.0335966386,0,-0.0335966386,0.999435544,0,0,0,1],"scale":0.94630003,"type":"tro_tree_2_medium"}
{"ctxid":0,"pos":[785.969971,-450.375,180.554001],"rotationMatrix":[0.489343822,-0.872147739,0,0.872147739,0.489343822,0,0,0,1],"scale":1.07210004,"type":"tro_tree_2_medium"}
{"ctxid":0,"pos":[725.533997,-166.093002,132.024002],"rotationMatrix":[0.391916096,-0.920066059,0,0.920066059,0.391916096,0,0,0,1],"scale":0.967999995,"type":"tro_tree_2_medium"}
{"ctxid":0,"pos":[681.843018,-233.912003,177.126007],"rotationMatrix":[-0.838978291,0.543888092,0,-0.543888092,-0.838978291,0,0,0,1],"scale":0.960500002,"type":"tro_tree_2_medium"}
{"ctxid":0,"pos":[570.255981,-35.3410988,141.768997],"rotationMatrix":[-0.226177931,-0.974051952,0,0.974051952,-0.226177931,0,0,0,1],"scale":0.872200012,"type":"tro_tree_2_medium"}
{"ctxid":0,"pos":[562.651978,-21.2485008,147.556],"rotationMatrix":[-0.206525803,-0.978486657,0,0.978486657,-0.206525803,0,0,0,1],"scale":1.01040006,"type":"tro_tree_2_medium"}
{"ctxid":0,"pos":[529.862976,-225.710007,191.671005],"rotationMatrix":[0.977907956,-0.20904389,0,0.20904389,0.977907956,0,0,0,1],"scale":0.857500017,"type":"tro_tree_2_medium"}
{"ctxid":0,"pos":[740.52301,-456.859985,182.403],"rotationMatrix":[0.553298473,0.833004773,0,-0.833004773,0.553298473,0,0,0,1],"scale":0.816200018,"type":"tro_tree_2_medium"}
{"ctxid":0,"pos":[729.18103,-460.927002,183.727005],"rotationMatrix":[-0.745085478,-0.666760564,0,0.666760564,-0.745085478,0,0,0,1],"scale":1.15750003,"type":"tro_tree_2_medium"}
{"ctxid":0,"pos":[717.406982,-431.110992,183.613998],"rotationMatrix":[0.969801605,0.188604325,0.154641449,-0.190889448,0.981611788,-7.31209293e-05,-0.151811689,-0.029448159,0.987970829],"scale":0.836399972,"type":"tro_tree_2_medium"}
{"ctxid":0,"pos":[707.648987,-396.072998,182.011993],"rotationMatrix":[-0.579219937,0.81520164,0,-0.81520164,-0.579219937,0,0,0,1],"scale":0.861599982,"type":"tro_tree_2_medium"}
{"ctxid":0,"pos":[578.377991,-267.90799,188.567001],"rotationMatrix":[0.455240786,0.890361369,0,-0.890361369,0.455240786,0,0,0,1],"scale":1.05540001,"type":"tro_tree_2_medium"}
{"ctxid":0,"pos":[553.591003,-258.209991,189.470001],"rotationMatrix":[0.862921536,0.505326331,0,-0.505326331,0.862921536,0,0,0,1],"scale":0.870899975,"type":"tro_tree_2_medium"}
{"ctxid":0,"pos":[578.047729,-356.01828,160.646545],"rotationMatrix":[-0.66494751,0.746708214,0,-0.746708214,-0.66494751,0,0,0,1],"scale":0.990199983,"type":"tro_tree_2_medium"}
{"ctxid":0,"pos":[606.59198,-280.778992,188.468002],"rotationMatrix":[-0.865152836,0.501777709,0,-0.501777709,-0.865152836,0,0,0,1],"scale":1.07700002,"type":"tro_tree_2_medium"}
{"ctxid":0,"pos":[597.755005,-285.540009,187.977997],"rotationMatrix":[0.166917741,-0.986042082,0,0.986042082,0.166917741,0,0,0,1],"scale":0.975899994,"type":"tro_tree_2_medium"}
{"ctxid":0,"pos":[902.401978,-513.815979,139.567993],"rotationMatrix":[-0.800442934,-0.599641621,0,0.599641621,-0.800442934,0,0,0,1],"scale":1.06089997,"type":"tro_tree_2_medium"}
{"ctxid":0,"pos":[913.965027,-503.563995,139.934998],"rotationMatrix":[0.513507485,0.85806936,0,-0.85806936,0.513507485,0,0,0,1],"scale":0.959900022,"type":"tro_tree_2_medium"}
{"ctxid":0,"pos":[868.372986,-544.723999,151.294006],"rotationMatrix":[0.797249377,0.583428681,-0.155059546,-0.590582192,0.807000518,-9.50172544e-05,0.125080585,0.0916423425,0.987906277],"scale":1.28629994,"type":"tro_tree_2_medium"}
{"ctxid":0,"pos":[750.861023,-550.547974,163.996002],"rotationMatrix":[0.893462718,-0.449136794,0,0.449136794,0.893462718,0,0,0,1],"scale":0.827099979,"type":"tro_tree_2_medium"}
{"ctxid":0,"pos":[782.213013,-541.051025,168.367004],"rotationMatrix":[-0.899300456,-0.437550515,0,0.437550515,-0.899300456,0,0,0,1],"scale":1.18840003,"type":"tro_tree_2_medium"}
{"ctxid":0,"pos":[770.612976,-542.280029,175.203003],"rotationMatrix":[-0.99200809,-0.126346797,0,0.126346797,-0.99200809,0,0,0,1],"scale":1.11210001,"type":"tro_tree_2_medium"}
{"ctxid":0,"pos":[786.43103,-695.455017,154.988998],"rotationMatrix":[-0.75668776,-0.653790712,0,0.653790712,-0.75668776,0,0,0,1],"scale":0.92809999,"type":"tro_tree_2_medium"}
{"ctxid":0,"pos":[778.125977,-751.400024,136.397003],"rotationMatrix":[0.486307502,-0.873824537,0,0.873824537,0.486307502,0,0,0,1],"scale":0.935199976,"type":"tro_tree_2_medium"}
{"ctxid":0,"pos":[720.905029,-722.36499,142.807007],"rotationMatrix":[-0.980846047,0.194063991,0,-0.194063991,-0.980846047,0,0,0,1],"scale":1.1602,"type":"tro_tree_2_medium"}
{"ctxid":0,"pos":[569.23999,-582.286011,131.697998],"rotationMatrix":[-0.970112562,-0.242765501,0,0.242765501,-0.970112562,0,0,0,1],"scale":0.903599977,"type":"tro_tree_2_medium"}
{"ctxid":0,"pos":[434.269989,-94.8463974,210.326996],"rotationMatrix":[-0.940055966,-0.341169357,0,0.341169357,-0.940055966,0,0,0,1],"scale":0.89410001,"type":"tro_tree_2_medium"}
{"ctxid":0,"pos":[396.377991,-88.4688034,203.292999],"rotationMatrix":[-0.776235461,-0.630465627,0,0.630465627,-0.776235461,0,0,0,1],"scale":0.897199988,"type":"tro_tree_2_medium"}
{"ctxid":0,"pos":[400.432251,-124.198738,167.722092],"rotationMatrix":[0.39411962,0.919057965,0,-0.919057965,0.39411962,0,0,0,1],"scale":1.06120002,"type":"tro_tree_2_medium"}
{"ctxid":0,"pos":[379.712006,-125.392998,166.320007],"rotationMatrix":[-0.999200225,-0.035192959,0,0.035192959,-0.999200225,0,0,0,1],"scale":0.913200021,"type":"tro_tree_2_medium"}
{"ctxid":0,"pos":[487.098999,-158.173996,203.490997],"rotationMatrix":[0.996232867,-0.0867218822,0,0.0867218822,0.996232867,0,0,0,1],"scale":1.11660004,"type":"tro_tree_2_medium"}
{"ctxid":0,"pos":[349.352997,-107.235001,158.298996],"rotationMatrix":[-0.998400331,-0.0551779196,0,0.0551779196,-0.998400331,0,0,0,1],"scale":1.19930005,"type":"tro_tree_2_medium"}
{"ctxid":0,"pos":[278.070007,-44.5735016,166.723007],"rotationMatrix":[-0.939268231,0.34287253,0,-0.34287253,-0.939268231,0,0,0,1],"scale":0.898999989,"type":"tro_tree_2_medium"}
{"ctxid":0,"pos":[272.228943,-38.3622513,169.029251],"rotationMatrix":[-0.690960526,-0.722910881,0,0.722910881,-0.690960526,0,0,0,1],"scale":1.10959995,"type":"tro_tree_2_medium"}
{"ctxid":0,"pos":[329.717987,-116.816002,159.960999],"rotationMatrix":[-0.459998608,-0.887892425,0,0.887892425,-0.459998608,0,0,0,1],"scale":0.873899996,"type":"tro_tree_2_medium"}
{"ctxid":0,"pos":[290.707001,-233.171005,130.878998],"rotationMatrix":[-0.0878125429,-0.996215045,0,0.996215045,-0.0878125429,0,0,0,1],"scale":1.13259995,"type":"tro_tree_2_medium"}
{"ctxid":0,"pos":[256.165985,-248.272995,133.371994],"rotationMatrix":[0.553676486,0.832746744,0,-0.832746744,0.553676486,0,0,0,1],"scale":0.886399984,"type":"tro_tree_2_medium"}
{"ctxid":0,"pos":[318.424988,-204.595001,159.977997],"rotationMatrix":[-0.876759291,-0.480668932,0,0.480668932,-0.876759291,0,0,0,1],"scale":1.01059997,"type":"tro_tree_2_medium"}
{"ctxid":0,"pos":[307.324005,-141.658997,160.251007],"rotationMatrix":[-0.972097874,0.235142395,0,-0.235142395,-0.972097874,0,0,0,1],"scale":1.07570004,"type":"tro_tree_2_medium"}
{"ctxid":0,"pos":[424.338989,-299.705994,127.938004],"rotationMatrix":[0.191262305,0.981575251,0,-0.981575251,0.191262305,0,0,0,1],"scale":0.825399995,"type":"tro_tree_2_medium"}
{"ctxid":0,"pos":[432.582001,-333.06601,128.009995],"rotationMatrix":[-0.232764006,-0.972424865,0,0.972424865,-0.232764006,0,0,0,1],"scale":0.866699994,"type":"tro_tree_2_medium"}
{"ctxid":0,"pos":[459.635986,-380.22699,130.173996],"rotationMatrix":[0.726495922,-0.68716234,0,0.68716234,0.726495922,0,0,0,1],"scale":1.08010006,"type":"tro_tree_2_medium"}
{"ctxid":0,"pos":[468.640015,-396.785004,130.106003],"rotationMatrix":[-0.194130659,0.981019974,0,-0.981019974,-0.194130659,0,0,0,1],"scale":1.07360005,"type":"tro_tree_2_medium"}
{"ctxid":0,"pos":[358.78299,-254.341995,127.309998],"rotationMatrix":[0.683987498,0.729492009,0,-0.729492009,0.683987498,0,0,0,1],"scale":1.07140005,"type":"tro_tree_2_medium"}
{"ctxid":0,"pos":[235.272995,-26.1993008,176.048996],"rotationMatrix":[0.710895896,0.703293979,0,-0.703293979,0.710895896,0,0,0,1],"scale":1.0589,"type":"tro_tree_2_medium"}
{"ctxid":0,"pos":[208.278,-15.9844999,180.429001],"rotationMatrix":[-0.22429955,-0.974557459,0,0.974557459,-0.22429955,0,0,0,1],"scale":0.858099997,"type":"tro_tree_2_medium"}
{"ctxid":0,"pos":[159.220001,-101.261002,148.705994],"rotationMatrix":[-0.870177984,0.492976606,0,-0.492976606,-0.870177984,0,0,0,1],"scale":0.986500025,"type":"tro_tree_2_medium"}
{"ctxid":0,"pos":[153.404999,-119.615997,145.104996],"rotationMatrix":[-0.307344437,0.951604545,0,-0.951604545,-0.307344437,0,0,0,1],"scale":0.914200008,"type":"tro_tree_2_medium"}
{"ctxid":0,"pos":[141.643005,-69.0011978,159.279999],"rotationMatrix":[-0.520070553,-0.854189634,0,0.854189634,-0.520070553,0,0,0,1],"scale":1.12419999,"type":"tro_tree_2_medium"}
{"ctxid":0,"pos":[150.431,-79.2099991,158.679001],"rotationMatrix":[-0.108262777,-0.994071782,0,0.994071782,-0.108262777,0,0,0,1],"scale":0.897000015,"type":"tro_tree_2_medium"}
{"ctxid":0,"pos":[206.132004,-170.026993,154.766006],"rotationMatrix":[-0.645298004,0.763875365,0,-0.763875365,-0.645298004,0,0,0,1],"scale":0.934199989,"type":"tro_tree_2_medium"}
