{"ctxid":0,"pos":[-196.613998,-55.4664001,168.557999],"rotationMatrix":[-0.0550234318,-0.998517215,0,0.998517215,-0.0550234318,0,0,0,1],"scale":1.06330001,"type":"tro_tree_2_tall"}
{"ctxid":0,"pos":[-123.608002,-290.666992,132.798248],"rotationMatrix":[0.811910391,0.583824933,0,-0.583824933,0.811910391,0,0,0,1],"scale":1.00769997,"type":"tro_tree_2_tall"}
{"ctxid":0,"pos":[-13.0797997,-662.968994,154.072922],"rotationMatrix":[-0.718287349,0.695731163,0,-0.695731163,-0.718287349,0,0,0,1],"scale":0.912100017,"type":"tro_tree_2_tall"}
{"ctxid":0,"pos":[-242.281006,-696.551025,157.309998],"rotationMatrix":[-0.717916489,0.696212173,0,-0.696212173,-0.717916489,0,0,0,1],"scale":1.01559997,"type":"tro_tree_2_tall"}
{"ctxid":0,"pos":[-23.7331009,-819.190979,128.923996],"rotationMatrix":[-0.988416791,0.151160359,0,-0.151160359,-0.988416791,0,0,0,1],"scale":0.965799987,"type":"tro_tree_2_tall"}
{"ctxid":0,"pos":[-86.8087997,-783.679993,129.957001],"rotationMatrix":[-0.309285522,0.951016128,0,-0.951016128,-0.309285522,0,0,0,1],"scale":0.959299982,"type":"tro_tree_2_tall"}
{"ctxid":0,"pos":[-95.6820984,-835.002991,127.042999],"rotationMatrix":[-0.608141899,-0.793758869,0,0.793758869,-0.608141899,0,0,0,1],"scale":1.03830004,"type":"tro_tree_2_tall"}
{"ctxid":0,"pos":[-3.79979992,-920.640015,168.891083],"rotationMatrix":[0.361775994,-0.932197928,0,0.932197928,0.361775994,0,0,0,1],"scale":0.804499984,"type":"tro_tree_2_tall"}
{"ctxid":0,"pos":[-2.93280005,-921.234985,169.061676],"rotationMatrix":[-0.767951965,0.640464246,0,-0.640464246,-0.767951965,0,0,0,1],"scale":0.950900018,"type":"tro_tree_2_tall"}
{"ctxid":0,"pos":[-155.628006,-769.965027,170.714996],"rotationMatrix":[0.575879455,0.8175717,0,-0.8175717,0.575879455,0,0,0,1],"scale":1.19589996,"type":"tro_tree_2_tall"}
{"ctxid":0,"pos":[-220.664001,-768.487,149.024002],"rotationMatrix":[0.658152938,-0.753012538,0,0.753012538,0.658152938,0,0,0,1],"scale":1.22860003,"type":"tro_tree_2_tall"}
{"ctxid":0,"pos":[-234.983002,-817.896973,150.195007],"rotationMatrix":[-0.955528736,0.294775188,0,-0.294775188,-0.955528736,0,0,0,1],"scale":1.42110002,"type":"tro_tree_2_tall"}
{"ctxid":0,"pos":[-205.619995,-899.689026,154.960999],"rotationMatrix":[0.769886732,0.638170838,0,-0.638170838,0.769886732,0,0,0,1],"scale":1.16770005,"type":"tro_tree_2_tall"}
{"ctxid":0,"pos":[-296.723999,-603.687988,171.733002],"rotationMatrix":[0.404165417,0.914677203,0,-0.914677203,0.404165417,0,0,0,1],"scale":0.918299973,"type":"tro_tree_2_tall"}
{"ctxid":0,"pos":[-261.187988,-681.619995,165.205994],"rotationMatrix":[0.997499645,-0.0700636283,0,0.0700636283,0.997499645,0,0,0,1],"scale":1.18929994,"type":"tro_tree_2_tall"}
{"ctxid":0,"pos":[-365.85199,-873.289978,168.319],"rotationMatrix":[-0.424671888,0.905443192,0,-0.905443192,-0.424671888,0,0,0,1],"scale":1.1983,"type":"tro_tree_2_tall"}
{"ctxid":0,"pos":[-683.663025,-36.0311012,172.957001],"rotationMatrix":[-0.359270692,-0.933220804,0,0.933220804,-0.359270692,0,0,0,1],"scale":1.02520001,"type":"tro_tree_2_tall"}
{"ctxid":0,"pos":[-654.593567,-118.636574,177.563995],"rotationMatrix":[0.737332463,-0.675513566,0,0.675513566,0.737332463,0,0,0,1],"scale":1.05289996,"type":"tro_tree_2_tall"}
{"ctxid":0,"pos":[-699.916016,-22.7376995,166.572998],"rotationMatrix":[-0.0251694024,-0.999613047,0,0.999613047,-0.0251694024,0,0,0,1],"scale":0.845200002,"type":"tro_tree_2_tall"}
{"ctxid":0,"pos":[-662.749023,-294.798004,175.723999],"rotationMatrix":[0.867008269,-0.498102278,0,0.498102278,0.867008269,0,0,0,1],"scale":1.14699996,"type":"tro_tree_2_tall"}
{"ctxid":0,"pos":[-853.797974,-109.401001,174.675995],"rotationMatrix":[-0.783404946,-0.621727109,0,0.621727109,-0.783404946,0,0,0,1],"scale":1.00390005,"type":"tro_tree_2_tall"}
{"ctxid":0,"pos":[-929.138,-210.341003,169.718002],"rotationMatrix":[-0.427951902,0.903798461,0,-0.903798461,-0.427951902,0,0,0,1],"scale":0.993700027,"type":"tro_tree_2_tall"}
{"ctxid":0,"pos":[-813.085022,-345.774994,161.479996],"rotationMatrix":[0.257662565,0.966268063,0,-0.966268063,0.257662565,0,0,0,1],"scale":0.867900014,"type":"tro_tree_2_tall"}
{"ctxid":0,"pos":[-894.208984,-282.654999,167.229996],"rotationMatrix":[-0.996801257,-0.0801358372,0,0.0801358372,-0.996801257,0,0,0,1],"scale":1.18270004,"type":"tro_tree_2_tall"}
{"ctxid":0,"pos":[-896.465027,-295.858002,151.274994],"rotationMatrix":[-0.840512872,-0.541812658,0,0.541812658,-0.840512872,0,0,0,1],"scale":1.15450001,"type":"tro_tree_2_tall"}
{"ctxid":0,"pos":[-903.249023,-439.665985,149.192001],"rotationMatrix":[0.864071012,0.503359497,0,-0.503359497,0.864071012,0,0,0,1],"scale":0.882300019,"type":"tro_tree_2_tall"}
{"ctxid":0,"pos":[-908.286011,-469.649994,146.464005],"rotationMatrix":[-0.8343786,0.551443696,0,-0.551443696,-0.8343786,0,0,0,1],"scale":0.960300028,"type":"tro_tree_2_tall"}
{"ctxid":0,"pos":[-563.762024,-788.578979,176.550003],"rotationMatrix":[0.950387478,0.311062515,0,-0.311062515,0.950387478,0,0,0,1],"scale":1.42709994,"type":"tro_tree_2_tall"}
{"ctxid":0,"pos":[-877.695984,-702.893005,136.158997],"rotationMatrix":[-0.124400139,-0.992285371,0,0.992285371,-0.124400139,0,0,0,1],"scale":1.04530001,"type":"tro_tree_2_tall"}
{"ctxid":0,"pos":[-785.672974,-757.401001,150.391998],"rotationMatrix":[0.401582003,0.915787399,0,-0.915787399,0.401582003,0,0,0,1],"scale":1.0302,"type":"tro_tree_2_tall"}
{"ctxid":0,"pos":[-870.111023,-798.953003,192.770004],"rotationMatrix":[-0.34709692,0.937731862,0,-0.937731862,-0.34709692,0,0,0,1],"scale":1.08539999,"type":"tro_tree_2_tall"}
{"ctxid":0,"pos":[-817.396973,-901.356018,146.307999],"rotationMatrix":[-0.334977865,0.942164421,0,-0.942164421,-0.334977865,0,0,0,1],"scale":1.12450004,"type":"tro_tree_2_tall"}
{"ctxid":0,"pos":[-903.513977,-834.692993,142.542999],"rotationMatrix":[-0.182106972,0.983295262,0,-0.983295262,-0.182106972,0,0,0,1],"scale":0.806599975,"type":"tro_tree_2_tall"}
{"ctxid":0,"pos":[-885.406982,-879.786011,145.720993],"rotationMatrix":[-0.721996903,-0.691842258,0,0.691842258,-0.721996903,0,0,0,1],"scale":0.975899994,"type":"tro_tree_2_tall"}
{"ctxid":0,"pos":[-125.218002,813.995972,131.509003],"rotationMatrix":[0.99603951,0.0889110044,0,-0.0889110044,0.99603951,0,0,0,1],"scale":1.11290002,"type":"tro_tree_2_tall"}
{"ctxid":0,"pos":[-67.2857971,702.502014,146.852997],"rotationMatrix":[0.995334208,-0.09648408,0,0.09648408,0.995334208,0,0,0,1],"scale":0.953400016,"type":"tro_tree_2_tall"}
{"ctxid":0,"pos":[-345.095001,854.612976,132.492004],"rotationMatrix":[-0.751443386,0.659739017,0,-0.659739017,-0.751443386,0,0,0,1],"scale":0.814499974,"type":"tro_tree_2_tall"}
{"ctxid":0,"pos":[-318.234009,806.041992,138.162994],"rotationMatrix":[-0.983105361,-0.182864308,0,0.182343245,-0.980304062,0.0754370168,-0.0137947379,0.0741625354,0.99715054],"scale":1.07509995,"type":"tro_tree_2_tall"}
{"ctxid":0,"pos":[-400.019989,842.768005,132.195007],"rotationMatrix":[-0.863994241,0.503552616,0,-0.503552616,-0.863994241,0,0,0,1],"scale":0.972199976,"type":"tro_tree_2_tall"}
{"ctxid":0,"pos":[-383.134003,793.822021,147.929993],"rotationMatrix":[-0.99970597,-0.0214194581,0,0.0214194581,-0.99970597,0,0,0,1],"scale":0.860300004,"type":"tro_tree_2_tall"}
{"ctxid":0,"pos":[-484.113342,760.587891,151.962708],"rotationMatrix":[0.525436401,0.85084486,0,-0.85084486,0.525436401,0,0,0,1],"scale":0.919099987,"type":"tro_tree_2_tall"}
{"ctxid":0,"pos":[-311.450989,743.807007,171.654999],"rotationMatrix":[0.287335426,0.957830071,0,-0.957830071,0.287335426,0,0,0,1],"scale":0.942099988,"type":"tro_tree_2_tall"}
{"ctxid":0,"pos":[-445.360992,739.445984,159.798004],"rotationMatrix":[0.918876052,0.394542605,0,-0.394542605,0.918876052,0,0,0,1],"scale":0.989799976,"type":"tro_tree_2_tall"}
{"ctxid":0,"pos":[-445.635986,612.205017,164.669006],"rotationMatrix":[0.291416705,-0.956390798,0,0.956390798,0.291416705,0,0,0,1],"scale":1.16199994,"type":"tro_tree_2_tall"}
{"ctxid":0,"pos":[-481.734009,587.59198,162.516998],"rotationMatrix":[0.921904981,0.387569278,0,-0.387569278,0.921904981,0,0,0,1],"scale":0.955600023,"type":"tro_tree_2_tall"}
{"ctxid":0,"pos":[-9.53610039,321.674988,295.937012],"rotationMatrix":[0.146920741,-0.989185333,0,0.989185333,0.146920741,0,0,0,1],"scale":0.671599984,"type":"tro_tree_2_tall"}
{"ctxid":0,"pos":[-77.7986984,371.464996,284.872009],"rotationMatrix":[-0.996801257,-0.0791366398,0,0.0791366398,-0.996801257,0,0,0,1],"scale":0.891300023,"type":"tro_tree_2_tall"}
{"ctxid":0,"pos":[-229.656006,308.425995,223.862],"rotationMatrix":[-0.97508955,0.215320975,0.0532595627,-0.2196071,-0.970919132,-0.0953320935,0.0311837308,-0.104653507,0.994019747],"scale":1.06500006,"type":"tro_tree_2_tall"}
{"ctxid":0,"pos":[-79.0558014,234.291,272.588989],"rotationMatrix":[-0.230880499,-0.972936928,0,0.972936928,-0.230880499,0,0,0,1],"scale":1.49820006,"type":"tro_tree_2_tall"}
{"ctxid":0,"pos":[-48.2028008,98.7891998,226.830994],"rotationMatrix":[-0.291545987,0.956605434,0,-0.956605434,-0.291545987,0,0,0,1],"scale":1.15900004,"type":"tro_tree_2_tall"}
{"ctxid":0,"pos":[-239.869003,106.984001,265.042999],"rotationMatrix":[-0.887235999,-0.46102643,0,0.46102643,-0.887235999,0,0,0,1],"scale":0.911899984,"type":"tro_tree_2_tall"}
{"ctxid":0,"pos":[-260.535004,445.747986,186.126007],"rotationMatrix":[-0.561224461,0.827656627,0,-0.827656627,-0.561224461,0,0,0,1],"scale":0.81190002,"type":"tro_tree_2_tall"}
{"ctxid":0,"pos":[-493.554199,244.605713,139.536133],"rotationMatrix":[0.30923596,-0.951016665,0,0.951016665,0.30923596,0,0,0,1],"scale":1.03369999,"type":"tro_tree_2_tall"}
{"ctxid":0,"pos":[-451.997986,134.348007,135.100998],"rotationMatrix":[-0.886141121,0.463454008,0,-0.463454008,-0.886141121,0,0,0,1],"scale":0.924199998,"type":"tro_tree_2_tall"}
{"ctxid":0,"pos":[-468.179993,113.607002,134.919006],"rotationMatrix":[-0.984838128,-0.174176574,0,0.174176574,-0.984838128,0,0,0,1],"scale":0.907400012,"type":"tro_tree_2_tall"}
{"ctxid":0,"pos":[-546.53302,801.507996,131.139008],"rotationMatrix":[-0.312805086,-0.949753106,0,0.949753106,-0.312805086,0,0,0,1],"scale":0.855400026,"type":"tro_tree_2_tall"}
{"ctxid":0,"pos":[-672.427002,787.948975,142.078003],"rotationMatrix":[-0.410528064,-0.911854863,0,0.911854863,-0.410528064,0,0,0,1],"scale":0.917900026,"type":"tro_tree_2_tall"}
{"ctxid":0,"pos":[-748.302002,861.296021,145.889008],"rotationMatrix":[-0.646386504,0.763039291,0,-0.763039291,-0.646386504,0,0,0,1],"scale":0.825900018,"type":"tro_tree_2_tall"}
{"ctxid":0,"pos":[-747.244019,763.593994,147.591003],"rotationMatrix":[-0.611502707,-0.79124248,0,0.79124248,-0.611502707,0,0,0,1],"scale":1.08459997,"type":"tro_tree_2_tall"}
{"ctxid":0,"pos":[-582.981995,653.73999,161.397003],"rotationMatrix":[-0.60097611,0.799324989,0,-0.799324989,-0.60097611,0,0,0,1],"scale":0.815900028,"type":"tro_tree_2_tall"}
{"ctxid":0,"pos":[-528.091003,534.650024,164.439575],"rotationMatrix":[0.993424535,0.1145899,0,-0.1145899,0.993424535,0,0,0,1],"scale":1.16760004,"type":"tro_tree_2_tall"}
{"ctxid":0,"pos":[-606.062012,556.336975,156.442001],"rotationMatrix":[0.305897146,0.952190876,0,-0.952190876,0.305897146,0,0,0,1],"scale":0.945100009,"type":"tro_tree_2_tall"}
{"ctxid":0,"pos":[-656.593994,654.020996,150.992004],"rotationMatrix":[0.213742077,0.976865947,0,-0.976865947,0.213742077,0,0,0,1],"scale":1.04680002,"type":"tro_tree_2_tall"}
{"ctxid":0,"pos":[-642.103027,591.322998,154.811005],"rotationMatrix":[-0.97992605,0.199236497,0,-0.199236497,-0.97992605,0,0,0,1],"scale":1.07490003,"type":"tro_tree_2_tall"}
{"ctxid":0,"pos":[-653.51001,525.593018,142.139008],"rotationMatrix":[-0.974980474,-0.22276102,0,0.22276102,-0.974980474,0,0,0,1],"scale":1.09979999,"type":"tro_tree_2_tall"}
{"ctxid":0,"pos":[-869.06897,948.611023,140.479004],"rotationMatrix":[-0.575478792,-0.81784308,0,0.81784308,-0.575478792,0,0,0,1],"scale":1.17200005,"type":"tro_tree_2_tall"}
{"ctxid":0,"pos":[-842.637024,881.075012,176.350006],"rotationMatrix":[-0.79453665,-0.607132435,0,0.607132435,-0.79453665,0,0,0,1],"scale":0.956700027,"type":"tro_tree_2_tall"}
{"ctxid":0,"pos":[-853.739136,837.313538,184.701996],"rotationMatrix":[-0.983633518,0.179461166,0,-0.179461166,-0.983633518,0,0,0,1],"scale":0.843100011,"type":"tro_tree_2_tall"}
{"ctxid":0,"pos":[-822.95105,819.123596,187.279312],"rotationMatrix":[-0.798259735,0.602226853,0,-0.602226853,-0.798259735,0,0,0,1],"scale":0.883400023,"type":"tro_tree_2_tall"}
{"ctxid":0,"pos":[-933.580017,861.408997,140.725998],"rotationMatrix":[-0.997200966,-0.0751473606,0,0.0751473606,-0.997200966,0,0,0,1],"scale":1.03540003,"type":"tro_tree_2_tall"}
{"ctxid":0,"pos":[-917.302979,765.846008,139.546997],"rotationMatrix":[-0.490590632,0.871390164,0,-0.871390164,-0.490590632,0,0,0,1],"scale":0.875999987,"type":"tro_tree_2_tall"}
{"ctxid":0,"pos":[-801.466003,727.242981,138.384995],"rotationMatrix":[0.543617189,0.839466929,0,-0.839466929,0.543617189,0,0,0,1],"scale":0.874100029,"type":"tro_tree_2_tall"}
{"ctxid":0,"pos":[-525.110535,442.002777,150.809006],"rotationMatrix":[-0.0826376081,0.99645102,0,-0.99645102,-0.0826376081,0,0,0,1],"scale":1.10070002,"type":"tro_tree_2_tall"}
{"ctxid":0,"pos":[-575.958984,474.765015,160.013],"rotationMatrix":[0.46728158,-0.884079337,0,0.884079337,0.46728158,0,0,0,1],"scale":1.02209997,"type":"tro_tree_2_tall"}
{"ctxid":0,"pos":[-558.307983,152.591995,132.932007],"rotationMatrix":[-0.835783482,0.549087048,0,-0.549087048,-0.835783482,0,0,0,1],"scale":0.975099981,"type":"tro_tree_2_tall"}
{"ctxid":0,"pos":[-566.281006,244.945999,130.341003],"rotationMatrix":[0.982465148,0.185489535,0,-0.185489535,0.982465148,0,0,0,1],"scale":1.14709997,"type":"tro_tree_2_tall"}
{"ctxid":0,"pos":[-592.097168,187.316528,130.570984],"rotationMatrix":[0.724094808,-0.689724028,0,0.689724028,0.724094808,0,0,0,1],"scale":0.80309999,"type":"tro_tree_2_tall"}
{"ctxid":0,"pos":[-572.695007,63.4794006,145.449005],"rotationMatrix":[0.74110949,0.671384037,0,-0.671384037,0.74110949,0,0,0,1],"scale":0.967999995,"type":"tro_tree_2_tall"}
{"ctxid":0,"pos":[-557.242981,88.1460037,141.175995],"rotationMatrix":[-0.623317122,-0.781984627,0,0.781984627,-0.623317122,0,0,0,1],"scale":1.19669998,"type":"tro_tree_2_tall"}
{"ctxid":0,"pos":[-646.85199,102.740997,130.171005],"rotationMatrix":[-0.183644891,-0.983011484,0,0.983011484,-0.183644891,0,0,0,1],"scale":0.883000016,"type":"tro_tree_2_tall"}
{"ctxid":0,"pos":[-684.192993,29.6716003,130.574005],"rotationMatrix":[0.897395492,0.441222012,0,-0.441222012,0.897395492,0,0,0,1],"scale":0.993099988,"type":"tro_tree_2_tall"}
{"ctxid":0,"pos":[-888.656982,438.399994,131.257004],"rotationMatrix":[0.273987472,0.961710513,0,-0.961710513,0.273987472,0,0,0,1],"scale":0.989199996,"type":"tro_tree_2_tall"}
{"ctxid":0,"pos":[-828.281982,245.401001,130.710175],"rotationMatrix":[-0.709734499,0.704222143,0,-0.704222143,-0.709734499,0,0,0,1],"scale":1.18669999,"type":"tro_tree_2_tall"}
{"ctxid":0,"pos":[923.650024,-412.027008,165.070999],"rotationMatrix":[0.99979192,-0.0203979611,0,0.0203979611,0.99979192,0,0,0,1],"scale":1.15390003,"type":"tro_tree_2_tall"}
{"ctxid":0,"pos":[792.85199,-375.183929,166.262131],"rotationMatrix":[0.994351864,-0.107522063,0,0.107522063,0.994351864,0,0,0,1],"scale":0.833500028,"type":"tro_tree_2_tall"}
{"ctxid":0,"pos":[581.531982,-6.32499981,135.283005],"rotationMatrix":[-0.784519672,0.620109558,0,-0.620109558,-0.784519672,0,0,0,1],"scale":1.23119998,"type":"tro_tree_2_tall"}
{"ctxid":0,"pos":[610.335999,-84.6876984,138.179993],"rotationMatrix":[-0.41968441,0.907843411,-4.52175736e-05,-0.895281494,-0.413870573,0.165818155,0.150501549,0.0696056858,0.986157894],"scale":1.49070001,"type":"tro_tree_2_tall"}
{"ctxid":0,"pos":[543.252014,-12.8452997,158.778],"rotationMatrix":[-0.459722966,0.88814795,0,-0.88814795,-0.459722966,0,0,0,1],"scale":0.989899993,"type":"tro_tree_2_tall"}
{"ctxid":0,"pos":[555.723022,-186.585007,226.399002],"rotationMatrix":[0.905735195,-0.423866034,0,0.423866034,0.905735195,0,0,0,1],"scale":1.48479998,"type":"tro_tree_2_tall"}
{"ctxid":0,"pos":[592.22998,-140.184006,176.285004],"rotationMatrix":[-0.782156765,-0.622956038,0,0.622956038,-0.782156765,0,0,0,1],"scale":1.05089998,"type":"tro_tree_2_tall"}
{"ctxid":0,"pos":[714.413025,-261.55899,175.404999],"rotationMatrix":[0.608215392,0.793852806,0,-0.793852806,0.608215392,0,0,0,1],"scale":0.824400008,"type":"tro_tree_2_tall"}
{"ctxid":0,"pos":[662.973694,-460.830414,160.022003],"rotationMatrix":[0.927419484,0.374027699,0,-0.374027699,0.927419484,0,0,0,1],"scale":1.09650004,"type":"tro_tree_2_tall"}
{"ctxid":0,"pos":[508.526001,-461.951996,128.205994],"rotationMatrix":[0.68757236,-0.726036668,0,0.726036668,0.68757236,0,0,0,1],"scale":1.19840002,"type":"tro_tree_2_tall"}
{"ctxid":0,"pos":[955.552979,-746.338989,136.630005],"rotationMatrix":[-0.969715476,0.244328871,0,-0.244328871,-0.969715476,0,0,0,1],"scale":1.18439996,"type":"tro_tree_2_tall"}
{"ctxid":0,"pos":[797.516174,-608.344238,160.076004],"rotationMatrix":[0.116347909,0.993194699,0,-0.993194699,0.116347909,0,0,0,1],"scale":1.15250003,"type":"tro_tree_2_tall"}
{"ctxid":0,"pos":[759.948975,-698.007996,152.246002],"rotationMatrix":[-0.152161956,-0.988369763,0,0.988369763,-0.152161956,0,0,0,1],"scale":1.05799997,"type":"tro_tree_2_tall"}
{"ctxid":0,"pos":[793.307983,-731.84198,150.755997],"rotationMatrix":[-0.458759665,-0.888426065,0,0.888426065,-0.458759665,0,0,0,1],"scale":1.04900002,"type":"tro_tree_2_tall"}
{"ctxid":0,"pos":[822.239014,-777.929993,128.412994],"rotationMatrix":[0.292901635,-0.956116855,0,0.956116855,0.292901635,0,0,0,1],"scale":1.05599999,"type":"tro_tree_2_tall"}
{"ctxid":0,"pos":[669.455627,-560.620483,159.511154],"rotationMatrix":[-0.500604749,0.865680277,0,-0.865680277,-0.500604749,0,0,0,1],"scale":1.0223,"type":"tro_tree_2_tall"}
{"ctxid":0,"pos":[689.116028,-697.047974,140.556],"rotationMatrix":[-0.901250124,0.433485001,0,-0.433485001,-0.901250124,0,0,0,1],"scale":0.99119997,"type":"tro_tree_2_tall"}
{"ctxid":0,"pos":[639.854004,-627.836975,135.699005],"rotationMatrix":[0.9429456,0.332935661,0,-0.332935661,0.9429456,0,0,0,1],"scale":1.13510001,"type":"tro_tree_2_tall"}
{"ctxid":0,"pos":[560.421021,-573.869995,131.677002],"rotationMatrix":[0.142473936,0.989795685,0,-0.989795685,0.142473936,0,0,0,1],"scale":1.08239996,"type":"tro_tree_2_tall"}
{"ctxid":0,"pos":[350.55838,-222.512909,159.998001],"rotationMatrix":[0.943552017,0.331228793,0,-0.331228793,0.943552017,0,0,0,1],"scale":1.11849999,"type":"tro_tree_2_tall"}
{"ctxid":0,"pos":[466.540283,-305.187897,153.292694],"rotationMatrix":[0.940625429,-0.339430988,0,0.339430988,0.940625429,0,0,0,1],"scale":1.0072,"type":"tro_tree_2_tall"}
{"ctxid":0,"pos":[241.897995,-112.574997,180.251007],"rotationMatrix":[0.868107557,0.496394396,0,-0.496394396,0.868107557,0,0,0,1],"scale":1.05579996,"type":"tro_tree_2_tall"}
{"ctxid":0,"pos":[213.032059,-183.796585,145.173996],"rotationMatrix":[-0.433463097,-0.901290357,0,0.901290357,-0.433463097,0,0,0,1],"scale":0.848200023,"type":"tro_tree_2_tall"}
{"ctxid":0,"pos":[244.259995,-233.694,137.307999],"rotationMatrix":[0.73457098,-0.678545177,0,0.678545177,0.73457098,0,0,0,1],"scale":0.875800014,"type":"tro_tree_2_tall"}
{"ctxid":0,"pos":[113.257004,-77.3160019,158.658997],"rotationMatrix":[0.935343921,-0.353738517,0,0.353738517,0.935343921,0,0,0,1],"scale":1.14100003,"type":"tro_tree_2_tall"}
{"ctxid":0,"pos":[360.944,-712.497009,138.445999],"rotationMatrix":[0.8840307,0.467440963,0,-0.467440963,0.8840307,0,0,0,1],"scale":0.986599982,"type":"tro_tree_2_tall"}
{"ctxid":0,"pos":[238.832993,-549.192017,131.953003],"rotationMatrix":[-0.596327186,0.802630603,0,-0.802630603,-0.596327186,0,0,0,1],"scale":0.819199979,"type":"tro_tree_2_tall"}
{"ctxid":0,"pos":[186.865005,-817.479004,151.403015],"rotationMatrix":[-0.147309422,-0.989164352,0,0.989164352,-0.147309422,0,0,0,1],"scale":1.06260002,"type":"tro_tree_2_tall"}
{"ctxid":0,"pos":[125.134003,-964.578003,145.334747],"rotationMatrix":[0.55913949,0.82904309,0,-0.82904309,0.55913949,0,0,0,1],"scale":0.912999988,"type":"tro_tree_2_tall"}
{"ctxid":0,"pos":[85.5784988,-854.429016,162.22934],"rotationMatrix":[0.265285552,-0.964183927,0,0.964183927,0.265285552,0,0,0,1],"scale":1.14289999,"type":"tro_tree_2_tall"}
{"ctxid":0,"pos":[95.0215988,-921.057983,147.48143],"rotationMatrix":[0.205191672,0.97875905,0,-0.97875905,0.205191672,0,0,0,1],"scale":0.908299983,"type":"tro_tree_2_tall"}
{"ctxid":0,"pos":[551.43103,782.531006,141.690994],"rotationMatrix":[0.846763492,-0.531954229,0,0.531954229,0.846763492,0,0,0,1],"scale":0.861699998,"type":"tro_tree_2_tall"}
{"ctxid":0,"pos":[684.921997,692.513,154.453003],"rotationMatrix":[0.506578207,0.862171829,0,-0.862171829,0.506578207,0,0,0,1],"scale":1.07389998,"type":"tro_tree_2_tall"}
{"ctxid":0,"pos":[618.964966,545.990723,154.757004],"rotationMatrix":[-0.942369699,-0.334573448,0,0.334573448,-0.942369699,0,0,0,1],"scale":1.11230004,"type":"tro_tree_2_tall"}
{"ctxid":0,"pos":[685.521973,389.971008,148.996994],"rotationMatrix":[0.884858549,-0.46586591,0,0.46586591,0.884858549,0,0,0,1],"scale":1.1437,"type":"tro_tree_2_tall"}
{"ctxid":0,"pos":[717.151978,257.335999,137.266998],"rotationMatrix":[0.643832028,-0.765170395,0,0.765170395,0.643832028,0,0,0,1],"scale":0.973399997,"type":"tro_tree_2_tall"}
{"ctxid":0,"pos":[619.794983,269.027008,158.054001],"rotationMatrix":[0.918714881,-0.394934386,0,0.394934386,0.918714881,0,0,0,1],"scale":0.943700016,"type":"tro_tree_2_tall"}
{"ctxid":0,"pos":[667.93103,216.541,144.007004],"rotationMatrix":[0.88642621,-0.462873906,0,0.462873906,0.88642621,0,0,0,1],"scale":1.11740005,"type":"tro_tree_2_tall"}
{"ctxid":0,"pos":[532.630981,189.604996,151.115005],"rotationMatrix":[0.342424035,-0.939372301,0,0.939372301,0.342424035,0,0,0,1],"scale":1.19620001,"type":"tro_tree_2_tall"}
{"ctxid":0,"pos":[527.328125,218.559052,147.401993],"rotationMatrix":[-0.903405249,-0.428792059,0,0.428792059,-0.903405249,0,0,0,1],"scale":0.984799981,"type":"tro_tree_2_tall"}
{"ctxid":0,"pos":[379.828918,715.90448,139.537994],"rotationMatrix":[-0.779955983,-0.625832915,0,0.625832915,-0.779955983,0,0,0,1],"scale":0.960500002,"type":"tro_tree_2_tall"}
{"ctxid":0,"pos":[311.231384,739.896545,135.384003],"rotationMatrix":[-0.99550271,-0.0948546827,0,0.0948546827,-0.99550271,0,0,0,1],"scale":1.07799995,"type":"tro_tree_2_tall"}
{"ctxid":0,"pos":[354.708618,724.252441,137.375],"rotationMatrix":[-0.915040016,0.40337047,0,-0.40337047,-0.915040016,0,0,0,1],"scale":1.11530006,"type":"tro_tree_2_tall"}
{"ctxid":0,"pos":[271.700012,704.893005,143.600006],"rotationMatrix":[0.491564751,-0.870854199,0,0.870854199,0.491564751,0,0,0,1],"scale":1.02719998,"type":"tro_tree_2_tall"}
{"ctxid":0,"pos":[310.769989,600.940002,163.376007],"rotationMatrix":[-0.970906496,-0.23884362,0,0.23884362,-0.970906496,0,0,0,1],"scale":1.08599997,"type":"tro_tree_2_tall"}
{"ctxid":0,"pos":[124.783669,717.170837,132.261993],"rotationMatrix":[-0.91819489,0.396128565,0,-0.396128565,-0.91819489,0,0,0,1],"scale":1.00179994,"type":"tro_tree_2_tall"}
{"ctxid":0,"pos":[196.475006,728.169983,132.113007],"rotationMatrix":[-0.754364848,-0.656411827,0,0.656411827,-0.754364848,0,0,0,1],"scale":0.854700029,"type":"tro_tree_2_tall"}
{"ctxid":0,"pos":[41.0110016,699.468018,148.554993],"rotationMatrix":[-0.97283107,-0.231575966,0,0.231575966,-0.97283107,0,0,0,1],"scale":1.07620001,"type":"tro_tree_2_tall"}
{"ctxid":0,"pos":[453.670074,101.223824,206.667694],"rotationMatrix":[-0.0577407628,0.998235583,0,-0.998235583,-0.0577407628,0,0,0,1],"scale":1.18260002,"type":"tro_tree_2_tall"}
{"ctxid":0,"pos":[67.0912247,379.39267,264.611603],"rotationMatrix":[0.418510199,0.908075452,0,-0.908075452,0.418510199,0,0,0,1],"scale":1.02649999,"type":"tro_tree_2_tall"}
{"ctxid":0,"pos":[18.0447998,431.94101,244.356995],"rotationMatrix":[0.932287991,-0.361707211,0,0.361707211,0.932287991,0,0,0,1],"scale":1.06410003,"type":"tro_tree_2_tall"}
{"ctxid":0,"pos":[92.2127991,326.394989,266.618011],"rotationMatrix":[-0.533700943,-0.845575929,0,0.845575929,-0.533700943,0,0,0,1],"scale":1.0086,"type":"tro_tree_2_tall"}
{"ctxid":0,"pos":[82.7502975,228.960007,280.854004],"rotationMatrix":[-0.410528064,0.911854863,0,-0.911854863,-0.410528064,0,0,0,1],"scale":0.841099977,"type":"tro_tree_2_tall"}
{"ctxid":0,"pos":[-721.015137,-711.037476,203.585693],"rotationMatrix":[-0.965017974,0.262183726,0,-0.262183726,-0.965017974,0,0,0,1],"scale":0.971295357,"type":"tro_tree_2_tall"}
{"ctxid":0,"pos":[-706.429749,-722.213013,203.185928],"rotationMatrix":[0.0251662508,0.999683261,0,-0.999683261,0.0251662508,0,0,0,1],"scale":1.13905907,"type":"tro_tree_2_tall"}
{"ctxid":0,"pos":[-703.750305,-723.886475,202.975204],"rotationMatrix":[0.473938555,0.880557895,0,-0.880557895,0.473938555,0,0,0,1],"scale":1.17701638,"type":"tro_tree_2_tall"}
{"ctxid":0,"pos":[-706.120789,-712.670105,203.263245],"rotationMatrix":[-0.593612552,0.804750979,0,-0.804750979,-0.593612552,0,0,0,1],"scale":1.08171427,"type":"tro_tree_2_tall"}
{"ctxid":0,"pos":[-675.778625,-716.891174,198.503784],"rotationMatrix":[-0.847724617,0.530436575,0,-0.530436575,-0.847724617,0,0,0,1],"scale":0.952079415,"type":"tro_tree_2_tall"}
{"ctxid":0,"pos":[-674.812439,-714.743103,197.991806],"rotationMatrix":[-0.528033435,-0.849223614,0,0.849223614,-0.528033435,0,0,0,1],"scale":0.889868379,"type":"tro_tree_2_tall"}
{"ctxid":0,"pos":[-665.010925,-720.944397,197.483521],"rotationMatrix":[-0.140820131,-0.990035176,0,0.990035176,-0.140820131,0,0,0,1],"scale":1.10682237,"type":"tro_tree_2_tall"}
{"ctxid":0,"pos":[-664.118225,-723.707886,198.074142],"rotationMatrix":[-0.344894975,-0.93864131,0,0.93864131,-0.344894975,0,0,0,1],"scale":1.10729313,"type":"tro_tree_2_tall"}
{"ctxid":0,"pos":[-663.869934,-720.78302,197.338348],"rotationMatrix":[-0.0762583911,-0.997088075,0,0.997088075,-0.0762583911,0,0,0,1],"scale":1.1996454,"type":"tro_tree_2_tall"}
{"ctxid":0,"pos":[-661.427124,-722.205261,197.533386],"rotationMatrix":[0.737634897,-0.675199747,0,0.675199747,0.737634897,0,0,0,1],"scale":1.00235772,"type":"tro_tree_2_tall"}
{"ctxid":0,"pos":[-655.756287,-731.805115,199.624451],"rotationMatrix":[-0.999318302,-0.0369175524,0,0.0369175524,-0.999318302,0,0,0,1],"scale":0.844433725,"type":"tro_tree_2_tall"}
{"ctxid":0,"pos":[-654.584351,-733.672058,200.023132],"rotationMatrix":[-0.781353116,0.624089181,0,-0.624089181,-0.781353116,0,0,0,1],"scale":1.06147552,"type":"tro_tree_2_tall"}
{"ctxid":0,"pos":[-653.256714,-733.131409,199.936584],"rotationMatrix":[-0.194249377,-0.980952203,0,0.980952203,-0.194249377,0,0,0,1],"scale":0.943700254,"type":"tro_tree_2_tall"}
{"ctxid":0,"pos":[-655.118958,-730.334778,199.312805],"rotationMatrix":[0.795080245,0.606504261,0,-0.606504261,0.795080245,0,0,0,1],"scale":0.825617194,"type":"tro_tree_2_tall"}
{"ctxid":0,"pos":[-650.418579,-725.64917,199.211426],"rotationMatrix":[0.917325139,-0.398138851,0,0.398138851,0.917325139,0,0,0,1],"scale":0.92757988,"type":"tro_tree_2_tall"}
{"ctxid":0,"pos":[-646.901184,-726.5625,199.702759],"rotationMatrix":[0.780189276,-0.625543535,0,0.625543535,0.780189276,0,0,0,1],"scale":0.818125546,"type":"tro_tree_2_tall"}
{"ctxid":0,"pos":[-645.556152,-740.496887,199.249207],"rotationMatrix":[0.27601397,0.961153626,0,-0.961153626,0.27601397,0,0,0,1],"scale":0.945047259,"type":"tro_tree_2_tall"}
{"ctxid":0,"pos":[-645.367188,-744.676331,198.920593],"rotationMatrix":[-0.940725863,0.339167893,0,-0.339167893,-0.940725863,0,0,0,1],"scale":1.19031954,"type":"tro_tree_2_tall"}
{"ctxid":0,"pos":[-627.786682,-742.904419,198.978851],"rotationMatrix":[0.649261534,0.760565221,0,-0.760565221,0.649261534,0,0,0,1],"scale":0.981336236,"type":"tro_tree_2_tall"}
{"ctxid":0,"pos":[-629.95697,-744.85321,199.228729],"rotationMatrix":[0.0861890912,-0.996278822,0,0.996278822,0.0861890912,0,0,0,1],"scale":0.856366575,"type":"tro_tree_2_tall"}
{"ctxid":0,"pos":[-614.119385,-755.17865,196.647308],"rotationMatrix":[0.980588138,0.196078792,0,-0.196078792,0.980588138,0,0,0,1],"scale":1.1002152,"type":"tro_tree_2_tall"}
{"ctxid":0,"pos":[-614.59552,-731.954651,198.031677],"rotationMatrix":[-0.254487604,-0.967076063,0,0.967076063,-0.254487604,0,0,0,1],"scale":0.989911854,"type":"tro_tree_2_tall"}
{"ctxid":0,"pos":[-614.263916,-732.995972,197.814163],"rotationMatrix":[-0.190849572,0.981619298,0,-0.981619298,-0.190849572,0,0,0,1],"scale":1.14578009,"type":"tro_tree_2_tall"}
{"ctxid":0,"pos":[-613.017395,-742.249084,196.759155],"rotationMatrix":[-0.656404078,0.754409492,0,-0.754409492,-0.656404078,0,0,0,1],"scale":1.08711517,"type":"tro_tree_2_tall"}
{"ctxid":0,"pos":[-600.046509,-757.586121,193.731003],"rotationMatrix":[0.387305617,-0.921951413,0,0.921951413,0.387305617,0,0,0,1],"scale":1.12904894,"type":"tro_tree_2_tall"}
{"ctxid":0,"pos":[-603.187195,-755.307617,194.054596],"rotationMatrix":[0.917812765,0.397013515,0,-0.397013515,0.917812765,0,0,0,1],"scale":1.06288195,"type":"tro_tree_2_tall"}
{"ctxid":0,"pos":[-599.736084,-743.232544,194.116776],"rotationMatrix":[-0.873016,0.487691581,0,-0.487691581,-0.873016,0,0,0,1],"scale":0.849776268,"type":"tro_tree_2_tall"}
{"ctxid":0,"pos":[-599.668335,-744.730896,194.011658],"rotationMatrix":[-0.736685753,-0.676235259,0,0.676235259,-0.736685753,0,0,0,1],"scale":0.813026965,"type":"tro_tree_2_tall"}
{"ctxid":0,"pos":[-590.595764,-761.563782,192.083038],"rotationMatrix":[-0.999890387,0.0148067707,0,-0.0148067707,-0.999890387,0,0,0,1],"scale":0.889442801,"type":"tro_tree_2_tall"}
{"ctxid":0,"pos":[-542.796204,-783.521484,185.3284],"rotationMatrix":[-0.187041789,0.982351959,0,-0.982351959,-0.187041789,0,0,0,1],"scale":0.989067912,"type":"tro_tree_2_tall"}
{"ctxid":0,"pos":[-536.83728,-778.390991,186.70932],"rotationMatrix":[0.675254107,0.737585187,0,-0.737585187,0.675254107,0,0,0,1],"scale":1.1591537,"type":"tro_tree_2_tall"}
{"ctxid":0,"pos":[-511.952148,-754.654907,183.706848],"rotationMatrix":[0.591900706,-0.806010902,0,0.806010902,0.591900706,0,0,0,1],"scale":0.887802124,"type":"tro_tree_2_tall"}
{"ctxid":0,"pos":[-513.37262,-754.181885,183.733978],"rotationMatrix":[-0.888269901,-0.459321886,0,0.459321886,-0.888269901,0,0,0,1],"scale":0.980037093,"type":"tro_tree_2_tall"}
{"ctxid":0,"pos":[-510.903351,-744.667786,181.438339],"rotationMatrix":[0.989998102,-0.141080558,0,0.141080558,0.989998102,0,0,0,1],"scale":0.9097054,"type":"tro_tree_2_tall"}
{"ctxid":0,"pos":[-539.253357,-731.358154,183.626297],"rotationMatrix":[-0.188223004,0.982126296,0,-0.982126296,-0.188223004,0,0,0,1],"scale":1.15616846,"type":"tro_tree_2_tall"}
{"ctxid":0,"pos":[-551.05719,-722.184448,181.900253],"rotationMatrix":[-0.985197365,-0.171423852,0,0.171423852,-0.985197365,0,0,0,1],"scale":1.16518402,"type":"tro_tree_2_tall"}
{"ctxid":0,"pos":[-549.469543,-720.760681,181.138428],"rotationMatrix":[0.994722486,-0.102601916,0,0.102601916,0.994722486,0,0,0,1],"scale":1.12162888,"type":"tro_tree_2_tall"}
{"ctxid":0,"pos":[-550.871399,-719.646118,181.215393],"rotationMatrix":[-0.989286363,-0.145987868,0,0.145987868,-0.989286363,0,0,0,1],"scale":0.952782273,"type":"tro_tree_2_tall"}
{"ctxid":0,"pos":[-590.769897,-702.946594,183.630081],"rotationMatrix":[-0.949921608,0.312488258,0,-0.312488258,-0.949921608,0,0,0,1],"scale":1.17330801,"type":"tro_tree_2_tall"}
{"ctxid":0,"pos":[-587.841797,-702.826904,183.294037],"rotationMatrix":[-0.263187766,0.964744627,0,-0.964744627,-0.263187766,0,0,0,1],"scale":0.888026834,"type":"tro_tree_2_tall"}
{"ctxid":0,"pos":[-603.774719,-704.064514,183.647797],"rotationMatrix":[0.906434953,-0.422345459,0,0.422345459,0.906434953,0,0,0,1],"scale":0.816288412,"type":"tro_tree_2_tall"}
{"ctxid":0,"pos":[-605.692322,-700.792175,182.712296],"rotationMatrix":[-0.898425221,-0.439126551,0,0.439126551,-0.898425221,0,0,0,1],"scale":1.10847926,"type":"tro_tree_2_tall"}
{"ctxid":0,"pos":[-601.192444,-701.469666,183.056305],"rotationMatrix":[-0.60300833,0.797734916,0,-0.797734916,-0.60300833,0,0,0,1],"scale":0.81398195,"type":"tro_tree_2_tall"}
{"ctxid":0,"pos":[-625.68042,-685.188965,176.764679],"rotationMatrix":[0.417247266,0.908792973,0,-0.908792973,0.417247266,0,0,0,1],"scale":1.04165089,"type":"tro_tree_2_tall"}
{"ctxid":0,"pos":[-624.800171,-687.16217,177.664154],"rotationMatrix":[0.995652616,-0.0931442827,0,0.0931442827,0.995652616,0,0,0,1],"scale":0.973391712,"type":"tro_tree_2_tall"}
{"ctxid":0,"pos":[-641.582214,-673.43689,174.643188],"rotationMatrix":[-0.132802784,-0.991142511,0,0.991142511,-0.132802784,0,0,0,1],"scale":1.1256578,"type":"tro_tree_2_tall"}
{"ctxid":0,"pos":[-647.672974,-666.233215,172.640442],"rotationMatrix":[0.905245841,0.424888134,0,-0.424888134,0.905245841,0,0,0,1],"scale":1.0481329,"type":"tro_tree_2_tall"}
{"ctxid":0,"pos":[-651.212585,-666.451599,174.099823],"rotationMatrix":[0.935285509,-0.353894144,0,0.353894144,0.935285509,0,0,0,1],"scale":0.940122843,"type":"tro_tree_2_tall"}
{"ctxid":0,"pos":[-674.243408,-667.389038,181.050537],"rotationMatrix":[0.847113132,-0.531412601,0,0.531412601,0.847113132,0,0,0,1],"scale":1.18089223,"type":"tro_tree_2_tall"}
{"ctxid":0,"pos":[-676.628662,-670.234802,181.800949],"rotationMatrix":[0.191892192,-0.981415987,0,0.981415987,0.191892192,0,0,0,1],"scale":1.0797981,"type":"tro_tree_2_tall"}
{"ctxid":0,"pos":[-598.297607,-691.044983,180.054916],"rotationMatrix":[-0.972083211,0.234636277,0,-0.234636277,-0.972083211,0,0,0,1],"scale":0.974710584,"type":"tro_tree_2_tall"}
{"ctxid":0,"pos":[-700.101562,-653.259521,178.83667],"rotationMatrix":[0.677257419,0.735746145,0,-0.735746145,0.677257419,0,0,0,1],"scale":1.01355934,"type":"tro_tree_2_tall"}
{"ctxid":0,"pos":[-701.419189,-652.175903,178.884369],"rotationMatrix":[-0.772614419,0.634875596,0,-0.634875596,-0.772614419,0,0,0,1],"scale":0.970982909,"type":"tro_tree_2_tall"}
{"ctxid":0,"pos":[-714.940186,-635.212097,178.893066],"rotationMatrix":[-0.998426318,-0.0560791902,0,0.0560791902,-0.998426318,0,0,0,1],"scale":0.919023275,"type":"tro_tree_2_tall"}
{"ctxid":0,"pos":[-722.982178,-625.886963,178.747589],"rotationMatrix":[-0.9742167,0.225614235,0,-0.225614235,-0.9742167,0,0,0,1],"scale":0.989316106,"type":"tro_tree_2_tall"}
{"ctxid":0,"pos":[-721.084656,-624.577026,177.961609],"rotationMatrix":[0.164826527,-0.986322582,0,0.986322582,0.164826527,0,0,0,1],"scale":0.867443442,"type":"tro_tree_2_tall"}
{"ctxid":0,"pos":[-730.67627,-588.876038,172.634155],"rotationMatrix":[-0.579530239,0.814950764,0,-0.814950764,-0.579530239,0,0,0,1],"scale":0.98356235,"type":"tro_tree_2_tall"}
{"ctxid":0,"pos":[-732.908264,-590.23407,172.830719],"rotationMatrix":[0.62632817,0.779559493,0,-0.779559493,0.62632817,0,0,0,1],"scale":1.14869285,"type":"tro_tree_2_tall"}
{"ctxid":0,"pos":[-732.829224,-587.464539,172.688385],"rotationMatrix":[0.368239075,0.929731131,0,-0.929731131,0.368239075,0,0,0,1],"scale":1.1060164,"type":"tro_tree_2_tall"}
{"ctxid":0,"pos":[-730.435242,-587.79364,172.575409],"rotationMatrix":[-0.284159899,-0.958776891,0,0.958776891,-0.284159899,0,0,0,1],"scale":1.18011177,"type":"tro_tree_2_tall"}
{"ctxid":0,"pos":[-720.606323,-613.163696,175.522095],"rotationMatrix":[0.745120108,-0.666930258,0,0.666930258,0.745120108,0,0,0,1],"scale":1.10530901,"type":"tro_tree_2_tall"}
{"ctxid":0,"pos":[44.2883492,-522.272095,135.841919],"rotationMatrix":[0.978048682,-0.208376586,0,0.208376586,0.978048682,0,0,0,1],"scale":1.09565961,"type":"tro_tree_2_tall"}
{"ctxid":0,"pos":[52.0668755,-516.924316,136.313507],"rotationMatrix":[0.888587236,-0.45870769,0,0.45870769,0.888587236,0,0,0,1],"scale":0.812076509,"type":"tro_tree_2_tall"}
{"ctxid":0,"pos":[83.7967529,-528.103149,140.519012],"rotationMatrix":[-0.901162326,0.433481812,0,-0.433481812,-0.901162326,0,0,0,1],"scale":1.03509712,"type":"tro_tree_2_tall"}
{"ctxid":0,"pos":[66.360878,-524.169189,140.828827],"rotationMatrix":[-0.943801761,-0.330512017,0,0.330512017,-0.943801761,0,0,0,1],"scale":0.817660749,"type":"tro_tree_2_tall"}
{"ctxid":0,"pos":[179.501022,-562.43103,129.425507],"rotationMatrix":[0.986461103,-0.163995236,0,0.163995236,0.986461103,0,0,0,1],"scale":0.86043644,"type":"tro_tree_2_tall"}
{"ctxid":0,"pos":[-39.9485893,-659.458496,153.559708],"rotationMatrix":[0.947457016,0.319883168,0,-0.319883168,0.947457016,0,0,0,1],"scale":0.96161592,"type":"tro_tree_2_tall"}
{"ctxid":0,"pos":[-304.45932,-505.168518,139.153366],"rotationMatrix":[-0.698948205,0.715172291,0,-0.715172291,-0.698948205,0,0,0,1],"scale":1.1060437,"type":"tro_tree_2_tall"}
{"ctxid":0,"pos":[-678.80127,-623.812744,155.520447],"rotationMatrix":[0.402235955,-0.915536046,0,0.915536046,0.402235955,0,0,0,1],"scale":0.974002361,"type":"tro_tree_2_tall"}
{"ctxid":0,"pos":[-673.538879,-627.15271,154.207886],"rotationMatrix":[0.288961917,0.957340598,0,-0.957340598,0.288961917,0,0,0,1],"scale":0.885756016,"type":"tro_tree_2_tall"}
{"ctxid":0,"pos":[-664.34967,-532.456543,150.033691],"rotationMatrix":[-0.906003952,0.423269212,0,-0.423269212,-0.906003952,0,0,0,1],"scale":1.05677998,"type":"tro_tree_2_tall"}
{"ctxid":0,"pos":[-642.337158,-520.801208,145.032028],"rotationMatrix":[-0.687060654,-0.726600051,0,0.726600051,-0.687060654,0,0,0,1],"scale":0.804947019,"type":"tro_tree_2_tall"}
{"ctxid":0,"pos":[-648.774658,-519.213379,146.925247],"rotationMatrix":[0.874179363,-0.485603154,0,0.485603154,0.874179363,0,0,0,1],"scale":0.97460866,"type":"tro_tree_2_tall"}
{"ctxid":0,"pos":[-632.656677,-515.190857,142.287262],"rotationMatrix":[-0.666517735,-0.74548918,0,0.74548918,-0.666517735,0,0,0,1],"scale":1.09711421,"type":"tro_tree_2_tall"}
{"ctxid":0,"pos":[108.302452,-596.697876,137.700897],"rotationMatrix":[0.964150071,-0.265357643,0,0.265357643,0.964150071,0,0,0,1],"scale":1.18656361,"type":"tro_tree_2_tall"}
{"ctxid":0,"pos":[156.184448,-608.341125,139.974854],"rotationMatrix":[0.817279041,0.576242149,0,-0.576242149,0.817279041,0,0,0,1],"scale":1.09694505,"type":"tro_tree_2_tall"}
{"ctxid":0,"pos":[303.375916,-810.38562,164.536331],"rotationMatrix":[0.833061218,-0.553180814,0,0.553180814,0.833061218,0,0,0,1],"scale":1.11183167,"type":"tro_tree_2_tall"}
{"ctxid":0,"pos":[418.483643,-864.631042,159.752213],"rotationMatrix":[-0.850415051,0.526112378,0,-0.526112378,-0.850415051,0,0,0,1],"scale":1.177912,"type":"tro_tree_2_tall"}
{"ctxid":0,"pos":[432.293762,-833.566833,140.194946],"rotationMatrix":[0.993110359,0.11718259,0,-0.11718259,0.993110359,0,0,0,1],"scale":0.902380109,"type":"tro_tree_2_tall"}
{"ctxid":0,"pos":[350.402405,-767.035828,133.703201],"rotationMatrix":[0.780475676,-0.625186265,0,0.625186265,0.780475676,0,0,0,1],"scale":1.01038623,"type":"tro_tree_2_tall"}
{"ctxid":0,"pos":[-99.5653381,-579.333008,134.871399],"rotationMatrix":[-0.777545333,0.628826857,0,-0.628826857,-0.777545333,0,0,0,1],"scale":1.08059144,"type":"tro_tree_2_tall"}
{"ctxid":0,"pos":[-810.315979,-162.239624,172.915726],"rotationMatrix":[0.116009049,-0.99007535,0.0793276951,0.989658833,0.108436748,-0.0938994065,0.0843654498,0.0894005299,0.992416263],"scale":0.801030159,"type":"tro_tree_2_tall"}
{"ctxid":0,"pos":[-829.727112,-709.265381,164.644714],"rotationMatrix":[0.949287415,0.314409494,0,-0.314409494,0.949287415,0,0,0,1],"scale":0.853331745,"type":"tro_tree_2_tall"}
{"ctxid":0,"pos":[8.75804901,-651.135864,153.626007],"rotationMatrix":[-0.924296558,-0.381675094,0,0.381675094,-0.924296558,0,0,0,1],"scale":0.842022657,"type":"tro_tree_2_tall"}
{"ctxid":0,"pos":[321.024933,-708.536926,134.12204],"rotationMatrix":[-0.988402307,-0.151858047,0,0.151858047,-0.988402307,0,0,0,1],"scale":1.13842475,"type":"tro_tree_2_tall"}
{"ctxid":0,"pos":[138.449814,-619.408569,139.340958],"rotationMatrix":[0.239980966,-0.970777571,0,0.970777571,0.239980966,0,0,0,1],"scale":0.982481062,"type":"tro_tree_2_tall"}
{"ctxid":0,"pos":[-571.930725,-458.741852,137.635223],"rotationMatrix":[0.340605289,-0.940206409,0,0.940206409,0.340605289,0,0,0,1],"scale":1.1184926,"type":"tro_tree_2_tall"}
{"ctxid":0,"pos":[-805.592041,-577.464111,164.433212],"rotationMatrix":[-0.549443185,0.835530996,0,-0.835530996,-0.549443185,0,0,0,1],"scale":1.07840979,"type":"tro_tree_2_tall"}
