{"ctxid":0,"pos":[-536.047607,-499.707092,138.620422],"rotationMatrix":[0.453053027,-0.891483545,0,0.891483545,0.453053027,0,0,0,1],"scale":0.998161674,"type":"tro_tree_2_filler_02"}
{"ctxid":0,"pos":[-582.99884,-586.672424,141.161896],"rotationMatrix":[0.901181877,0.433441192,0,-0.433441192,0.901181877,0,0,0,1],"scale":0.988941848,"type":"tro_tree_2_filler_02"}
{"ctxid":0,"pos":[-576.687561,-569.97583,141.004532],"rotationMatrix":[-0.57303834,0.81952858,0,-0.81952858,-0.57303834,0,0,0,1],"scale":0.946504354,"type":"tro_tree_2_filler_02"}
{"ctxid":0,"pos":[-365.77475,-617.69342,150.479553],"rotationMatrix":[-0.930860639,0.365374386,0,-0.365374386,-0.930860639,0,0,0,1],"scale":0.86645925,"type":"tro_tree_2_filler_02"}
{"ctxid":0,"pos":[-465.135101,-599.957947,156.396179],"rotationMatrix":[-0.903092146,0.429446846,0,-0.429446846,-0.903092146,0,0,0,1],"scale":0.837614417,"type":"tro_tree_2_filler_02"}
{"ctxid":0,"pos":[-444.685516,-589.841003,151.069092],"rotationMatrix":[0.980259836,-0.197713554,0,0.197713554,0.980259836,0,0,0,1],"scale":0.947326422,"type":"tro_tree_2_filler_02"}
{"ctxid":0,"pos":[-427.827454,-583.762024,151.065414],"rotationMatrix":[-0.272259653,0.962223828,0,-0.962223828,-0.272259653,0,0,0,1],"scale":0.899373412,"type":"tro_tree_2_filler_02"}
{"ctxid":0,"pos":[-444.115601,-579.841858,151.068008],"rotationMatrix":[-0.917173207,0.39848879,0,-0.39848879,-0.917173207,0,0,0,1],"scale":0.960948944,"type":"tro_tree_2_filler_02"}
{"ctxid":0,"pos":[-406.476379,-512.261658,140.181442],"rotationMatrix":[0.312998682,-0.949753582,0,0.949753582,0.312998682,0,0,0,1],"scale":0.889324784,"type":"tro_tree_2_filler_02"}
{"ctxid":0,"pos":[-362.633179,-533.213013,135.775238],"rotationMatrix":[0.39323476,0.919438124,0,-0.919438124,0.39323476,0,0,0,1],"scale":0.851237774,"type":"tro_tree_2_filler_02"}
{"ctxid":0,"pos":[-301.440399,-548.374817,145.762894],"rotationMatrix":[0.774686098,0.632345974,0,-0.632345974,0.774686098,0,0,0,1],"scale":0.866048813,"type":"tro_tree_2_filler_02"}
{"ctxid":0,"pos":[-311.823181,-559.373596,151.047424],"rotationMatrix":[-0.523500979,0.852025092,0,-0.852025092,-0.523500979,0,0,0,1],"scale":0.919324636,"type":"tro_tree_2_filler_02"}
{"ctxid":0,"pos":[-343.945709,-551.352966,140.9832],"rotationMatrix":[-0.443909824,-0.896071434,0,0.896071434,-0.443909824,0,0,0,1],"scale":0.90298152,"type":"tro_tree_2_filler_02"}
{"ctxid":0,"pos":[-381.115326,-579.474609,140.080475],"rotationMatrix":[-0.719020486,-0.694988847,0,0.694988847,-0.719020486,0,0,0,1],"scale":0.981206417,"type":"tro_tree_2_filler_02"}
{"ctxid":0,"pos":[-372.559448,-691.90271,147.074585],"rotationMatrix":[-0.914345205,-0.404935628,0,0.404935628,-0.914345205,0,0,0,1],"scale":0.92495656,"type":"tro_tree_2_filler_02"}
{"ctxid":0,"pos":[-425.972534,-642.13623,161.546539],"rotationMatrix":[-0.729032159,0.684479415,0,-0.684479415,-0.729032159,0,0,0,1],"scale":0.88509804,"type":"tro_tree_2_filler_02"}
{"ctxid":0,"pos":[-402.039093,-697.290222,155.15123],"rotationMatrix":[-0.265115201,0.964216769,0,-0.964216769,-0.265115201,0,0,0,1],"scale":0.824616194,"type":"tro_tree_2_filler_02"}
{"ctxid":0,"pos":[-460.27774,-663.693726,160.438019],"rotationMatrix":[-0.992526829,-0.122026645,0,0.122026645,-0.992526829,0,0,0,1],"scale":0.839862168,"type":"tro_tree_2_filler_02"}
{"ctxid":0,"pos":[-516.286621,-627.221619,158.415695],"rotationMatrix":[0.954342902,0.298713267,0,-0.298713267,0.954342902,0,0,0,1],"scale":0.863553882,"type":"tro_tree_2_filler_02"}
{"ctxid":0,"pos":[-368.361511,-676.425903,153.745392],"rotationMatrix":[-0.378024817,-0.925795436,0,0.925795436,-0.378024817,0,0,0,1],"scale":0.819620132,"type":"tro_tree_2_filler_02"}
{"ctxid":0,"pos":[-364.37616,-665.041992,152.00116],"rotationMatrix":[0.595615268,-0.803269863,0,0.803269863,0.595615268,0,0,0,1],"scale":0.858743072,"type":"tro_tree_2_filler_02"}
{"ctxid":0,"pos":[67.5589905,-535.124634,148.941849],"rotationMatrix":[-0.420612514,-0.907240391,0,0.907240391,-0.420612514,0,0,0,1],"scale":0.870137632,"type":"tro_tree_2_filler_02"}
{"ctxid":0,"pos":[44.7520027,-537.895203,143.903305],"rotationMatrix":[-0.0969396681,0.995290279,0,-0.995290279,-0.0969396681,0,0,0,1],"scale":0.909702063,"type":"tro_tree_2_filler_02"}
{"ctxid":0,"pos":[29.6055164,-570.829773,145.789948],"rotationMatrix":[0.494364589,0.869254649,0,-0.869254649,0.494364589,0,0,0,1],"scale":0.851268172,"type":"tro_tree_2_filler_02"}
{"ctxid":0,"pos":[23.3049698,-533.634705,133.697891],"rotationMatrix":[0.402484238,-0.91542691,0,0.91542691,0.402484238,0,0,0,1],"scale":0.891433001,"type":"tro_tree_2_filler_02"}
{"ctxid":0,"pos":[-2.0081861,-538.738098,135.308487],"rotationMatrix":[-0.342698812,0.939445317,0,-0.939445317,-0.342698812,0,0,0,1],"scale":0.943323553,"type":"tro_tree_2_filler_02"}
{"ctxid":0,"pos":[11.8628578,-551.185059,138.168869],"rotationMatrix":[0.0420441739,0.999115765,0,-0.999115765,0.0420441739,0,0,0,1],"scale":0.997073233,"type":"tro_tree_2_filler_02"}
{"ctxid":0,"pos":[18.7758846,-563.600952,137.911667],"rotationMatrix":[-0.826664269,-0.562695444,0,0.562695444,-0.826664269,0,0,0,1],"scale":0.9698264,"type":"tro_tree_2_filler_02"}
{"ctxid":0,"pos":[-49.4221725,-590.545776,139.971954],"rotationMatrix":[0.990748346,-0.135711968,0,0.135711968,0.990748346,0,0,0,1],"scale":0.998242557,"type":"tro_tree_2_filler_02"}
{"ctxid":0,"pos":[-218.714127,-459.88385,137.563507],"rotationMatrix":[-0.33630237,-0.941754043,0,0.941754043,-0.33630237,0,0,0,1],"scale":0.858655334,"type":"tro_tree_2_filler_02"}
{"ctxid":0,"pos":[-198.699722,-469.651337,141.360931],"rotationMatrix":[-0.933362722,0.358934492,0,-0.358934492,-0.933362722,0,0,0,1],"scale":0.892215371,"type":"tro_tree_2_filler_02"}
{"ctxid":0,"pos":[-138.007034,-491.74295,141.25206],"rotationMatrix":[-0.856666505,-0.515870571,0,0.515870571,-0.856666505,0,0,0,1],"scale":0.932215095,"type":"tro_tree_2_filler_02"}
{"ctxid":0,"pos":[-217.222229,-472.027893,134.50322],"rotationMatrix":[-0.828866541,-0.559446394,0,0.559446394,-0.828866541,0,0,0,1],"scale":0.853664279,"type":"tro_tree_2_filler_02"}
{"ctxid":0,"pos":[-148.681534,-463.473907,141.383713],"rotationMatrix":[0.850160062,0.526524305,0,-0.526524305,0.850160062,0,0,0,1],"scale":0.912338257,"type":"tro_tree_2_filler_02"}
{"ctxid":0,"pos":[-136.666275,-465.290253,139.424332],"rotationMatrix":[-0.949720204,0.313099921,0,-0.313099921,-0.949720204,0,0,0,1],"scale":0.77027458,"type":"tro_tree_2_filler_02"}
{"ctxid":0,"pos":[-191.085541,-487.905762,135.497101],"rotationMatrix":[-0.653755248,-0.756706059,0,0.756706059,-0.653755248,0,0,0,1],"scale":0.886004686,"type":"tro_tree_2_filler_02"}
{"ctxid":0,"pos":[-184.767303,-494.289673,135.181839],"rotationMatrix":[-0.589698017,0.807623863,0,-0.807623863,-0.589698017,0,0,0,1],"scale":0.818142831,"type":"tro_tree_2_filler_02"}
{"ctxid":0,"pos":[-160.200806,-653.551331,145.785095],"rotationMatrix":[0.825132728,-0.564938962,0,0.564938962,0.825132728,0,0,0,1],"scale":0.915740013,"type":"tro_tree_2_filler_02"}
{"ctxid":0,"pos":[-185.245239,-658.240906,144.947876],"rotationMatrix":[-0.934523702,0.355900854,0,-0.355900854,-0.934523702,0,0,0,1],"scale":0.894145668,"type":"tro_tree_2_filler_02"}
{"ctxid":0,"pos":[-70.9509506,-624.174805,139.369293],"rotationMatrix":[0.777739942,0.628586233,0,-0.628586233,0.777739942,0,0,0,1],"scale":0.990241468,"type":"tro_tree_2_filler_02"}
{"ctxid":0,"pos":[-82.1666794,-625.461182,139.862946],"rotationMatrix":[-0.986942649,-0.161071956,0,0.161071956,-0.986942649,0,0,0,1],"scale":0.960527122,"type":"tro_tree_2_filler_02"}
{"ctxid":0,"pos":[-102.477219,-625.5401,140.951492],"rotationMatrix":[0.837026,0.547163129,0,-0.547163129,0.837026,0,0,0,1],"scale":0.893120229,"type":"tro_tree_2_filler_02"}
{"ctxid":0,"pos":[-179.110138,-634.583984,151.782745],"rotationMatrix":[0.731368124,0.681982934,0,-0.681982934,0.731368124,0,0,0,1],"scale":0.847347617,"type":"tro_tree_2_filler_02"}
{"ctxid":0,"pos":[-121.34317,-579.289551,140.213806],"rotationMatrix":[-0.442875296,-0.8965832,0,0.8965832,-0.442875296,0,0,0,1],"scale":0.990755677,"type":"tro_tree_2_filler_02"}
{"ctxid":0,"pos":[-166.755249,-574.491699,151.931183],"rotationMatrix":[-0.381913364,0.924198151,0,-0.924198151,-0.381913364,0,0,0,1],"scale":0.851696789,"type":"tro_tree_2_filler_02"}
{"ctxid":0,"pos":[-189.864639,-618.247925,151.986664],"rotationMatrix":[-0.461443901,-0.887169361,0,0.887169361,-0.461443901,0,0,0,1],"scale":0.831628859,"type":"tro_tree_2_filler_02"}
{"ctxid":0,"pos":[-187.450333,-627.344116,152.485138],"rotationMatrix":[-0.490760028,0.871294796,0,-0.871294796,-0.490760028,0,0,0,1],"scale":0.854958534,"type":"tro_tree_2_filler_02"}
{"ctxid":0,"pos":[-218.070374,-585.865723,155.359375],"rotationMatrix":[-0.308496833,-0.95122534,0,0.95122534,-0.308496833,0,0,0,1],"scale":0.910461247,"type":"tro_tree_2_filler_02"}
{"ctxid":0,"pos":[-241.109711,-541.54303,137.583878],"rotationMatrix":[-0.996507525,0.0835032612,0,-0.0835032612,-0.996507525,0,0,0,1],"scale":0.803634405,"type":"tro_tree_2_filler_02"}
{"ctxid":0,"pos":[-293.547455,-541.26886,143.207855],"rotationMatrix":[-0.898632944,-0.438701302,0,0.438701302,-0.898632944,0,0,0,1],"scale":0.879168153,"type":"tro_tree_2_filler_02"}
{"ctxid":0,"pos":[-150.899323,-551.875793,136.452377],"rotationMatrix":[0.435155571,0.900355279,0,-0.900355279,0.435155571,0,0,0,1],"scale":0.947178841,"type":"tro_tree_2_filler_02"}
{"ctxid":0,"pos":[10.4400578,-662.937256,156.834564],"rotationMatrix":[-0.378065467,0.925778866,0,-0.925778866,-0.378065467,0,0,0,1],"scale":0.943717718,"type":"tro_tree_2_filler_02"}
{"ctxid":0,"pos":[39.3315353,-646.460388,152.516632],"rotationMatrix":[-0.272446662,-0.962170899,0,0.962170899,-0.272446662,0,0,0,1],"scale":0.894748688,"type":"tro_tree_2_filler_02"}
{"ctxid":0,"pos":[208.958771,-541.864014,126.245728],"rotationMatrix":[-0.975771189,-0.218793526,0,0.218793526,-0.975771189,0,0,0,1],"scale":0.865276337,"type":"tro_tree_2_filler_02"}
{"ctxid":0,"pos":[170.781342,-541.359741,126.274963],"rotationMatrix":[-0.493101656,-0.869971693,0,0.869971693,-0.493101656,0,0,0,1],"scale":0.933020949,"type":"tro_tree_2_filler_02"}
{"ctxid":0,"pos":[160.338806,-551.043945,126.273148],"rotationMatrix":[0.951701283,-0.307025582,0,0.307025582,0.951701283,0,0,0,1],"scale":0.911503434,"type":"tro_tree_2_filler_02"}
{"ctxid":0,"pos":[144.764252,-552.476746,128.937927],"rotationMatrix":[0.98089689,0.19452852,0,-0.19452852,0.98089689,0,0,0,1],"scale":0.996375918,"type":"tro_tree_2_filler_02"}
{"ctxid":0,"pos":[127.277451,-580.54718,136.130402],"rotationMatrix":[-0.323764592,0.946137667,0,-0.946137667,-0.323764592,0,0,0,1],"scale":0.888974071,"type":"tro_tree_2_filler_02"}
{"ctxid":0,"pos":[115.218613,-553.264709,136.403564],"rotationMatrix":[0.99265492,-0.120979972,0,0.120979972,0.99265492,0,0,0,1],"scale":0.938410759,"type":"tro_tree_2_filler_02"}
{"ctxid":0,"pos":[163.103546,-604.143799,142.08313],"rotationMatrix":[0.963184834,-0.268840104,0,0.268840104,0.963184834,0,0,0,1],"scale":0.974495709,"type":"tro_tree_2_filler_02"}
{"ctxid":0,"pos":[369.715149,-864.844849,166.424484],"rotationMatrix":[0.507834911,-0.861454427,0,0.861454427,0.507834911,0,0,0,1],"scale":0.8992486,"type":"tro_tree_2_filler_02"}
{"ctxid":0,"pos":[297.249756,-842.243591,162.655624],"rotationMatrix":[0.541803062,0.840505481,0,-0.840505481,0.541803062,0,0,0,1],"scale":0.8709203,"type":"tro_tree_2_filler_02"}
{"ctxid":0,"pos":[-96.3521423,-669.274414,150.544891],"rotationMatrix":[-0.789928555,0.613198936,0,-0.613198936,-0.789928555,0,0,0,1],"scale":0.812792659,"type":"tro_tree_2_filler_02"}
{"ctxid":0,"pos":[-174.789276,-514.800171,131.775726],"rotationMatrix":[-0.812199414,0.583379865,0,-0.583379865,-0.812199414,0,0,0,1],"scale":0.811789513,"type":"tro_tree_2_filler_02"}
{"ctxid":0,"pos":[-763.317871,-726.154419,168.859421],"rotationMatrix":[-0.230409175,0.973093808,0,-0.973093808,-0.230409175,0,0,0,1],"scale":0.893831849,"type":"tro_tree_2_filler_02"}
{"ctxid":0,"pos":[-780.908875,-712.396912,163.785812],"rotationMatrix":[-0.962704539,0.270555019,0,-0.270555019,-0.962704539,0,0,0,1],"scale":0.608012319,"type":"tro_tree_2_filler_02"}
{"ctxid":0,"pos":[-810.360413,-659.00769,170.951447],"rotationMatrix":[-0.419327527,0.907835007,0,-0.907835007,-0.419327527,0,0,0,1],"scale":0.967450559,"type":"tro_tree_2_filler_02"}
{"ctxid":0,"pos":[-782.307556,-664.78241,185.738037],"rotationMatrix":[0.974010348,0.226503491,0,-0.226503491,0.974010348,0,0,0,1],"scale":0.891884148,"type":"tro_tree_2_filler_02"}
{"ctxid":0,"pos":[-811.110535,-668.432068,173.215836],"rotationMatrix":[-0.994534135,-0.10441184,0,0.10441184,-0.994534135,0,0,0,1],"scale":0.968330503,"type":"tro_tree_2_filler_02"}
{"ctxid":0,"pos":[-791.209106,-651.544678,177.737961],"rotationMatrix":[0.521845818,-0.853039801,0,0.853039801,0.521845818,0,0,0,1],"scale":0.831747234,"type":"tro_tree_2_filler_02"}
{"ctxid":0,"pos":[-775.922058,-649.099548,183.72554],"rotationMatrix":[-0.857462406,0.514546573,0,-0.514546573,-0.857462406,0,0,0,1],"scale":0.864498734,"type":"tro_tree_2_filler_02"}
{"ctxid":0,"pos":[-797.834045,-690.529724,179.88681],"rotationMatrix":[-0.0122491512,0.999924958,0,-0.999924958,-0.0122491512,0,0,0,1],"scale":0.843625605,"type":"tro_tree_2_filler_02"}
{"ctxid":0,"pos":[-319.734802,-536.519592,139.44133],"rotationMatrix":[-0.28106302,0.959689319,0,-0.959689319,-0.28106302,0,0,0,1],"scale":0.907402158,"type":"tro_tree_2_filler_02"}
{"ctxid":0,"pos":[-324.785828,-514.650513,137.560089],"rotationMatrix":[0.974758089,0.223263666,0,-0.223263666,0.974758089,0,0,0,1],"scale":0.841106713,"type":"tro_tree_2_filler_02"}
{"ctxid":0,"pos":[-710.006958,-455.069366,158.550446],"rotationMatrix":[-0.908023596,-0.418918967,0,0.418918967,-0.908023596,0,0,0,1],"scale":0.87162143,"type":"tro_tree_2_filler_02"}
{"ctxid":0,"pos":[-707.520447,-469.536652,162.97583],"rotationMatrix":[0.22909911,0.973403096,0,-0.973403096,0.22909911,0,0,0,1],"scale":0.983014882,"type":"tro_tree_2_filler_02"}
{"ctxid":0,"pos":[-747.778503,-458.421814,168.303055],"rotationMatrix":[-0.192671388,-0.98126334,0,0.98126334,-0.192671388,0,0,0,1],"scale":0.999110162,"type":"tro_tree_2_filler_02"}
{"ctxid":0,"pos":[-715.700378,-424.833435,153.699921],"rotationMatrix":[-0.843335807,-0.537386894,0,0.537386894,-0.843335807,0,0,0,1],"scale":0.982747674,"type":"tro_tree_2_filler_02"}
{"ctxid":0,"pos":[-776.190918,-450.462585,173.706726],"rotationMatrix":[-0.00360629964,0.999993503,0,-0.999993503,-0.00360629964,0,0,0,1],"scale":0.999210179,"type":"tro_tree_2_filler_02"}
{"ctxid":0,"pos":[-772.514343,-416.360107,184.379028],"rotationMatrix":[-0.573286235,-0.81935519,0,0.81935519,-0.573286235,0,0,0,1],"scale":0.812790036,"type":"tro_tree_2_filler_02"}
{"ctxid":0,"pos":[-750.204346,-383.578339,180.847137],"rotationMatrix":[-0.172917396,0.984936357,0,-0.984936357,-0.172917396,0,0,0,1],"scale":0.899748087,"type":"tro_tree_2_filler_02"}
{"ctxid":0,"pos":[-702.577698,-400.003815,157.824478],"rotationMatrix":[0.973118246,0.230306014,0,-0.230306014,0.973118246,0,0,0,1],"scale":0.818622053,"type":"tro_tree_2_filler_02"}
{"ctxid":0,"pos":[-695.405029,-372.944733,155.302887],"rotationMatrix":[0.996331036,0.0855831206,0,-0.0855831206,0.996331036,0,0,0,1],"scale":0.964823782,"type":"tro_tree_2_filler_02"}
{"ctxid":0,"pos":[-664.60791,-427.212402,157.616241],"rotationMatrix":[-0.551372409,-0.834259272,0,0.834259272,-0.551372409,0,0,0,1],"scale":0.876577854,"type":"tro_tree_2_filler_02"}
{"ctxid":0,"pos":[-262.086487,-490.866882,137.473175],"rotationMatrix":[0.756428599,-0.654076278,0,0.654076278,0.756428599,0,0,0,1],"scale":0.901016057,"type":"tro_tree_2_filler_02"}
{"ctxid":0,"pos":[-447.199768,-496.65625,133.882584],"rotationMatrix":[-0.94034034,-0.340235353,0,0.340235353,-0.94034034,0,0,0,1],"scale":0.942990184,"type":"tro_tree_2_filler_02"}
{"ctxid":0,"pos":[-438.137665,-543.391174,139.500153],"rotationMatrix":[0.811665714,0.584122241,0,-0.584122241,0.811665714,0,0,0,1],"scale":0.891193151,"type":"tro_tree_2_filler_02"}
{"ctxid":0,"pos":[-487.594543,-502.360962,134.728943],"rotationMatrix":[-0.973777592,-0.227502003,0,0.227502003,-0.973777592,0,0,0,1],"scale":0.867879391,"type":"tro_tree_2_filler_02"}
{"ctxid":0,"pos":[-480.69577,-480.266357,133.502426],"rotationMatrix":[-0.324302316,0.945953488,0,-0.945953488,-0.324302316,0,0,0,1],"scale":0.905189991,"type":"tro_tree_2_filler_02"}
{"ctxid":0,"pos":[-260.466858,-421.241028,137.738037],"rotationMatrix":[0.00115592848,-0.999999344,0,0.999999344,0.00115592848,0,0,0,1],"scale":0.919900894,"type":"tro_tree_2_filler_02"}
{"ctxid":0,"pos":[-286.521484,-423.367584,134.997559],"rotationMatrix":[-0.0192391798,0.999814928,0,-0.999814928,-0.0192391798,0,0,0,1],"scale":0.992811441,"type":"tro_tree_2_filler_02"}
{"ctxid":0,"pos":[-308.406799,-424.088806,136.796967],"rotationMatrix":[-0.981627584,0.190807074,0,-0.190807074,-0.981627584,0,0,0,1],"scale":0.971552134,"type":"tro_tree_2_filler_02"}
{"ctxid":0,"pos":[-234.381378,-383.259186,135.025818],"rotationMatrix":[-0.159343928,0.987223148,0,-0.987223148,-0.159343928,0,0,0,1],"scale":0.882869244,"type":"tro_tree_2_filler_02"}
{"ctxid":0,"pos":[-269.50238,-348.954102,131.744659],"rotationMatrix":[0.810296655,-0.586019874,0,0.586019874,0.810296655,0,0,0,1],"scale":0.964189887,"type":"tro_tree_2_filler_02"}
{"ctxid":0,"pos":[-554.947205,-421.567078,138.922577],"rotationMatrix":[-0.490654081,0.871354461,0,-0.871354461,-0.490654081,0,0,0,1],"scale":0.917012215,"type":"tro_tree_2_filler_02"}
{"ctxid":0,"pos":[-565.128235,-374.649811,138.998413],"rotationMatrix":[-0.631431043,0.77543205,0,-0.77543205,-0.631431043,0,0,0,1],"scale":0.834807217,"type":"tro_tree_2_filler_02"}
{"ctxid":0,"pos":[-608.499146,-324.229401,139.889008],"rotationMatrix":[0.982480466,-0.186365724,0,0.186365724,0.982480466,0,0,0,1],"scale":0.99183327,"type":"tro_tree_2_filler_02"}
{"ctxid":0,"pos":[-622.726562,-292.526733,140.319901],"rotationMatrix":[0.261129051,0.965303898,0,-0.965303898,0.261129051,0,0,0,1],"scale":0.808354855,"type":"tro_tree_2_filler_02"}
{"ctxid":0,"pos":[-580.394165,-421.309875,141.424683],"rotationMatrix":[0.622356832,-0.782733679,0,0.782733679,0.622356832,0,0,0,1],"scale":0.909736633,"type":"tro_tree_2_filler_02"}
{"ctxid":0,"pos":[-589.624878,-357.928772,142.04689],"rotationMatrix":[0.956457555,0.291871488,0,-0.291871488,0.956457555,0,0,0,1],"scale":0.937943697,"type":"tro_tree_2_filler_02"}
{"ctxid":0,"pos":[-597.324585,-352.236237,144.858978],"rotationMatrix":[-0.906343937,-0.422540754,0,0.422540754,-0.906343937,0,0,0,1],"scale":0.942504644,"type":"tro_tree_2_filler_02"}
{"ctxid":0,"pos":[-604.571167,-347.862549,147.928894],"rotationMatrix":[-0.988667667,0.15012075,0,-0.15012075,-0.988667667,0,0,0,1],"scale":0.857242107,"type":"tro_tree_2_filler_02"}
{"ctxid":0,"pos":[-613.26886,-338.983124,149.708527],"rotationMatrix":[-0.283378184,0.959008217,0,-0.959008217,-0.283378184,0,0,0,1],"scale":0.814117908,"type":"tro_tree_2_filler_02"}
{"ctxid":0,"pos":[-619.307129,-333.206787,151.900757],"rotationMatrix":[0.858340681,0.513080239,0,-0.513080239,0.858340681,0,0,0,1],"scale":0.99926883,"type":"tro_tree_2_filler_02"}
{"ctxid":0,"pos":[-630.908264,-344.426758,157.365387],"rotationMatrix":[-0.79874754,-0.601666331,0,0.601666331,-0.79874754,0,0,0,1],"scale":0.812553525,"type":"tro_tree_2_filler_02"}
{"ctxid":0,"pos":[-623.330872,-348.783325,155.332153],"rotationMatrix":[0.487068415,0.873363793,0,-0.873363793,0.487068415,0,0,0,1],"scale":0.906548738,"type":"tro_tree_2_filler_02"}
{"ctxid":0,"pos":[-606.549316,-364.717285,151.817047],"rotationMatrix":[0.804669261,0.593723297,0,-0.593723297,0.804669261,0,0,0,1],"scale":0.804170549,"type":"tro_tree_2_filler_02"}
{"ctxid":0,"pos":[-595.683716,-377.443024,150.34201],"rotationMatrix":[0.387599409,0.921827912,0,-0.921827912,0.387599409,0,0,0,1],"scale":0.814281225,"type":"tro_tree_2_filler_02"}
{"ctxid":0,"pos":[-634.362427,-394.61734,150.130554],"rotationMatrix":[0.975658178,-0.219296888,0,0.219296888,0.975658178,0,0,0,1],"scale":0.873877048,"type":"tro_tree_2_filler_02"}
{"ctxid":0,"pos":[-632.842224,-357.633362,159.022034],"rotationMatrix":[0.784082949,-0.620656073,0,0.620656073,0.784082949,0,0,0,1],"scale":0.889967859,"type":"tro_tree_2_filler_02"}
{"ctxid":0,"pos":[-648.043396,-348.969055,159.997559],"rotationMatrix":[0.558257222,0.829667926,0,-0.829667926,0.558257222,0,0,0,1],"scale":0.85527277,"type":"tro_tree_2_filler_02"}
{"ctxid":0,"pos":[-660.933533,-342.597321,159.51236],"rotationMatrix":[-0.374818534,0.927098215,0,-0.927098215,-0.374818534,0,0,0,1],"scale":0.894341409,"type":"tro_tree_2_filler_02"}
{"ctxid":0,"pos":[-663.351013,-366.125244,159.88501],"rotationMatrix":[0.391872585,0.920019507,0,-0.920019507,0.391872585,0,0,0,1],"scale":0.983495593,"type":"tro_tree_2_filler_02"}
{"ctxid":0,"pos":[-671.196533,-410.069,159.276947],"rotationMatrix":[-0.882844806,-0.469664812,0,0.469664812,-0.882844806,0,0,0,1],"scale":0.821891844,"type":"tro_tree_2_filler_02"}
{"ctxid":0,"pos":[-633.169617,-367.733185,157.184845],"rotationMatrix":[0.545547783,0.838079691,0,-0.838079691,0.545547783,0,0,0,1],"scale":0.823436558,"type":"tro_tree_2_filler_02"}
{"ctxid":0,"pos":[-525.145569,-274.565063,138.196167],"rotationMatrix":[-0.993670881,-0.112330467,0,0.112330467,-0.993670881,0,0,0,1],"scale":0.962817311,"type":"tro_tree_2_filler_02"}
{"ctxid":0,"pos":[-495.945679,-310.133087,138.929337],"rotationMatrix":[0.98097378,-0.19414039,0,0.19414039,0.98097378,0,0,0,1],"scale":0.943272293,"type":"tro_tree_2_filler_02"}
{"ctxid":0,"pos":[-497.632416,-296.461731,138.947937],"rotationMatrix":[-0.456697911,0.889621854,0,-0.889621854,-0.456697911,0,0,0,1],"scale":0.879189491,"type":"tro_tree_2_filler_02"}
{"ctxid":0,"pos":[-501.605255,-287.810455,138.962952],"rotationMatrix":[0.933054626,-0.359734654,0,0.359734654,0.933054626,0,0,0,1],"scale":0.90944171,"type":"tro_tree_2_filler_02"}
{"ctxid":0,"pos":[-482.148132,-322.636963,138.662186],"rotationMatrix":[0.185084373,0.98272264,0,-0.98272264,0.185084373,0,0,0,1],"scale":0.884831309,"type":"tro_tree_2_filler_02"}
{"ctxid":0,"pos":[-470.386383,-344.005615,138.02034],"rotationMatrix":[0.718104959,0.695934832,0,-0.695934832,0.718104959,0,0,0,1],"scale":0.944081306,"type":"tro_tree_2_filler_02"}
{"ctxid":0,"pos":[-447.444855,-382.060516,136.946198],"rotationMatrix":[-0.295133144,0.955456138,0,-0.955456138,-0.295133144,0,0,0,1],"scale":0.960525513,"type":"tro_tree_2_filler_02"}
{"ctxid":0,"pos":[-435.042664,-354.540741,135.215851],"rotationMatrix":[0.993711174,-0.111973733,0,0.111973733,0.993711174,0,0,0,1],"scale":0.863908648,"type":"tro_tree_2_filler_02"}
{"ctxid":0,"pos":[-161.219177,-415.475311,134.548874],"rotationMatrix":[0.228939265,-0.973440707,0,0.973440707,0.228939265,0,0,0,1],"scale":0.809925497,"type":"tro_tree_2_filler_02"}
{"ctxid":0,"pos":[-145.477951,-387.20697,131.648529],"rotationMatrix":[-0.310037583,-0.950724304,0,0.950724304,-0.310037583,0,0,0,1],"scale":0.815279365,"type":"tro_tree_2_filler_02"}
{"ctxid":0,"pos":[-157.007355,-397.020752,132.007996],"rotationMatrix":[0.563561618,0.826074004,0,-0.826074004,0.563561618,0,0,0,1],"scale":0.924950242,"type":"tro_tree_2_filler_02"}
{"ctxid":0,"pos":[-166.851227,-406.776489,135.435928],"rotationMatrix":[0.311962008,0.950094581,0,-0.950094581,0.311962008,0,0,0,1],"scale":0.904801071,"type":"tro_tree_2_filler_02"}
{"ctxid":0,"pos":[-169.309128,-389.595856,133.094406],"rotationMatrix":[0.331655025,-0.943400741,0,0.943400741,0.331655025,0,0,0,1],"scale":0.983071744,"type":"tro_tree_2_filler_02"}
{"ctxid":0,"pos":[-227.140488,-356.999268,133.002472],"rotationMatrix":[-0.652998269,-0.757359385,0,0.757359385,-0.652998269,0,0,0,1],"scale":0.926935315,"type":"tro_tree_2_filler_02"}
{"ctxid":0,"pos":[-184.81311,-347.817413,132.536987],"rotationMatrix":[0.835321903,0.549761176,0,-0.549761176,0.835321903,0,0,0,1],"scale":0.91504252,"type":"tro_tree_2_filler_02"}
{"ctxid":0,"pos":[-240.740616,-274.495117,131.513245],"rotationMatrix":[-0.459871858,0.887985289,0,-0.887985289,-0.459871858,0,0,0,1],"scale":0.883844376,"type":"tro_tree_2_filler_02"}
{"ctxid":0,"pos":[-252.05864,-291.453949,131.515579],"rotationMatrix":[-0.870897651,-0.491464436,0,0.491464436,-0.870897651,0,0,0,1],"scale":0.801459193,"type":"tro_tree_2_filler_02"}
{"ctxid":0,"pos":[-261.343781,-307.212158,131.52771],"rotationMatrix":[-0.148387015,-0.988929391,0,0.988929391,-0.148387015,0,0,0,1],"scale":0.941490889,"type":"tro_tree_2_filler_02"}
{"ctxid":0,"pos":[-232.507797,-280.641815,131.520599],"rotationMatrix":[0.516747415,0.856137931,0,-0.856137931,0.516747415,0,0,0,1],"scale":0.82243675,"type":"tro_tree_2_filler_02"}
{"ctxid":0,"pos":[-228.298767,-304.582153,131.85321],"rotationMatrix":[-0.479129374,-0.877744317,0,0.877744317,-0.479129374,0,0,0,1],"scale":0.867993712,"type":"tro_tree_2_filler_02"}
{"ctxid":0,"pos":[-157.921326,-373.548218,132.041901],"rotationMatrix":[-0.454588294,-0.890701711,0,0.890701711,-0.454588294,0,0,0,1],"scale":0.956625938,"type":"tro_tree_2_filler_02"}
{"ctxid":0,"pos":[-229.467911,-277.81485,131.463898],"rotationMatrix":[0.262449563,-0.964945734,0,0.964945734,0.262449563,0,0,0,1],"scale":0.832634032,"type":"tro_tree_2_filler_02"}
{"ctxid":0,"pos":[-437.367889,-739.344971,172.988953],"rotationMatrix":[-0.240559295,-0.97063446,0,0.97063446,-0.240559295,0,0,0,1],"scale":0.81234616,"type":"tro_tree_2_filler_02"}
{"ctxid":0,"pos":[-500.473907,-703.45929,166.782562],"rotationMatrix":[-0.542204916,-0.84024632,0,0.84024632,-0.542204916,0,0,0,1],"scale":0.849650741,"type":"tro_tree_2_filler_02"}
{"ctxid":0,"pos":[-555.887024,-680.051575,162.355286],"rotationMatrix":[-0.0366062261,0.999329746,0,-0.999329746,-0.0366062261,0,0,0,1],"scale":0.825845063,"type":"tro_tree_2_filler_02"}
{"ctxid":0,"pos":[-547.927368,-693.806274,171.479584],"rotationMatrix":[0.34493047,-0.938628256,0,0.938628256,0.34493047,0,0,0,1],"scale":0.901448786,"type":"tro_tree_2_filler_02"}
{"ctxid":0,"pos":[-558.17218,-689.748657,170.414047],"rotationMatrix":[-0.834787488,-0.550572336,0,0.550572336,-0.834787488,0,0,0,1],"scale":0.825367987,"type":"tro_tree_2_filler_02"}
{"ctxid":0,"pos":[-572.478333,-671.512268,165.386734],"rotationMatrix":[0.994068384,0.108756825,0,-0.108756825,0.994068384,0,0,0,1],"scale":0.824884653,"type":"tro_tree_2_filler_02"}
{"ctxid":0,"pos":[-643.515625,-646.928589,155.300476],"rotationMatrix":[0.398381352,0.917219877,0,-0.917219877,0.398381352,0,0,0,1],"scale":0.971035421,"type":"tro_tree_2_filler_02"}
{"ctxid":0,"pos":[-661.195984,-590.903137,150.999908],"rotationMatrix":[-0.650525928,0.759484053,0,-0.759484053,-0.650525928,0,0,0,1],"scale":0.864642203,"type":"tro_tree_2_filler_02"}
{"ctxid":0,"pos":[-671.307495,-588.209106,152.583817],"rotationMatrix":[0.873813391,0.486261368,0,-0.486261368,0.873813391,0,0,0,1],"scale":0.992715061,"type":"tro_tree_2_filler_02"}
{"ctxid":0,"pos":[-633.111267,-543.323547,144.719208],"rotationMatrix":[0.832202435,0.55447197,0,-0.55447197,0.832202435,0,0,0,1],"scale":0.924758911,"type":"tro_tree_2_filler_02"}
{"ctxid":0,"pos":[-645.851868,-558.252991,148.957321],"rotationMatrix":[-0.928070962,0.372403413,0,-0.372403413,-0.928070962,0,0,0,1],"scale":0.974624038,"type":"tro_tree_2_filler_02"}
{"ctxid":0,"pos":[-641.291992,-527.971375,145.418762],"rotationMatrix":[0.940378726,-0.340129107,0,0.340129107,0.940378726,0,0,0,1],"scale":0.997120678,"type":"tro_tree_2_filler_02"}
{"ctxid":0,"pos":[-613.447754,-624.071167,152.168732],"rotationMatrix":[-0.75858146,-0.651578188,0,0.651578188,-0.75858146,0,0,0,1],"scale":0.801527441,"type":"tro_tree_2_filler_02"}
{"ctxid":0,"pos":[-611.775696,-614.543457,149.291153],"rotationMatrix":[0.236706942,0.971581101,0,-0.971581101,0.236706942,0,0,0,1],"scale":0.825362682,"type":"tro_tree_2_filler_02"}
{"ctxid":0,"pos":[-523.733521,-657.781921,157.408249],"rotationMatrix":[-0.853880703,0.520468771,0,-0.520468771,-0.853880703,0,0,0,1],"scale":0.926360607,"type":"tro_tree_2_filler_02"}
{"ctxid":0,"pos":[-523.272522,-669.765869,159.081329],"rotationMatrix":[0.938482285,0.345327318,0,-0.345327318,0.938482285,0,0,0,1],"scale":0.811805367,"type":"tro_tree_2_filler_02"}
{"ctxid":0,"pos":[-502.816254,-667.290955,159.891327],"rotationMatrix":[-0.98367697,-0.179943353,0,0.179943353,-0.98367697,0,0,0,1],"scale":0.989067972,"type":"tro_tree_2_filler_02"}
{"ctxid":0,"pos":[-517.298096,-662.755737,158.736755],"rotationMatrix":[-0.896674573,0.442690313,0,-0.442690313,-0.896674573,0,0,0,1],"scale":0.82057035,"type":"tro_tree_2_filler_02"}
{"ctxid":0,"pos":[-456.108002,-679.969177,160.001312],"rotationMatrix":[0.608478546,0.79357034,0,-0.79357034,0.608478546,0,0,0,1],"scale":0.892898202,"type":"tro_tree_2_filler_02"}
{"ctxid":0,"pos":[-437.59845,-702.144348,160.621613],"rotationMatrix":[0.935793161,0.352549523,0,-0.352549523,0.935793161,0,0,0,1],"scale":0.831797898,"type":"tro_tree_2_filler_02"}
{"ctxid":0,"pos":[-342.049133,-774.099304,182.44278],"rotationMatrix":[-0.956920087,0.29035151,0,-0.29035151,-0.956920087,0,0,0,1],"scale":0.801343203,"type":"tro_tree_2_filler_02"}
{"ctxid":0,"pos":[-353.874207,-746.34137,172.944794],"rotationMatrix":[-0.984021485,0.178049624,0,-0.178049624,-0.984021485,0,0,0,1],"scale":0.946991384,"type":"tro_tree_2_filler_02"}
{"ctxid":0,"pos":[-365.820496,-738.492676,171.681046],"rotationMatrix":[-0.748046875,-0.663645923,0,0.663645923,-0.748046875,0,0,0,1],"scale":0.932973921,"type":"tro_tree_2_filler_02"}
{"ctxid":0,"pos":[-866.355652,-609.752197,145.789581],"rotationMatrix":[-0.286437392,0.958098948,0,-0.958098948,-0.286437392,0,0,0,1],"scale":0.986489654,"type":"tro_tree_2_filler_02"}
{"ctxid":0,"pos":[-866.600464,-597.644348,146.000519],"rotationMatrix":[0.530219853,0.847860217,0,-0.847860217,0.530219853,0,0,0,1],"scale":0.96833545,"type":"tro_tree_2_filler_02"}
{"ctxid":0,"pos":[-854.683167,-550.284485,144.771301],"rotationMatrix":[0.921001792,-0.389558405,0,0.389558405,0.921001792,0,0,0,1],"scale":0.975348771,"type":"tro_tree_2_filler_02"}
{"ctxid":0,"pos":[-817.431335,-231.95723,185.766068],"rotationMatrix":[-0.575106859,0.818078279,0,-0.818078279,-0.575106859,0,0,0,1],"scale":0.995339513,"type":"tro_tree_2_filler_02"}
{"ctxid":0,"pos":[-762.985535,-317.355072,181.489716],"rotationMatrix":[-0.954547107,-0.29806003,0,0.29806003,-0.954547107,0,0,0,1],"scale":0.894774795,"type":"tro_tree_2_filler_02"}
{"ctxid":0,"pos":[-805.716431,-270.111908,180.813278],"rotationMatrix":[0.843423247,0.537249684,0,-0.537249684,0.843423247,0,0,0,1],"scale":0.815824032,"type":"tro_tree_2_filler_02"}
{"ctxid":0,"pos":[-76.589241,-318.612793,136.129257],"rotationMatrix":[-0.00701372838,0.999975383,0,-0.999975383,-0.00701372838,0,0,0,1],"scale":0.833646059,"type":"tro_tree_2_filler_02"}
{"ctxid":0,"pos":[-106.358162,-281.151062,138.69696],"rotationMatrix":[0.893577993,-0.448908001,0,0.448908001,0.893577993,0,0,0,1],"scale":0.833328843,"type":"tro_tree_2_filler_02"}
{"ctxid":0,"pos":[-89.4131622,-270.854095,133.381973],"rotationMatrix":[-0.978483558,-0.206324816,0,0.206324816,-0.978483558,0,0,0,1],"scale":0.912387967,"type":"tro_tree_2_filler_02"}
{"ctxid":0,"pos":[-54.5456581,-301.133057,144.061478],"rotationMatrix":[0.869925797,0.493182659,0,-0.493182659,0.869925797,0,0,0,1],"scale":0.815460563,"type":"tro_tree_2_filler_02"}
{"ctxid":0,"pos":[-73.4309616,-301.506531,148.249252],"rotationMatrix":[-0.277714312,0.960663676,0,-0.960663676,-0.277714312,0,0,0,1],"scale":0.955512524,"type":"tro_tree_2_filler_02"}
{"ctxid":0,"pos":[-8.61593819,-240.489868,139.158539],"rotationMatrix":[-0.959362149,0.282177687,0,-0.282177687,-0.959362149,0,0,0,1],"scale":0.944611609,"type":"tro_tree_2_filler_02"}
{"ctxid":0,"pos":[64.9288559,-333.601257,144.889389],"rotationMatrix":[-0.00681393826,0.999976814,0,-0.999976814,-0.00681393826,0,0,0,1],"scale":0.939175546,"type":"tro_tree_2_filler_02"}
{"ctxid":0,"pos":[125.885338,-743.051331,134.087784],"rotationMatrix":[-0.0115161221,-0.99993366,0,0.99993366,-0.0115161221,0,0,0,1],"scale":0.836976588,"type":"tro_tree_2_filler_02"}
{"ctxid":0,"pos":[-907.599854,-773.538269,137.757187],"rotationMatrix":[-0.998105526,-0.0615252368,0,0.0615252368,-0.998105526,0,0,0,1],"scale":0.812499583,"type":"tro_tree_2_filler_02"}
{"ctxid":0,"pos":[-923.290222,-766.780212,137.269547],"rotationMatrix":[0.833020568,0.553241968,0,-0.553241968,0.833020568,0,0,0,1],"scale":0.940092921,"type":"tro_tree_2_filler_02"}
{"ctxid":0,"pos":[-942.466248,-749.723389,132.940277],"rotationMatrix":[0.835115254,0.550074995,0,-0.550074995,0.835115254,0,0,0,1],"scale":0.917846859,"type":"tro_tree_2_filler_02"}
{"ctxid":0,"pos":[-915.039978,-789.0802,137.776505],"rotationMatrix":[0.904998779,-0.425414145,0,0.425414145,0.904998779,0,0,0,1],"scale":0.91456902,"type":"tro_tree_2_filler_02"}
{"ctxid":0,"pos":[205.604691,-808.837708,147.301819],"rotationMatrix":[0.734787643,-0.579272151,0.35288921,0.67805779,0.613472462,-0.404832125,0.0180202127,0.536744952,0.843552053],"scale":0.922666788,"type":"tro_tree_2_filler_02"}
{"ctxid":0,"pos":[190.688507,-808.587952,145.287399],"rotationMatrix":[0.281293869,-0.843055487,0.458400428,0.958711028,0.26769489,-0.0959813148,-0.0417938083,0.466472566,0.883547723],"scale":0.824570358,"type":"tro_tree_2_filler_02"}
{"ctxid":0,"pos":[-169.211349,-292.869781,132.853714],"rotationMatrix":[0.0632179081,0.997999728,0,-0.997999728,0.0632179081,0,0,0,1],"scale":0.838142753,"type":"tro_tree_2_filler_02"}
{"ctxid":0,"pos":[-178.341888,-302.658569,131.89595],"rotationMatrix":[0.240662292,-0.97060889,0,0.97060889,0.240662292,0,0,0,1],"scale":0.90397507,"type":"tro_tree_2_filler_02"}
{"ctxid":0,"pos":[-157.618317,-296.373199,132.471985],"rotationMatrix":[-0.971155405,-0.238447487,0,0.238447487,-0.971155405,0,0,0,1],"scale":0.804689109,"type":"tro_tree_2_filler_02"}
{"ctxid":0,"pos":[-148.063248,-302.109467,132.522125],"rotationMatrix":[-0.999865949,-0.0163730532,0,0.0163730532,-0.999865949,0,0,0,1],"scale":0.916970849,"type":"tro_tree_2_filler_02"}
{"ctxid":0,"pos":[-117.559067,-320.541107,132.328949],"rotationMatrix":[0.992702484,0.120589599,0,-0.120589599,0.992702484,0,0,0,1],"scale":0.815022349,"type":"tro_tree_2_filler_02"}
{"ctxid":0,"pos":[-110.413994,-342.615417,131.792694],"rotationMatrix":[0.241550937,-0.970388114,0,0.970388114,0.241550937,0,0,0,1],"scale":0.909667134,"type":"tro_tree_2_filler_02"}
{"ctxid":0,"pos":[82.9059906,-620.685181,145.591949],"rotationMatrix":[-0.963789463,-0.247793391,0.0985278785,0.256149352,-0.963005662,0.083708331,0.0741405636,0.105915084,0.991607368],"scale":0.945931435,"type":"tro_tree_2_filler_02"}
{"ctxid":0,"pos":[95.0218582,-641.776489,148.35408],"rotationMatrix":[-0.557865739,0.828818738,0.0429508835,-0.826972067,-0.559498072,0.055484347,0.0700174198,-0.00456635281,0.997535288],"scale":0.881687939,"type":"tro_tree_2_filler_02"}
{"ctxid":0,"pos":[87.3147507,-607.927673,144.768524],"rotationMatrix":[-0.777457118,-0.628183126,0.030758474,0.628623128,-0.777682543,0.00651675649,0.0198266171,0.0244019888,0.999505579],"scale":0.858062744,"type":"tro_tree_2_filler_02"}
{"ctxid":0,"pos":[91.7289276,-596.912598,143.649109],"rotationMatrix":[-0.0968761444,-0.995047629,0.0222385563,0.991385043,-0.0984501839,-0.0863865316,0.0881481469,0.0136781596,0.996013463],"scale":0.951409459,"type":"tro_tree_2_filler_02"}
{"ctxid":0,"pos":[-69.6333618,-200.250549,131.673523],"rotationMatrix":[0.29982692,-0.953993559,0,0.953993559,0.29982692,0,0,0,1],"scale":0.985257924,"type":"tro_tree_2_filler_02"}
{"ctxid":0,"pos":[611.481934,-701.250977,143.098846],"rotationMatrix":[-0.784938753,-0.619573355,0,0.619573355,-0.784938753,0,0,0,1],"scale":0.946446657,"type":"tro_tree_2_filler_02"}
{"ctxid":0,"pos":[962.813721,-370.289459,133.646179],"rotationMatrix":[0.855664313,0.517531276,0,-0.517531276,0.855664313,0,0,0,1],"scale":0.818562746,"type":"tro_tree_2_filler_02"}
{"ctxid":0,"pos":[945.29657,-366.341461,139.907883],"rotationMatrix":[-0.91930604,0.393543482,0,-0.393543482,-0.91930604,0,0,0,1],"scale":0.912267506,"type":"tro_tree_2_filler_02"}
{"ctxid":0,"pos":[974.408813,-411.725647,140.526016],"rotationMatrix":[0.985911071,0.167270586,0,-0.167270586,0.985911071,0,0,0,1],"scale":0.989965379,"type":"tro_tree_2_filler_02"}
{"ctxid":0,"pos":[983.300415,-413.61264,135.967789],"rotationMatrix":[0.63140142,0.775456071,0,-0.775456071,0.63140142,0,0,0,1],"scale":0.977248728,"type":"tro_tree_2_filler_02"}
{"ctxid":0,"pos":[-816.002808,751.017761,159.102692],"rotationMatrix":[0.946745157,-0.321983814,0,0.321983814,0.946745157,0,0,0,1],"scale":0.869876802,"type":"tro_tree_2_filler_02"}
{"ctxid":0,"pos":[-748.938599,-90.4028625,130.816437],"rotationMatrix":[0.902887583,0.429876745,0,-0.429876745,0.902887583,0,0,0,1],"scale":0.975391805,"type":"tro_tree_2_filler_02"}
{"ctxid":0,"pos":[-741.878967,-85.8231354,129.614929],"rotationMatrix":[-0.975463271,0.220162123,0,-0.220162123,-0.975463271,0,0,0,1],"scale":0.998790085,"type":"tro_tree_2_filler_02"}
{"ctxid":0,"pos":[-805.458374,-100.390968,137.414062],"rotationMatrix":[0.0915188193,-0.995803297,0,0.995803297,0.0915188193,0,0,0,1],"scale":0.988045335,"type":"tro_tree_2_filler_02"}
{"ctxid":0,"pos":[-864.310669,-353.195648,134.375244],"rotationMatrix":[0.828608513,0.559828639,0,-0.559828639,0.828608513,0,0,0,1],"scale":0.864638209,"type":"tro_tree_2_filler_02"}
{"ctxid":0,"pos":[-871.906372,-328.472809,135.560852],"rotationMatrix":[-0.866709173,0.498813689,0,-0.498813689,-0.866709173,0,0,0,1],"scale":0.826692045,"type":"tro_tree_2_filler_02"}
{"ctxid":0,"pos":[-893.480225,-309.022308,139.999039],"rotationMatrix":[0.932831109,0.360314012,0,-0.360314012,0.932831109,0,0,0,1],"scale":0.994602501,"type":"tro_tree_2_filler_02"}
{"ctxid":0,"pos":[-893.948975,-327.579834,132.299576],"rotationMatrix":[-0.994374454,-0.10592214,0,0.10592214,-0.994374454,0,0,0,1],"scale":0.986941576,"type":"tro_tree_2_filler_02"}
{"ctxid":0,"pos":[-630.173157,-901.841187,156.100845],"rotationMatrix":[-0.475874603,-0.879513204,0,0.879513204,-0.475874603,0,0,0,1],"scale":0.959817708,"type":"tro_tree_2_filler_02"}
{"ctxid":0,"pos":[157.642807,-976.034668,159.511154],"rotationMatrix":[0.0595402382,-0.998225808,0,0.998225808,0.0595402382,0,0,0,1],"scale":0.880558133,"type":"tro_tree_2_filler_02"}
{"ctxid":0,"pos":[159.760391,-994.407593,159.293945],"rotationMatrix":[0.9398067,0.341706693,0,-0.341706693,0.9398067,0,0,0,1],"scale":0.993824601,"type":"tro_tree_2_filler_02"}
{"ctxid":0,"pos":[330.385437,432.269958,199.411209],"rotationMatrix":[-0.136996865,0.99057138,0,-0.99057138,-0.136996865,0,0,0,1],"scale":0.886205494,"type":"tro_tree_2_filler_02"}
{"ctxid":0,"pos":[311.945068,413.692352,189.339081],"rotationMatrix":[-0.363459885,-0.931609809,0,0.931609809,-0.363459885,0,0,0,1],"scale":0.89144218,"type":"tro_tree_2_filler_02"}
{"ctxid":0,"pos":[66.9692535,308.595093,273.972748],"rotationMatrix":[-0.994561911,0.104146205,0,-0.104146205,-0.994561911,0,0,0,1],"scale":0.848766983,"type":"tro_tree_2_filler_02"}
{"ctxid":0,"pos":[83.2420654,259.241577,282.792633],"rotationMatrix":[0.618853867,-0.785506189,0,0.785506189,0.618853867,0,0,0,1],"scale":0.903438568,"type":"tro_tree_2_filler_02"}
{"ctxid":0,"pos":[-834.170776,-907.363953,145.56218],"rotationMatrix":[0.762741923,-0.646702945,0,0.646702945,0.762741923,0,0,0,1],"scale":0.878337979,"type":"tro_tree_2_filler_02"}
{"ctxid":0,"pos":[-65.4867172,213.881577,273.681396],"rotationMatrix":[0.830748916,0.55664742,0,-0.55664742,0.830748916,0,0,0,1],"scale":0.840827942,"type":"tro_tree_2_filler_02"}
{"ctxid":1,"pos":[350.620972,-136.103165,159.768051],"rotationMatrix":[0.154020056,0.988067687,0,-0.988067687,0.154020056,0,0,0,0.999999881],"scale":0.933989882,"type":"tro_tree_2_filler_02"}
{"ctxid":1,"pos":[359.779968,-121.805504,159.878326],"rotationMatrix":[-0.909901917,0.414823443,0,-0.414823443,-0.909901917,0,0,0,0.999999881],"scale":0.841573298,"type":"tro_tree_2_filler_02"}
{"ctxid":1,"pos":[360.471283,-126.981323,159.796875],"rotationMatrix":[0.797554433,0.603246987,0,-0.603246987,0.797554433,0,0,0,0.999999881],"scale":0.905326605,"type":"tro_tree_2_filler_02"}
