{"ctxid":0,"pos":[-56.9594994,-56.138401,171.516998],"rotationMatrix":[0.299308777,-0.954142749,0,0.954142749,0.299308777,0,0,0,1],"scale":0.992200017,"type":"tro_bush_wall_02"}
{"ctxid":0,"pos":[-60.1636009,-47.3512993,172.160995],"rotationMatrix":[0.296227455,-0.955052078,0,0.955052078,0.296227455,0,0,0,1],"scale":1.0582,"type":"tro_bush_wall_02"}
{"ctxid":0,"pos":[-62.3783989,-59.737999,171.447006],"rotationMatrix":[-0.323889971,0.946054041,0,-0.946054041,-0.323889971,0,0,0,1],"scale":0.833000004,"type":"tro_bush_wall_02"}
{"ctxid":0,"pos":[-3.39932466,-15.2115974,149.062698],"rotationMatrix":[0.894025326,0.426367402,-0.137589663,-0.424655139,0.904330969,0.0430622883,0.142787009,0.0199286398,0.989553154],"scale":0.889100015,"type":"tro_bush_wall_02"}
{"ctxid":0,"pos":[-1.73490739,-21.6405659,148.897812],"rotationMatrix":[-0.932082474,-0.336136192,0.135685816,0.33439225,-0.94183439,-0.0361379087,0.139922589,0.011687234,0.99009347],"scale":0.853699982,"type":"tro_bush_wall_02"}
{"ctxid":0,"pos":[-58.2630005,-9.75979996,173.427994],"rotationMatrix":[-0.964604616,-0.253564596,0.0745711625,0.254275024,-0.967296481,3.51611525e-05,0.0721116364,0.0189939607,0.997215927],"scale":1.01960003,"type":"tro_bush_wall_02"}
{"ctxid":0,"pos":[-49.0418015,-6.47130013,172.897003],"rotationMatrix":[-0.903955221,-0.408457428,0.127430275,0.411827058,-0.911378145,0.000108240172,0.116079479,0.0525741577,0.991847992],"scale":0.942700028,"type":"tro_bush_wall_02"}
{"ctxid":0,"pos":[-40.8564987,-2.27929997,172.225998],"rotationMatrix":[-0.917928934,-0.386001438,0.0903565735,0.375351578,-0.919564247,-0.115184799,0.127564102,-0.0718279183,0.989225328],"scale":1.04299998,"type":"tro_bush_wall_02"}
{"ctxid":0,"pos":[-43.3597984,-99.6016006,159.716003],"rotationMatrix":[0.510931849,-0.846601009,-0.149046361,0.85615766,0.516714096,-8.34837556e-05,0.0770849958,-0.127564609,0.988830209],"scale":0.916400015,"type":"tro_bush_wall_02"}
{"ctxid":0,"pos":[-46.0304985,-91.0341034,162.255997],"rotationMatrix":[0.200348675,-0.955760717,-0.215407163,0.978736877,0.205164492,3.28570604e-06,0.0441927314,-0.210825175,0.976524591],"scale":1.08309996,"type":"tro_bush_wall_02"}
{"ctxid":0,"pos":[-48.6199989,-82.2773972,165.041],"rotationMatrix":[0.272976398,-0.931254089,-0.2415196,0.959655941,0.281321108,-6.79120421e-05,0.068017602,-0.231744111,0.970397651],"scale":1.06149995,"type":"tro_bush_wall_02"}
{"ctxid":0,"pos":[-50.661499,-72.6776962,168.136002],"rotationMatrix":[0.180720508,-0.955818594,-0.231634676,0.982543051,0.185777843,-2.51606107e-05,0.0430455506,-0.227599889,0.972801208],"scale":1.03209996,"type":"tro_bush_wall_02"}
{"ctxid":0,"pos":[-53.8959999,-64.3255997,170.610001],"rotationMatrix":[0.285567641,-0.935820103,-0.206924513,0.956519485,0.291882396,1.67638063e-05,0.0603948385,-0.197914675,0.978358865],"scale":0.855700016,"type":"tro_bush_wall_02"}
{"ctxid":0,"pos":[-59.7196999,-67.5065002,170.223007],"rotationMatrix":[-0.196759701,0.967422783,0.159261912,-0.979926527,-0.199322462,0.000118762255,0.0318605229,-0.156042561,0.987236261],"scale":0.804899991,"type":"tro_bush_wall_02"}
{"ctxid":0,"pos":[-58.6339989,-75.5077972,167.264999],"rotationMatrix":[-0.0276721716,0.92980659,0.367245913,-0.999645829,-0.0297336578,-2.66879797e-05,0.0108624697,-0.367085218,0.930130303],"scale":1.14929998,"type":"tro_bush_wall_02"}
{"ctxid":0,"pos":[-55.5307007,-84.6866989,164.742996],"rotationMatrix":[-0.266333222,0.921768248,0.28190124,-0.960733354,-0.277579308,-3.70889902e-05,0.0782074779,-0.270835578,0.959444404],"scale":0.984399974,"type":"tro_bush_wall_02"}
{"ctxid":0,"pos":[-53.421299,-92.5842972,162.283005],"rotationMatrix":[-0.161640286,0.965392828,0.205105722,-0.986358523,-0.165156603,3.55392694e-05,0.0338904262,-0.202286422,0.978741527],"scale":0.999300003,"type":"tro_bush_wall_02"}
{"ctxid":0,"pos":[-50.0733986,-101.441002,160.143997],"rotationMatrix":[-0.288072109,0.931790054,0.22103101,-0.95541805,-0.295380592,1.85146928e-05,0.0652974024,-0.211165696,0.975267529],"scale":0.946399987,"type":"tro_bush_wall_02"}
{"ctxid":0,"pos":[-47.2929993,-109.208,158.492004],"rotationMatrix":[-0.684342146,0.722574592,0.0967350453,-0.725974441,-0.687573075,7.97994435e-05,0.0665799677,-0.0701767951,0.995309889],"scale":1.06780005,"type":"tro_bush_wall_02"}
{"ctxid":0,"pos":[-38.8154984,-101.946999,157.854004],"rotationMatrix":[0.824649572,0.565669417,0,-0.565669417,0.824649572,0,0,0,1],"scale":0.954900026,"type":"tro_bush_wall_02"}
{"ctxid":0,"pos":[-32.2740364,-96.017807,156.366791],"rotationMatrix":[0.502282619,0.853298783,-0.140228525,-0.861112952,0.508399785,0.00923027191,0.0791705623,0.116111718,0.990076303],"scale":1.17130005,"type":"tro_bush_wall_02"}
{"ctxid":0,"pos":[-29.3711624,-88.0960312,156.126007],"rotationMatrix":[-0.0244529247,0.999689758,0,-0.999689758,-0.0244529247,0,0,0,1],"scale":0.872799993,"type":"tro_bush_wall_02"}
{"ctxid":0,"pos":[-30.2662449,-79.4602661,155.717529],"rotationMatrix":[-0.150758013,0.987363636,-0.050147593,-0.988607526,-0.150947928,0,-0.00756967533,0.0495762862,0.998741806],"scale":1.07850003,"type":"tro_bush_wall_02"}
{"ctxid":0,"pos":[-32.2501984,-69.3123016,155.143005],"rotationMatrix":[-0.0916050673,0.993988812,-0.0607023984,-0.995825589,-0.0917680264,0.000101219863,-0.00546719693,0.0604557805,0.998155951],"scale":1.1494,"type":"tro_bush_wall_02"}
{"ctxid":0,"pos":[-22.8348007,-83.927002,156.095993],"rotationMatrix":[0.0689334869,-0.997659028,0,0.997659028,0.0689334869,0,0,0,1],"scale":0.965900004,"type":"tro_bush_wall_02"}
{"ctxid":0,"pos":[-24.1748009,-73.9651031,155.737],"rotationMatrix":[0.0941420794,-0.995636165,0,0.995636165,0.0941420794,0,0,0,1],"scale":1.08229995,"type":"tro_bush_wall_02"}
{"ctxid":0,"pos":[-118.255318,-17.9311733,166.376022],"rotationMatrix":[-0.906162739,-0.413081765,-0.0906760544,0.414269,-0.91012764,0.00619897945,-0.0850877166,-0.0319470242,0.995861113],"scale":1.04939997,"type":"tro_bush_wall_02"}
{"ctxid":0,"pos":[-65.8785019,-51.2201996,171.600006],"rotationMatrix":[-0.300884604,0.953605592,0,-0.953605592,-0.300884604,0,0,0,1],"scale":1.11960006,"type":"tro_bush_wall_02"}
{"ctxid":0,"pos":[-92.4419022,-0.778599977,175.266006],"rotationMatrix":[0.972621977,-0.232385397,0,0.232385397,0.972621977,0,0,0,1],"scale":1.0158,"type":"tro_bush_wall_02"}
{"ctxid":0,"pos":[-83.6939011,-1.31270003,174.584],"rotationMatrix":[0.989804089,-0.142428726,0,0.142428726,0.989804089,0,0,0,1],"scale":1.0165,"type":"tro_bush_wall_02"}
{"ctxid":0,"pos":[-74.6257019,-1.79100001,174.145004],"rotationMatrix":[0.987675488,-0.156513304,0,0.156513304,0.987675488,0,0,0,1],"scale":0.959399998,"type":"tro_bush_wall_02"}
{"ctxid":0,"pos":[-66.6828003,-0.712199986,173.345993],"rotationMatrix":[0.925228834,0.368233442,-0.0913814604,-0.374441862,0.925071239,-0.063492626,0.0611532182,0.0929632634,0.993789554],"scale":0.965499997,"type":"tro_bush_wall_02"}
{"ctxid":0,"pos":[-85.5328979,-10.8299999,174.876999],"rotationMatrix":[-0.992812872,0.0898957998,0.0788205266,-0.0901794732,-0.995911121,-3.96401156e-05,0.0784958005,-0.00714739971,0.996888816],"scale":1.16190004,"type":"tro_bush_wall_02"}
{"ctxid":0,"pos":[-75.344101,-12.3056002,174.341003],"rotationMatrix":[-0.994805098,0.0394624807,0.0955113694,-0.0396345593,-0.999373078,9.52200498e-05,0.0954400823,-0.00369054009,0.995428681],"scale":0.963100016,"type":"tro_bush_wall_02"}
{"ctxid":0,"pos":[-66.1337967,-11.4506998,173.800003],"rotationMatrix":[-0.995602369,-0.0944959372,0,0.0944959372,-0.995602369,0,0,0,1],"scale":0.980700016,"type":"tro_bush_wall_02"}
{"ctxid":0,"pos":[-118.310883,-81.0921478,145.387009],"rotationMatrix":[0.982019782,-0.131671026,-0.135296449,0.146539509,0.98345542,0.10652183,0.119032182,-0.124432825,0.98506242],"scale":0.822799981,"type":"tro_bush_wall_02"}
{"ctxid":0,"pos":[-119.406998,-87.2928009,145.447006],"rotationMatrix":[-0.969715476,0.243534952,0,-0.243534952,-0.969715476,0,0,0,1],"scale":0.933099985,"type":"tro_bush_wall_02"}
{"ctxid":0,"pos":[-95.1819992,-89.4962006,144.449005],"rotationMatrix":[0.910167634,-0.414209843,0,0.414209843,0.910167634,0,0,0,1],"scale":0.848500013,"type":"tro_bush_wall_02"}
{"ctxid":0,"pos":[-92.3777695,-99.9175034,144.433563],"rotationMatrix":[-0.822548211,0.565765619,-0.0563442111,-0.566665828,-0.82385695,0,-0.0464195684,0.0319283381,0.998411417],"scale":1.14820004,"type":"tro_bush_wall_02"}
{"ctxid":0,"pos":[-12.9241953,-192.069962,144.674881],"rotationMatrix":[-0.818428636,0.57458657,0,-0.57458657,-0.818428636,0,0,0,1],"scale":0.816399992,"type":"tro_bush_wall_02"}
{"ctxid":0,"pos":[-8.2156601,-187.82312,144.602768],"rotationMatrix":[0.726616323,-0.671971977,-0.143029228,0.679457724,0.733681202,0.00483653927,0.101687849,-0.100696623,0.989706635],"scale":1.04700005,"type":"tro_bush_wall_02"}
{"ctxid":0,"pos":[-2.22670007,-201.380005,144.216003],"rotationMatrix":[-0.779629827,0.626162529,0,-0.626162529,-0.779629827,0,0,0,1],"scale":1.15820003,"type":"tro_bush_wall_02"}
{"ctxid":0,"pos":[-108.264954,-181.942581,130.136063],"rotationMatrix":[0.989358068,0.145403013,0,-0.144219175,0.981302917,0.127347246,0.0185166728,-0.12599203,0.991858184],"scale":0.921999991,"type":"tro_bush_wall_02"}
{"ctxid":0,"pos":[-117.177475,-172.432297,132.267166],"rotationMatrix":[0.676622748,-0.734688759,-0.0489498414,0.73557055,0.677434862,0,0.0331603289,-0.0360060632,0.998801231],"scale":1.19959998,"type":"tro_bush_wall_02"}
{"ctxid":0,"pos":[-99.9655991,-198.949005,131.508026],"rotationMatrix":[0.444120347,-0.896029055,0,0.896029055,0.444120347,0,0,0,1],"scale":1.10810006,"type":"tro_bush_wall_02"}
{"ctxid":0,"pos":[-95.2330017,-205.766998,132.531433],"rotationMatrix":[0.63346076,-0.773747921,0,0.773747921,0.63346076,0,0,0,1],"scale":1.0776,"type":"tro_bush_wall_02"}
{"ctxid":0,"pos":[-92.6141968,-214.033997,132.658783],"rotationMatrix":[-0.194748759,-0.980810106,0,0.980810106,-0.194748759,0,0,0,1],"scale":0.971400023,"type":"tro_bush_wall_02"}
{"ctxid":0,"pos":[-89.1593018,-220.899994,132.754196],"rotationMatrix":[0.755839229,-0.65477562,0,0.65477562,0.755839229,0,0,0,1],"scale":1.0855,"type":"tro_bush_wall_02"}
{"ctxid":0,"pos":[-75.7410965,-230.464005,132.684982],"rotationMatrix":[0.78299129,-0.62203896,0,0.62203896,0.78299129,0,0,0,1],"scale":0.951300025,"type":"tro_bush_wall_02"}
{"ctxid":0,"pos":[-92.3432999,-247.722,132.740692],"rotationMatrix":[-0.490573883,0.871415079,0,-0.871415079,-0.490573883,0,0,0,1],"scale":1.02600002,"type":"tro_bush_wall_02"}
{"ctxid":0,"pos":[-157.886993,-42.4972992,157.707001],"rotationMatrix":[0.800214708,0.553607821,0.230582148,-0.568942547,0.822373688,1.49160624e-05,-0.189615756,-0.131202117,0.973052382],"scale":0.958000004,"type":"tro_bush_wall_02"}
{"ctxid":0,"pos":[-151.021759,-38.6536789,159.484482],"rotationMatrix":[0.745682895,0.62584734,0.228636667,-0.635163426,0.771349192,-0.039872624,-0.201313138,-0.115488417,0.972695172],"scale":1.00979996,"type":"tro_bush_wall_02"}
{"ctxid":0,"pos":[-143.106369,-32.3446999,161.710052],"rotationMatrix":[0.797091067,0.576404393,0.179971099,-0.581886053,0.812841594,-0.0261676665,-0.161370024,-0.0838693008,0.983322859],"scale":1.14090002,"type":"tro_bush_wall_02"}
{"ctxid":0,"pos":[-135.573196,-24.4707451,164.074493],"rotationMatrix":[0.516983569,0.825298309,0.227193922,-0.841667235,0.53846097,-0.0407699943,-0.15598318,-0.170142636,0.972995996],"scale":1.04069996,"type":"tro_bush_wall_02"}
{"ctxid":0,"pos":[-130.004562,-18.1874981,166.08493],"rotationMatrix":[0.723249376,0.666147053,0.182141349,-0.684321105,0.655816376,0.318788737,0.0929074585,-0.355202049,0.930161178],"scale":0.99180001,"type":"tro_bush_wall_02"}
{"ctxid":0,"pos":[-132.195999,-30.1802006,163.388],"rotationMatrix":[-0.470422596,-0.840600193,-0.268862337,0.880606949,-0.426865697,-0.206169277,0.0585478246,-0.33371377,0.940858305],"scale":0.853900015,"type":"tro_bush_wall_02"}
{"ctxid":0,"pos":[-126.613129,-24.2186489,165.153946],"rotationMatrix":[-0.671328008,-0.706414878,-0.224554345,0.710000157,-0.699849129,0.0790011063,-0.212950379,-0.106393129,0.971254528],"scale":1.08850002,"type":"tro_bush_wall_02"}
{"ctxid":0,"pos":[-179.804993,-62.4735985,152.985992],"rotationMatrix":[0.999066889,-0.0431913622,0,0.0431913622,0.999066889,0,0,0,1],"scale":1.02869999,"type":"tro_bush_wall_02"}
{"ctxid":0,"pos":[-169.601166,-56.9074554,154.051132],"rotationMatrix":[0.411641419,0.899042964,0.149541736,-0.909265161,0.416324139,-8.73953104e-06,-0.0622723475,-0.135959148,0.988756299],"scale":1.1947,"type":"tro_bush_wall_02"}
{"ctxid":0,"pos":[-162.934006,-2.38030005,178.067993],"rotationMatrix":[0.919278383,0.393603295,0,-0.393603295,0.919278383,0,0,0,1],"scale":0.95660001,"type":"tro_bush_wall_02"}
{"ctxid":0,"pos":[-170.276001,-7.34749985,177.362],"rotationMatrix":[0.789146185,0.606656611,0.0959521234,-0.610141456,0.792234123,0.00913615711,-0.0704734772,-0.0657553598,0.995343924],"scale":1.1221,"type":"tro_bush_wall_02"}
{"ctxid":0,"pos":[-174.748001,-31.6912003,174.343002],"rotationMatrix":[-0.8711586,-0.486706346,-0.066443339,0.47938326,-0.812837124,-0.33120361,0.10718894,-0.320345253,0.941220582],"scale":0.98089999,"type":"tro_bush_wall_02"}
{"ctxid":0,"pos":[-180.822998,-38.6027985,172.882004],"rotationMatrix":[-0.651167631,-0.723262191,-0.229437396,0.743096232,-0.669010162,-5.15952706e-05,-0.153485402,-0.170539588,0.973321497],"scale":1.12489998,"type":"tro_bush_wall_02"}
{"ctxid":0,"pos":[-187.093002,-46.6039009,170.891998],"rotationMatrix":[-0.6604321,-0.715600848,-0.227944002,0.734939218,-0.678292036,4.46885824e-05,-0.154620007,-0.167484701,0.973675966],"scale":1.14279997,"type":"tro_bush_wall_02"}
{"ctxid":0,"pos":[-181.513,-19.1714993,175.242004],"rotationMatrix":[0.727642417,0.683686614,0.0560975447,-0.684761882,0.728792608,-6.91786408e-05,-0.0409318209,-0.0383604616,0.998425424],"scale":0.85799998,"type":"tro_bush_wall_02"}
{"ctxid":0,"pos":[-176.255005,-13.5579004,176.445007],"rotationMatrix":[0.757336795,0.632526278,0.162441283,-0.64104414,0.767526269,3.98382545e-05,-0.124655522,-0.104154557,0.986719191],"scale":0.804099977,"type":"tro_bush_wall_02"}
{"ctxid":0,"pos":[-127.948997,-78.4842987,146.574997],"rotationMatrix":[0.951284766,-0.29509908,-0.0892411247,0.297460973,0.954624593,0.0141302403,0.0810211226,-0.0399902388,0.995909393],"scale":0.816999972,"type":"tro_bush_wall_02"}
{"ctxid":0,"pos":[-127.870003,-85.2070999,146.324005],"rotationMatrix":[-0.982061148,0.174777865,0.0724376664,-0.17523995,-0.984647036,-2.48202123e-05,0.0713125393,-0.0127175804,0.997373104],"scale":0.824999988,"type":"tro_bush_wall_02"}
{"ctxid":0,"pos":[-137.002853,-83.7618866,147.276917],"rotationMatrix":[-0.9704808,0.208295703,0.122279897,-0.192130104,-0.972561777,0.131832689,0.146374404,0.104448996,0.983701468],"scale":1.13740003,"type":"tro_bush_wall_02"}
{"ctxid":0,"pos":[-136.292999,-76.7333984,147.442993],"rotationMatrix":[0.977432787,-0.206513882,-0.0444259979,0.206717193,0.978398979,-1.85999088e-05,0.0434701182,-0.0091661606,0.999012589],"scale":0.99089998,"type":"tro_bush_wall_02"}
{"ctxid":0,"pos":[-146.460999,-81.5259018,148.557007],"rotationMatrix":[-0.966229081,0.23428221,0.108820796,-0.23568882,-0.971998215,-6.78002834e-05,0.105739802,-0.0257112011,0.994061887],"scale":1.03699994,"type":"tro_bush_wall_02"}
{"ctxid":0,"pos":[-178.302246,-70.1854019,152.83548],"rotationMatrix":[-0.994529307,-0.102923565,0.0214439444,0.10279464,-0.99474889,-0.00703413365,0.0220507942,-0.00479131564,0.999745309],"scale":1.18110001,"type":"tro_bush_wall_02"}
{"ctxid":0,"pos":[-194.294006,-53.6523018,168.404999],"rotationMatrix":[-0.796240568,-0.584596992,-0.156064197,0.59957552,-0.727633238,-0.33341217,0.0813565105,-0.359027624,0.929776609],"scale":1.09580004,"type":"tro_bush_wall_02"}
{"ctxid":0,"pos":[-202.537994,-59.6623001,166.641998],"rotationMatrix":[-0.81730783,-0.553037822,-0.162580281,0.568692505,-0.727502346,-0.38417542,0.0941911638,-0.406387925,0.908840299],"scale":1.03429997,"type":"tro_bush_wall_02"}
{"ctxid":0,"pos":[-228.033997,-60.042099,164.218994],"rotationMatrix":[0.776828229,0.606397986,0.169638783,-0.615317345,0.788254142,-3.86312604e-06,-0.133717418,-0.104388535,0.985504925],"scale":1.17499995,"type":"tro_bush_wall_02"}
{"ctxid":0,"pos":[-219.757004,-53.6797981,165.423996],"rotationMatrix":[0.875775278,0.455854803,0.15884766,-0.461706251,0.887042344,-7.03819096e-05,-0.140938014,-0.0732738525,0.987304032],"scale":1.10280001,"type":"tro_bush_wall_02"}
{"ctxid":0,"pos":[-210.470993,-48.9581985,167.117996],"rotationMatrix":[0.872054994,0.435121715,0.223986968,-0.446486652,0.89478159,9.45217907e-05,-0.200376526,-0.100097045,0.974590182],"scale":0.977400005,"type":"tro_bush_wall_02"}
{"ctxid":0,"pos":[-203.276993,-44.9323006,168.626999],"rotationMatrix":[0.92302072,0.3191275,0.214917541,-0.326760054,0.945106983,-1.57244503e-05,-0.20312503,-0.0702123642,0.976632059],"scale":0.808300018,"type":"tro_bush_wall_02"}
{"ctxid":0,"pos":[-197.867996,-40.5055008,170.179001],"rotationMatrix":[0.718954325,0.651857257,0.241338968,-0.671724916,0.740836501,9.07182693e-05,-0.178739995,-0.162162006,0.970444024],"scale":0.873199999,"type":"tro_bush_wall_02"}
{"ctxid":0,"pos":[-192.942993,-34.4458008,171.807999],"rotationMatrix":[0.548123479,0.790379822,0.273694247,-0.821763217,0.569869399,5.88521361e-05,-0.155929744,-0.224932134,0.961818874],"scale":0.809499979,"type":"tro_bush_wall_02"}
{"ctxid":0,"pos":[-187.863998,-26.8055992,173.595001],"rotationMatrix":[0.574384391,0.784075975,0.235002518,-0.793010116,0.60418427,-0.0775931999,-0.202820718,-0.141811997,0.968889654],"scale":1.1437,"type":"tro_bush_wall_02"}
{"ctxid":0,"pos":[-243.848999,-60.3571014,162.910004],"rotationMatrix":[0.94837141,0.304021418,0.0903962851,-0.307794571,0.950955391,0.0308982804,-0.0765702873,-0.0571242794,0.995426834],"scale":1.19159997,"type":"tro_bush_wall_02"}
{"ctxid":0,"pos":[-207.452026,-69.814682,153.823456],"rotationMatrix":[0.85168767,0.521049976,0.0559654273,-0.522588372,0.836497605,0.164834768,0.0390722863,-0.169634983,0.984732151],"scale":1.07179999,"type":"tro_bush_wall_02"}
{"ctxid":0,"pos":[-208.661728,-78.2795792,152.5495],"rotationMatrix":[-0.783117831,-0.617493749,-0.0714334697,0.620931804,-0.771706581,-0.13634254,0.029064877,-0.151150957,0.988082051],"scale":0.818099976,"type":"tro_bush_wall_02"}
{"ctxid":0,"pos":[-218.422821,-87.6281052,151.30722],"rotationMatrix":[-0.56955862,-0.820508718,-0.0493134484,0.821508229,-0.570252419,0,-0.0281211138,-0.0405114032,0.99878335],"scale":0.833299994,"type":"tro_bush_wall_02"}
{"ctxid":0,"pos":[-234.45871,-102.503517,151.111099],"rotationMatrix":[0.335424483,0.940873384,-0.0484129339,-0.936445892,0.338596106,0.0922998637,0.103215687,0.0143647529,0.994556248],"scale":0.985099971,"type":"tro_bush_wall_02"}
{"ctxid":0,"pos":[-227.778,-105.638,151.091003],"rotationMatrix":[-0.448028803,-0.892841458,0.0472221598,0.893838406,-0.448529243,-5.15952706e-06,0.021182159,0.0422048382,0.998884439],"scale":0.971199989,"type":"tro_bush_wall_02"}
{"ctxid":0,"pos":[-209.718002,-65.1992035,165.048996],"rotationMatrix":[-0.832646489,-0.541402578,-0.115998603,0.531018615,-0.721496463,-0.444232404,0.156817406,-0.431516409,0.888365984],"scale":0.938300014,"type":"tro_bush_wall_02"}
{"ctxid":0,"pos":[-216.304993,-69.6583023,164.035004],"rotationMatrix":[-0.841879725,-0.529348254,-0.104265928,0.529049397,-0.772091627,-0.351894557,0.105772004,-0.351444781,0.930211186],"scale":0.816200018,"type":"tro_bush_wall_02"}
{"ctxid":0,"pos":[-222.701996,-73.8971024,162.860001],"rotationMatrix":[-0.839672923,-0.534865439,-0.0930685475,0.478238881,-0.64757061,-0.593089342,0.25696376,-0.54257381,0.799725413],"scale":1.13730001,"type":"tro_bush_wall_02"}
{"ctxid":0,"pos":[-231.520004,-80.5755997,161.520004],"rotationMatrix":[-0.820004821,-0.565314353,-0.0880925059,0.507263958,-0.647140145,-0.568915844,0.264620274,-0.511274576,0.81764859],"scale":1.05690002,"type":"tro_bush_wall_02"}
{"ctxid":0,"pos":[-249.485001,-96.6215973,161.492996],"rotationMatrix":[-0.732777357,-0.680414796,0,0.680414796,-0.732777357,0,0,0,1],"scale":0.952799976,"type":"tro_bush_wall_02"}
{"ctxid":0,"pos":[-242.636002,-90.4626999,161.785995],"rotationMatrix":[-0.804999948,-0.59356004,0,0.59356004,-0.804999948,0,0,0,1],"scale":0.901000023,"type":"tro_bush_wall_02"}
{"ctxid":0,"pos":[-237.231995,-85.9932022,161.505997],"rotationMatrix":[-0.801961184,-0.597236633,0,0.597236633,-0.801961184,0,0,0,1],"scale":0.983399987,"type":"tro_bush_wall_02"}
{"ctxid":0,"pos":[-186.005005,-140.386002,135.694],"rotationMatrix":[0.999996603,-0.00260000001,0,0.00260000001,0.999996603,0,0,0,1],"scale":0.905099988,"type":"tro_bush_wall_02"}
{"ctxid":0,"pos":[-176.169998,-139.173004,135.197998],"rotationMatrix":[0.992410898,0.122965917,0,-0.122965917,0.992410898,0,0,0,1],"scale":1.11039996,"type":"tro_bush_wall_02"}
{"ctxid":0,"pos":[-167.072998,-139.382004,134.718994],"rotationMatrix":[0.936204076,-0.351449072,0,0.351449072,0.936204076,0,0,0,1],"scale":0.962400019,"type":"tro_bush_wall_02"}
{"ctxid":0,"pos":[-162.40564,-152.325241,134.158997],"rotationMatrix":[-0.959450364,0.273676723,0.065808244,-0.274276584,-0.961533546,-8.24797899e-05,0.0632616803,-0.0181298405,0.997832179],"scale":0.877900004,"type":"tro_bush_wall_02"}
{"ctxid":0,"pos":[-157.042007,-154.598007,133.054993],"rotationMatrix":[-0.850271702,0.511994004,0.122437105,-0.515870929,-0.856719494,3.92757356e-05,0.104908779,-0.0631268024,0.992476463],"scale":0.890999973,"type":"tro_bush_wall_02"}
{"ctxid":0,"pos":[-151.087997,-146.419006,132.854004],"rotationMatrix":[0.917419553,-0.397906244,0,0.397906244,0.917419553,0,0,0,1],"scale":0.843599975,"type":"tro_bush_wall_02"}
{"ctxid":0,"pos":[-142.449997,-150.362,132.268005],"rotationMatrix":[0.978575528,-0.205882207,0,0.205882207,0.978575528,0,0,0,1],"scale":0.869300008,"type":"tro_bush_wall_02"}
{"ctxid":0,"pos":[-247.330994,-165.466995,141.091995],"rotationMatrix":[0.936054766,0.33735624,-0.099982284,-0.337599128,0.9411726,0.0149944397,0.0991590843,0.0197171606,0.994876385],"scale":1.05400002,"type":"tro_bush_wall_02"}
{"ctxid":0,"pos":[-196.641006,-142.104004,136.395004],"rotationMatrix":[0.9755795,0.219651908,0,-0.219651908,0.9755795,0,0,0,1],"scale":1.08860004,"type":"tro_bush_wall_02"}
{"ctxid":0,"pos":[-209.576996,-146.794006,137.688004],"rotationMatrix":[0.935271978,0.353935272,0,-0.353935272,0.935271978,0,0,0,1],"scale":0.873000026,"type":"tro_bush_wall_02"}
{"ctxid":0,"pos":[-217.378006,-150.175995,138.362],"rotationMatrix":[0.865007937,0.501777709,0,-0.501777709,0.865007937,0,0,0,1],"scale":0.969699979,"type":"tro_bush_wall_02"}
{"ctxid":0,"pos":[-225.761002,-153.996002,138.550995],"rotationMatrix":[0.909942329,0.414723665,0,-0.414723665,0.909942329,0,0,0,1],"scale":1.1142,"type":"tro_bush_wall_02"}
{"ctxid":0,"pos":[-243.485001,-248.557007,132.467255],"rotationMatrix":[-0.997200966,0.0741480589,0,-0.0741480589,-0.997200966,0,0,0,1],"scale":1.13380003,"type":"tro_bush_wall_02"}
{"ctxid":0,"pos":[-248.794006,-247.419998,132.549423],"rotationMatrix":[-0.999599934,0.0321967788,0,-0.0321967788,-0.999599934,0,0,0,1],"scale":1.04639995,"type":"tro_bush_wall_02"}
{"ctxid":0,"pos":[-246.498001,-235.339996,132.426132],"rotationMatrix":[0.989107132,-0.147201478,0,0.147201478,0.989107132,0,0,0,1],"scale":1.03779995,"type":"tro_bush_wall_02"}
{"ctxid":0,"pos":[-84.0644989,-261.17099,132.661591],"rotationMatrix":[-0.50297153,0.861436248,0.0714499578,-0.863643408,-0.504259825,-3.3210963e-06,0.0360208377,-0.061705716,0.997444332],"scale":1.04439998,"type":"tro_bush_wall_02"}
{"ctxid":0,"pos":[-245.671997,-252.522995,132.695541],"rotationMatrix":[0.80205369,0.597236633,0,-0.597236633,0.80205369,0,0,0,1],"scale":1.1925,"type":"tro_bush_wall_02"}
{"ctxid":0,"pos":[-268.196014,-4.86250019,188.065994],"rotationMatrix":[-0.972919941,0.0655221418,0.221333489,-0.0671693757,-0.997667909,8.51596706e-05,0.220839158,-0.0147845205,0.975197256],"scale":0.851499975,"type":"tro_bush_wall_02"}
{"ctxid":0,"pos":[-275.679993,-4.95429993,189.807999],"rotationMatrix":[-0.979257345,-0.0256024599,0.20078443,0.026127141,-0.999615669,-3.6920188e-05,0.200716838,0.00520987995,0.979635],"scale":0.859200001,"type":"tro_bush_wall_02"}
{"ctxid":0,"pos":[-283.826996,-5.44199991,190.791],"rotationMatrix":[-0.984718919,-0.00615171716,0.173474967,-0.0401114002,-0.964161515,-0.26189369,0.168886006,-0.264876187,0.949375093],"scale":0.94690001,"type":"tro_bush_wall_02"}
{"ctxid":0,"pos":[-305.049988,-41.9766006,176.115005],"rotationMatrix":[-0.872216105,-0.485866636,-0.0572182201,0.486664385,-0.873646975,-9.97912139e-06,-0.0499807782,-0.0278540179,0.998361766],"scale":1.09790003,"type":"tro_bush_wall_02"}
{"ctxid":0,"pos":[-296.518005,-37.5299988,177.076996],"rotationMatrix":[-0.910790801,-0.403647721,-0.0888407603,0.405248523,-0.914406061,1.61379576e-05,-0.0812268332,-0.0359844603,0.996046245],"scale":1.02069998,"type":"tro_bush_wall_02"}
{"ctxid":0,"pos":[-291.536987,-25.9424,178.412994],"rotationMatrix":[0.982996702,0.154788643,0.0987990201,-0.166009992,0.9790622,0.117821604,-0.0784948915,-0.13221848,0.988108873],"scale":1.17390001,"type":"tro_bush_wall_02"}
{"ctxid":0,"pos":[-301.701996,-28.0062008,177.026001],"rotationMatrix":[0.983074427,0.169884279,0.0686080456,-0.170281008,0.985396862,-6.57201745e-05,-0.0676174015,-0.0116170011,0.997643888],"scale":1.16680002,"type":"tro_bush_wall_02"}
{"ctxid":0,"pos":[-311.768005,-33.6276016,175.848007],"rotationMatrix":[0.807249725,0.564954102,0.170716882,-0.573385537,0.819268227,9.20258462e-05,-0.139808476,-0.097968623,0.985318959],"scale":0.916899979,"type":"tro_bush_wall_02"}
{"ctxid":0,"pos":[-257.701996,-75.3029022,161.207993],"rotationMatrix":[0.735458255,0.664508879,0.13257575,-0.673465431,0.738431215,0.0347911157,-0.0747842267,-0.114865437,0.990562916],"scale":0.843999982,"type":"tro_bush_wall_02"}
{"ctxid":0,"pos":[-259.102997,-67.5212021,163.296997],"rotationMatrix":[0.823159099,0.556235433,0.114005134,-0.55988276,0.82856369,-3.5520643e-05,-0.0944795012,-0.0638027936,0.993479908],"scale":1.02339995,"type":"tro_bush_wall_02"}
{"ctxid":0,"pos":[-277.665985,-121.186996,160.931],"rotationMatrix":[-0.872570276,-0.488444805,0.0113653913,0.453372478,-0.818150043,-0.353790611,0.182101309,-0.303539246,0.935257196],"scale":1.04579997,"type":"tro_bush_wall_02"}
{"ctxid":0,"pos":[-269.252991,-115.366997,161.440002],"rotationMatrix":[-0.745833039,-0.665969074,0,0.665969074,-0.745833039,0,0,0,1],"scale":1.13349998,"type":"tro_bush_wall_02"}
{"ctxid":0,"pos":[-262.199005,-108.681999,161.436005],"rotationMatrix":[-0.723852992,-0.689801157,0,0.689801157,-0.723852992,0,0,0,1],"scale":0.885200024,"type":"tro_bush_wall_02"}
{"ctxid":0,"pos":[-255.445007,-103.092003,161.432999],"rotationMatrix":[-0.712360144,-0.701747537,0,0.701747537,-0.712360144,0,0,0,1],"scale":0.890399992,"type":"tro_bush_wall_02"}
{"ctxid":0,"pos":[-305.671997,-117.205002,159.382004],"rotationMatrix":[0.977445424,0.170346767,0.124818578,-0.171692461,0.985149682,2.28406861e-05,-0.122960985,-0.02145404,0.992179096],"scale":1.18929994,"type":"tro_bush_wall_02"}
{"ctxid":0,"pos":[-297.009003,-113.885002,160.319],"rotationMatrix":[0.975127518,0.213678241,0.0589253195,-0.214053273,0.976823986,5.49596734e-05,-0.0575480424,-0.0126656797,0.998262525],"scale":0.999499977,"type":"tro_bush_wall_02"}
{"ctxid":0,"pos":[-287.98999,-110.980003,160.785995],"rotationMatrix":[0.967268586,0.24429144,0.0686764792,-0.24486433,0.969558954,-7.79395923e-05,-0.0666050389,-0.0167401806,0.99763912],"scale":0.983200014,"type":"tro_bush_wall_02"}
{"ctxid":0,"pos":[-279.247009,-105.797997,161.181],"rotationMatrix":[0.732965708,0.680301666,0,-0.680301666,0.732965708,0,0,0,1],"scale":1.18610001,"type":"tro_bush_wall_02"}
{"ctxid":0,"pos":[-271.574005,-97.8638992,161.029007],"rotationMatrix":[0.618935466,0.78543812,0,-0.78543812,0.618935466,0,0,0,1],"scale":1.06519997,"type":"tro_bush_wall_02"}
{"ctxid":0,"pos":[-269.154999,-87.4819031,159.852997],"rotationMatrix":[0.236152053,0.971743166,0,-0.971743166,0.236152053,0,0,0,1],"scale":1.17219996,"type":"tro_bush_wall_02"}
{"ctxid":0,"pos":[-263.721008,-80.0474014,160.591995],"rotationMatrix":[0.794059217,0.607192099,0.0287005603,-0.607870042,0.793180108,0.0373555794,-8.52011144e-05,-0.0471078977,0.998889923],"scale":0.844399989,"type":"tro_bush_wall_02"}
{"ctxid":0,"pos":[-338.410004,-10.4584999,199.514999],"rotationMatrix":[0.972248435,0.21786283,-0.0852394551,-0.218659952,0.975799799,-1.46795064e-05,0.0831733346,0.0186537188,0.996360302],"scale":1.13030005,"type":"tro_bush_wall_02"}
{"ctxid":0,"pos":[-348.933136,-12.2097559,200.26651],"rotationMatrix":[0.993239343,0.0952846557,-0.0663110316,-0.095494844,0.995430291,0,0.066008009,0.00633236161,0.997798979],"scale":1.11000001,"type":"tro_bush_wall_02"}
{"ctxid":0,"pos":[-350.519989,-22.6422997,200.403],"rotationMatrix":[-0.992866993,-0.0793616027,0.0910006166,0.078354001,-0.997001767,-0.0145984003,0.0918696225,-0.00736199971,0.995744228],"scale":1.11059999,"type":"tro_bush_wall_02"}
{"ctxid":0,"pos":[-360.950012,-23.6399994,201.108994],"rotationMatrix":[-0.996801257,-0.00298979995,0.077937901,0.00300540007,-0.99984324,8.28399934e-05,0.077937305,0.000316840014,0.996957958],"scale":1.06429994,"type":"tro_bush_wall_02"}
{"ctxid":0,"pos":[-324.390991,-15.4937,198.449997],"rotationMatrix":[-0.936111331,-0.30311355,0.178056419,0.308023006,-0.951318622,-7.63405114e-05,0.169421732,0.054775618,0.984019816],"scale":0.863499999,"type":"tro_bush_wall_02"}
{"ctxid":0,"pos":[-316.830994,-12.5230999,196.959],"rotationMatrix":[-0.933980942,-0.334969342,0.124804527,0.317139268,-0.937577486,-0.143081576,0.164934278,-0.0940488502,0.981810808],"scale":0.993799984,"type":"tro_bush_wall_02"}
{"ctxid":0,"pos":[-323.782013,-6.13500023,198.048996],"rotationMatrix":[0.952076674,0.288916707,-0.100366935,-0.290387809,0.956907392,-4.88813967e-05,0.0960275829,0.0291929599,0.994950294],"scale":0.994300008,"type":"tro_bush_wall_02"}
{"ctxid":0,"pos":[-315.718994,-3.3204999,196.977005],"rotationMatrix":[0.939997494,0.322422296,-0.111588903,-0.322490245,0.946404457,0.0179398991,0.111392461,0.019121781,0.99359268],"scale":0.875899971,"type":"tro_bush_wall_02"}
{"ctxid":0,"pos":[-333.325012,-18.8826008,199.414993],"rotationMatrix":[-0.958708882,-0.26631546,0.100596718,0.267672718,-0.963596344,-4.46010381e-06,0.0969274417,0.0269215815,0.994927526],"scale":1.16589999,"type":"tro_bush_wall_02"}
{"ctxid":0,"pos":[-342.106995,-20.3031998,199.813004],"rotationMatrix":[-0.991616845,-0.109627403,0.0708713233,0.1099106,-0.994115233,9.76002775e-05,0.0704313219,0.00788559951,0.997485697],"scale":0.860899985,"type":"tro_bush_wall_02"}
{"ctxid":0,"pos":[-344.471008,-58.9362984,169.938995],"rotationMatrix":[0.916199088,0.360884577,0.174197748,-0.366485268,0.930425346,-1.48192048e-05,-0.162083581,-0.0638260618,0.984710991],"scale":1.15339994,"type":"tro_bush_wall_02"}
{"ctxid":0,"pos":[-329.389008,-61.0794983,171.376999],"rotationMatrix":[-0.788520217,-0.599593043,-0.136254936,0.614696503,-0.763275623,-0.198499799,0.015013665,-0.240296006,0.970582187],"scale":1.18760002,"type":"tro_bush_wall_02"}
{"ctxid":0,"pos":[-321.40799,-54.2751007,172.987],"rotationMatrix":[-0.733919501,-0.674704611,-0.0772657767,0.676734984,-0.736113906,-0.000125400722,-0.056798216,-0.0523829982,0.99701041],"scale":1.07439995,"type":"tro_bush_wall_02"}
{"ctxid":0,"pos":[-336.540009,-54.3550987,171.483002],"rotationMatrix":[0.829492927,0.52807498,0.181903452,-0.537020326,0.843575001,-8.7801367e-05,-0.153496444,-0.0976099968,0.983316898],"scale":0.913699985,"type":"tro_bush_wall_02"}
{"ctxid":0,"pos":[-329.480988,-48.3139992,172.554993],"rotationMatrix":[0.797144294,0.564801753,0.213502362,-0.57814163,0.815949321,6.31175935e-05,-0.174173728,-0.123477846,0.97694391],"scale":1.13929999,"type":"tro_bush_wall_02"}
{"ctxid":0,"pos":[-322.033997,-42.8676987,174.033997],"rotationMatrix":[0.78958267,0.600862086,0.124668956,-0.603457868,0.79715389,-0.0200491194,-0.11142768,-0.0593985617,0.991996169],"scale":0.858399987,"type":"tro_bush_wall_02"}
{"ctxid":0,"pos":[-313.631012,-47.6286011,174.554001],"rotationMatrix":[-0.795067549,-0.595228553,-0.117436677,0.599380016,-0.800602913,-4.83617187e-05,-0.0939783603,-0.0704233199,0.993080795],"scale":1.09599996,"type":"tro_bush_wall_02"}
{"ctxid":0,"pos":[-358.600006,-66.8382034,167.595001],"rotationMatrix":[0.825708926,0.537525475,0.17104426,-0.545557916,0.83806479,-5.52162528e-05,-0.143374652,-0.0932729766,0.985262692],"scale":0.842599988,"type":"tro_bush_wall_02"}
{"ctxid":0,"pos":[-365.131012,-71.3179016,166.360992],"rotationMatrix":[0.90181452,0.384362102,0.197424695,-0.397186875,0.917287529,0.0284516998,-0.170156702,-0.104080305,0.979903042],"scale":0.809899986,"type":"tro_bush_wall_02"}
{"ctxid":0,"pos":[-372.963989,-76.5261002,164.912994],"rotationMatrix":[0.790782392,0.560499012,0.245969832,-0.578261197,0.815850079,-1.82166696e-05,-0.200684398,-0.142221421,0.969277263],"scale":1.09370005,"type":"tro_bush_wall_02"}
{"ctxid":0,"pos":[-371.200012,-88.8192978,164.085999],"rotationMatrix":[-0.754970074,-0.639066279,-0.146584064,0.646049082,-0.763211846,-3.40417027e-05,-0.111862339,-0.0947296396,0.98919785],"scale":0.827600002,"type":"tro_bush_wall_02"}
{"ctxid":0,"pos":[-365.092987,-83.8272018,165.210007],"rotationMatrix":[-0.808275342,-0.570071936,-0.147291377,0.576351643,-0.817193151,5.44376671e-05,-0.120397583,-0.0848479569,0.989093125],"scale":0.967499971,"type":"tro_bush_wall_02"}
{"ctxid":0,"pos":[-345.878998,-71.5322037,168.839005],"rotationMatrix":[-0.806437969,-0.571480095,-0.151489496,0.578140914,-0.81586349,9.74051654e-05,-0.123659492,-0.0875066072,0.988458455],"scale":1.12520003,"type":"tro_bush_wall_02"}
{"ctxid":0,"pos":[-352.401001,-63.1843987,168.712006],"rotationMatrix":[0.864907146,0.48646906,0.123607963,-0.490230769,0.871590197,1.92783773e-05,-0.107725844,-0.0606141202,0.992331028],"scale":0.841499984,"type":"tro_bush_wall_02"}
{"ctxid":0,"pos":[-338.019012,-65.9085999,170.175995],"rotationMatrix":[-0.873051167,-0.461047173,-0.157588795,0.470559835,-0.881726742,-0.0273251198,-0.126381114,-0.0980239958,0.987125337],"scale":0.933499992,"type":"tro_bush_wall_02"}
{"ctxid":0,"pos":[-334.119995,-123.668999,155.841003],"rotationMatrix":[0.971782625,0.210285485,0.106855243,-0.211498439,0.97737813,1.93808228e-05,-0.104433879,-0.0226187408,0.994274557],"scale":0.948899984,"type":"tro_bush_wall_02"}
{"ctxid":0,"pos":[-325.838989,-122.238998,157.026001],"rotationMatrix":[0.99121201,0.0879881531,0.0987771228,-0.0884228796,0.996083021,2.33598985e-05,-0.0983881578,-0.00875728019,0.995109618],"scale":0.804799974,"type":"tro_bush_wall_02"}
{"ctxid":0,"pos":[-317.815002,-120.385002,157.994003],"rotationMatrix":[0.984830856,0.0540121011,0.164897069,-0.0547729395,0.998498857,6.70999289e-05,-0.164645895,-0.00909794029,0.98631084],"scale":0.915700018,"type":"tro_bush_wall_02"}
{"ctxid":0,"pos":[-299.256989,-185.007996,146.654007],"rotationMatrix":[-0.998400331,-0.0579767972,0,0.0579767972,-0.998400331,0,0,0,1],"scale":1.13320005,"type":"tro_bush_wall_02"}
{"ctxid":0,"pos":[-310.924988,-184.759995,147.160995],"rotationMatrix":[-0.999599934,0.0259974003,0,-0.0259974003,-0.999599934,0,0,0,1],"scale":1.04489994,"type":"tro_bush_wall_02"}
{"ctxid":0,"pos":[-307.274994,-175.242004,147.039993],"rotationMatrix":[0.999978244,-0.00659999996,0,0.00659999996,0.999978244,0,0,0,1],"scale":1.06190002,"type":"tro_bush_wall_02"}
{"ctxid":0,"pos":[-297.796997,-175.345001,146.395004],"rotationMatrix":[0.998077989,-0.0619689971,0,0.0619689971,0.998077989,0,0,0,1],"scale":0.862999976,"type":"tro_bush_wall_02"}
{"ctxid":0,"pos":[-288.432007,-174.520004,145.692993],"rotationMatrix":[0.996092737,0.0883115977,0,-0.0883115977,0.996092737,0,0,0,1],"scale":1.14820004,"type":"tro_bush_wall_02"}
{"ctxid":0,"pos":[-279.032013,-174.057999,144.682007],"rotationMatrix":[0.969780624,0.204912946,-0.132427856,-0.206734553,0.978397429,-6.7204237e-06,0.129565731,0.0273835193,0.991192758],"scale":0.954699993,"type":"tro_bush_wall_02"}
{"ctxid":0,"pos":[-269.300995,-171.697006,143.593002],"rotationMatrix":[0.966042697,0.241614699,-0.091594018,-0.242633909,0.97012043,6.30039722e-06,0.0888589844,0.0222158991,0.9957968],"scale":1.17999995,"type":"tro_bush_wall_02"}
{"ctxid":0,"pos":[-257.546997,-169.113007,142.246994],"rotationMatrix":[0.971993387,0.21255888,-0.100260235,-0.213636711,0.976915121,-1.58604234e-05,0.0979425535,0.0214329399,0.994961679],"scale":1.07490003,"type":"tro_bush_wall_02"}
{"ctxid":0,"pos":[-271.307007,-183.542999,143.912003],"rotationMatrix":[-0.978514433,-0.129435048,0.161620587,0.131150141,-0.991547942,-5.51398844e-05,0.160231978,0.0211406592,0.986854196],"scale":1.14619994,"type":"tro_bush_wall_02"}
{"ctxid":0,"pos":[-302.036011,-166.695007,146.626999],"rotationMatrix":[-0.859583139,-0.492496699,-0.135226786,0.497055501,-0.867558122,6.39185309e-05,-0.117367424,-0.0671652779,0.990813971],"scale":0.84890002,"type":"tro_bush_wall_02"}
{"ctxid":0,"pos":[-296.059998,-155.445007,147.505997],"rotationMatrix":[0.856431901,0.510631323,0.0760746375,-0.512114048,0.858921647,-1.9678846e-05,-0.0653524771,-0.0389410406,0.997102201],"scale":0.815599978,"type":"tro_bush_wall_02"}
{"ctxid":0,"pos":[-255.875,-130.511002,150.712997],"rotationMatrix":[0.804535985,0.584075093,0.107488155,-0.587474823,0.809227765,-5.01200557e-05,-0.0870103985,-0.0631102026,0.994206011],"scale":0.871900022,"type":"tro_bush_wall_02"}
{"ctxid":0,"pos":[-303.835999,-131.106995,159.524002],"rotationMatrix":[-0.964606524,-0.251760542,-0.0771648213,0.252511203,-0.967492223,3.07410955e-05,-0.074671708,-0.0194563009,0.997018218],"scale":1.11140001,"type":"tro_bush_wall_02"}
{"ctxid":0,"pos":[-293.634003,-128.641998,160.048996],"rotationMatrix":[-0.969358802,-0.237030879,-0.0617175587,0.242660627,-0.895121694,-0.373544306,0.0332942791,-0.377141744,0.925549746],"scale":1.15110004,"type":"tro_bush_wall_02"}
{"ctxid":0,"pos":[-285.316986,-125.172997,161.098007],"rotationMatrix":[-0.947548509,-0.319525838,0,0.319525838,-0.947548509,0,0,0,1],"scale":0.800599992,"type":"tro_bush_wall_02"}
{"ctxid":0,"pos":[-259.718994,-248.289001,132.449524],"rotationMatrix":[-0.996801257,-0.0813348815,0,0.0813348815,-0.996801257,0,0,0,1],"scale":1.11199999,"type":"tro_bush_wall_02"}
{"ctxid":0,"pos":[-265.264008,-235.007004,132.677872],"rotationMatrix":[0.912888646,-0.408217192,0,0.408217192,0.912888646,0,0,0,1],"scale":0.803600013,"type":"tro_bush_wall_02"}
{"ctxid":0,"pos":[-256.828003,-235.348007,132.417374],"rotationMatrix":[0.999976873,-0.00680000009,0,0.00680000009,0.999976873,0,0,0,1],"scale":1.00489998,"type":"tro_bush_wall_02"}
{"ctxid":0,"pos":[-306.29599,-236.078003,131.874573],"rotationMatrix":[0.994211137,-0.107449368,0,0.107449368,0.994211137,0,0,0,1],"scale":1.00559998,"type":"tro_bush_wall_02"}
{"ctxid":0,"pos":[-296.046997,-235.919006,131.600494],"rotationMatrix":[0.999994874,-0.00319999992,0,0.00319999992,0.999994874,0,0,0,1],"scale":0.906799972,"type":"tro_bush_wall_02"}
{"ctxid":0,"pos":[-306.756989,-220.119995,139.078003],"rotationMatrix":[-0.97213316,0.0729350373,0.223538876,-0.0748233572,-0.997365355,2.13608146e-05,0.222913921,-0.0167037603,0.974697173],"scale":1.19200003,"type":"tro_bush_wall_02"}
{"ctxid":0,"pos":[-297.173004,-218.733994,137.007004],"rotationMatrix":[-0.935075998,-0.260465831,0.239634633,0.268263727,-0.963152885,-8.63745809e-05,0.230871767,0.0642105788,0.970860302],"scale":0.942099988,"type":"tro_bush_wall_02"}
{"ctxid":0,"pos":[-287.850006,-216.220993,134.636826],"rotationMatrix":[-0.929406762,0.112933606,0.351112157,-0.158722401,-0.98170054,-0.104390308,0.332927853,-0.152761713,0.930492759],"scale":1.12650001,"type":"tro_bush_wall_02"}
{"ctxid":0,"pos":[-281.522003,-221.229004,132.880798],"rotationMatrix":[-0.257029772,0.941011667,0.220274881,-0.947199702,-0.290546536,0.135963738,0.191929087,-0.17369625,0.965916753],"scale":0.951099992,"type":"tro_bush_wall_02"}
