{"ctxid":0,"pos":[-35.2734985,-50.8166008,153.705002],"rotationMatrix":[0.000915765762,0.996636927,-0.0811062008,-0.999931633,0.000915765762,-3.44403088e-05,3.44403088e-05,0.0811062008,0.996705234],"scale":0.904999971,"type":"tro_1_2_wallblocker_overhang"}
{"ctxid":0,"pos":[-30.4197998,-36.5391998,151.643997],"rotationMatrix":[0.484278381,0.874939382,0,-0.874939382,0.484278381,0,0,0,1],"scale":0.976800025,"type":"tro_1_2_wallblocker_overhang"}
{"ctxid":0,"pos":[-19.4810009,-23.7127991,150.475006],"rotationMatrix":[0.787578404,0.616211712,0,-0.616211712,0.787578404,0,0,0,1],"scale":1.05809999,"type":"tro_1_2_wallblocker_overhang"}
{"ctxid":0,"pos":[-5.74550009,-15.1514997,149.983994],"rotationMatrix":[0.9415676,0.314501822,-0.120543718,-0.316814303,0.948483765,-1.70394778e-05,0.114327952,0.0382087193,0.992707491],"scale":0.942900002,"type":"tro_1_2_wallblocker_overhang"}
{"ctxid":0,"pos":[-35.0850983,-96.1244965,159.054001],"rotationMatrix":[0.732527018,0.680714011,0,-0.680714011,0.732527018,0,0,0,1],"scale":0.890500009,"type":"tro_1_2_wallblocker_overhang"}
{"ctxid":0,"pos":[-30.6123009,-84.0130997,158.214005],"rotationMatrix":[-0.062007308,0.998173237,0,-0.998173237,-0.062007308,0,0,0,1],"scale":0.807299972,"type":"tro_1_2_wallblocker_overhang"}
{"ctxid":0,"pos":[-33.1953011,-67.6296005,156.457001],"rotationMatrix":[-0.152161956,0.988369763,0,-0.988369763,-0.152161956,0,0,0,1],"scale":1.19319999,"type":"tro_1_2_wallblocker_overhang"}
{"ctxid":0,"pos":[-121.755997,-12.1913996,166.934998],"rotationMatrix":[0.943484783,0.331425965,0,-0.331425965,0.943484783,0,0,0,1],"scale":1.11109996,"type":"tro_1_2_wallblocker_overhang"}
{"ctxid":0,"pos":[-107,-10.2927999,168.410004],"rotationMatrix":[0.994103014,-0.108437099,0,0.108437099,0.994103014,0,0,0,1],"scale":0.936800003,"type":"tro_1_2_wallblocker_overhang"}
{"ctxid":0,"pos":[-90.8013,-13.3219995,169.705994],"rotationMatrix":[0.918472767,-0.395481735,0,0.395481735,0.918472767,0,0,0,1],"scale":1.09309995,"type":"tro_1_2_wallblocker_overhang"}
{"ctxid":0,"pos":[-76.1938019,-21.8897991,170.373993],"rotationMatrix":[0.766208768,-0.64256686,0,0.64256686,0.766208768,0,0,0,1],"scale":1.15989995,"type":"tro_1_2_wallblocker_overhang"}
{"ctxid":0,"pos":[-63.7896996,-36.1015015,172.014008],"rotationMatrix":[0.383727908,-0.923464358,0,0.923464358,0.383727908,0,0,0,1],"scale":1.01409996,"type":"tro_1_2_wallblocker_overhang"}
{"ctxid":0,"pos":[-105.995003,-16.8227997,166.473999],"rotationMatrix":[-0.989396811,0.144017532,0.00342706032,-0.140821531,-0.961876869,-0.233721852,-0.030365942,-0.231766164,0.972295046],"scale":1.01040006,"type":"tro_1_2_wallblocker_overhang"}
{"ctxid":0,"pos":[-62.7142982,-113.056,145.852005],"rotationMatrix":[0.649213135,-0.760624588,0,0.760624588,0.649213135,0,0,0,1],"scale":1.09909999,"type":"tro_1_2_wallblocker_overhang"}
{"ctxid":0,"pos":[-73.4781036,-114.601997,146.044998],"rotationMatrix":[-0.768704295,0.639848173,0,-0.639848173,-0.768704295,0,0,0,1],"scale":0.947600007,"type":"tro_1_2_wallblocker_overhang"}
{"ctxid":0,"pos":[-75.930603,-101.049004,145.444],"rotationMatrix":[0.790307105,-0.612694383,0,0.612694383,0.790307105,0,0,0,1],"scale":1.1487,"type":"tro_1_2_wallblocker_overhang"}
{"ctxid":0,"pos":[-87.4667969,-104.608002,144.744995],"rotationMatrix":[-0.812227249,0.58351469,0,-0.58351469,-0.812227249,0,0,0,1],"scale":1.15789998,"type":"tro_1_2_wallblocker_overhang"}
{"ctxid":0,"pos":[-91.2629013,-90.8207016,146.039993],"rotationMatrix":[0.85710144,-0.515140593,0,0.515140593,0.85710144,0,0,0,1],"scale":1.18980002,"type":"tro_1_2_wallblocker_overhang"}
{"ctxid":0,"pos":[-104.766998,-95.2088013,145.585999],"rotationMatrix":[-0.891123533,0.453916341,0,-0.453916341,-0.891123533,0,0,0,1],"scale":1.17379999,"type":"tro_1_2_wallblocker_overhang"}
{"ctxid":0,"pos":[-25.5951996,-195.082001,141.991272],"rotationMatrix":[-0.888790607,-0.45868963,0,0.45868963,-0.888790607,0,0,0,1],"scale":1.18980002,"type":"tro_1_2_wallblocker_overhang"}
{"ctxid":0,"pos":[-10.5953999,-196.893997,144.610001],"rotationMatrix":[-0.741351128,0.671272099,0,-0.671272099,-0.741351128,0,0,0,1],"scale":1.14180005,"type":"tro_1_2_wallblocker_overhang"}
{"ctxid":0,"pos":[-157.018997,-39.9331017,158.526993],"rotationMatrix":[0.910450876,0.413635701,0,-0.413635701,0.910450876,0,0,0,1],"scale":1.13030005,"type":"tro_1_2_wallblocker_overhang"}
{"ctxid":0,"pos":[-142.889999,-31.4489994,162.126999],"rotationMatrix":[0.752195477,0.654317081,0.0779134408,-0.656317294,0.754484594,8.63596797e-05,-0.0587279573,-0.0512009598,0.996960104],"scale":0.913500011,"type":"tro_1_2_wallblocker_overhang"}
{"ctxid":0,"pos":[-133.459,-21.7124004,164.367004],"rotationMatrix":[0.671892643,0.732449889,0.109712377,-0.736896396,0.675975919,-3.23392451e-05,-0.0741844177,-0.0808299333,0.993963003],"scale":0.847100019,"type":"tro_1_2_wallblocker_overhang"}
{"ctxid":0,"pos":[-181.042007,-62.1379013,153.218002],"rotationMatrix":[0.999787807,-0.0205979403,0,0.0205979403,0.999787807,0,0,0,1],"scale":0.972000003,"type":"tro_1_2_wallblocker_overhang"}
{"ctxid":0,"pos":[-169.399002,-6.14480019,178.369003],"rotationMatrix":[0.822272778,0.569072902,0,-0.569072902,0.822272778,0,0,0,1],"scale":1.16369998,"type":"tro_1_2_wallblocker_overhang"}
{"ctxid":0,"pos":[-181.389008,-18.2110996,176.539001],"rotationMatrix":[0.693172455,0.707040608,0.140023902,-0.714079916,0.700064898,4.44613397e-05,-0.0979944617,-0.100018904,0.990148127],"scale":0.953400016,"type":"tro_1_2_wallblocker_overhang"}
{"ctxid":0,"pos":[-246.292007,-21.2115002,181.518005],"rotationMatrix":[0.999811828,0.0194000006,0,-0.0194000006,0.999811828,0,0,0,1],"scale":0.880299985,"type":"tro_1_2_wallblocker_overhang"}
{"ctxid":0,"pos":[-243.643005,-13.8622999,183.203003],"rotationMatrix":[-0.494029045,0.869485855,0,-0.869485855,-0.494029045,0,0,0,1],"scale":0.977100015,"type":"tro_1_2_wallblocker_overhang"}
{"ctxid":0,"pos":[-220,-5.06519985,188.233002],"rotationMatrix":[0.665110707,-0.746790051,0,0.746790051,0.665110707,0,0,0,1],"scale":1.06519997,"type":"tro_1_2_wallblocker_overhang"}
{"ctxid":0,"pos":[-217.110001,-20.4731007,186.597],"rotationMatrix":[-0.234020472,-0.972134769,0,0.972134769,-0.234020472,0,0,0,1],"scale":1.0431,"type":"tro_1_2_wallblocker_overhang"}
{"ctxid":0,"pos":[-225.483002,-30.625,183.070007],"rotationMatrix":[-0.764573455,-0.612353265,-0.20200403,0.625228822,-0.780670762,7.0720911e-05,-0.157705799,-0.126231998,0.979386806],"scale":0.977199972,"type":"tro_1_2_wallblocker_overhang"}
{"ctxid":0,"pos":[-191.889999,-30.5,173.076004],"rotationMatrix":[0.655837893,0.715501189,0.240719914,-0.737168431,0.675716996,-5.40390611e-05,-0.162698478,-0.177412748,0.970595121],"scale":1.17379999,"type":"tro_1_2_wallblocker_overhang"}
{"ctxid":0,"pos":[-196.779999,-64.6393967,154.044006],"rotationMatrix":[0.95000881,0.312215865,0,-0.312215865,0.95000881,0,0,0,1],"scale":0.941100001,"type":"tro_1_2_wallblocker_overhang"}
{"ctxid":0,"pos":[-195.626999,-73.6964035,151.921005],"rotationMatrix":[-0.965351343,-0.260910183,0,0.260910183,-0.965351343,0,0,0,1],"scale":1.07270002,"type":"tro_1_2_wallblocker_overhang"}
{"ctxid":0,"pos":[-245.268005,-93.6539001,160.539001],"rotationMatrix":[-0.782158375,-0.6178267,0.0808847323,0.550357938,-0.745870709,-0.375241905,0.292161524,-0.248978883,0.9233917],"scale":0.828599989,"type":"tro_1_2_wallblocker_overhang"}
{"ctxid":0,"pos":[-240.110992,-234.074997,132.63385],"rotationMatrix":[0.99838686,-0.0567772798,0,0.0567772798,0.99838686,0,0,0,1],"scale":1.15429997,"type":"tro_1_2_wallblocker_overhang"}
{"ctxid":0,"pos":[-249.932999,-258.770996,132.487564],"rotationMatrix":[0.704011798,0.710156202,0,-0.710156202,0.704011798,0,0,0,1],"scale":1.08019996,"type":"tro_1_2_wallblocker_overhang"}
{"ctxid":0,"pos":[-311.088989,-31.6275997,176.557999],"rotationMatrix":[0.866872013,0.498507559,0,-0.498507559,0.866872013,0,0,0,1],"scale":1.02980006,"type":"tro_1_2_wallblocker_overhang"}
{"ctxid":0,"pos":[-276.726013,-24.4692001,179.727005],"rotationMatrix":[0.999983191,-0.00579999993,0,0.00579999993,0.999983191,0,0,0,1],"scale":1.14839995,"type":"tro_1_2_wallblocker_overhang"}
{"ctxid":0,"pos":[-260.156006,-23.0597,180.087006],"rotationMatrix":[0.988508701,0.151160359,0,-0.151160359,0.988508701,0,0,0,1],"scale":0.844299972,"type":"tro_1_2_wallblocker_overhang"}
{"ctxid":0,"pos":[-256.955994,-7.29530001,184.811005],"rotationMatrix":[-0.995203257,0.0203283206,0.0942969248,-0.0204227194,-0.999658465,-3.59199475e-05,0.0942765251,-0.00196168013,0.995543838],"scale":1.1473,"type":"tro_1_2_wallblocker_overhang"}
{"ctxid":0,"pos":[-255.636993,-105.445,161.210007],"rotationMatrix":[-0.634793639,-0.772824645,0,0.772824645,-0.634793639,0,0,0,1],"scale":1.19299996,"type":"tro_1_2_wallblocker_overhang"}
{"ctxid":0,"pos":[-268.393005,-117.829002,160.641998],"rotationMatrix":[-0.803100824,-0.595580637,-6.33299351e-08,0.591569364,-0.797691226,-0.115855426,0.0690071881,-0.0930617452,0.99326551],"scale":0.990700006,"type":"tro_1_2_wallblocker_overhang"}
{"ctxid":0,"pos":[-278.678009,-97.2555008,161.195999],"rotationMatrix":[0.581617355,0.813443601,1.87978148e-05,-0.801557243,0.573122978,-0.170307726,-0.138551593,0.0990362465,0.985390365],"scale":1.09119999,"type":"tro_1_2_wallblocker_overhang"}
{"ctxid":0,"pos":[-289.894989,-107.372002,162.097],"rotationMatrix":[0.928103685,0.372336477,0,-0.372336477,0.928103685,0,0,0,1],"scale":0.907100022,"type":"tro_1_2_wallblocker_overhang"}
{"ctxid":0,"pos":[-303.222992,-113.393997,160.759003],"rotationMatrix":[0.872094572,0.466777831,0.146815524,-0.471890062,0.881649673,-1.39437616e-05,-0.129445359,-0.0692726225,0.98916328],"scale":0.957700014,"type":"tro_1_2_wallblocker_overhang"}
{"ctxid":0,"pos":[-337.447998,-50.9385986,172.692001],"rotationMatrix":[0.823362887,0.564581394,0.0577352606,-0.56551981,0.8247419,-0.000102078542,-0.0476746596,-0.0325652808,0.998331964],"scale":0.927600026,"type":"tro_1_2_wallblocker_overhang"}
{"ctxid":0,"pos":[-324.714996,-41.665699,174.589996],"rotationMatrix":[0.800035119,0.599957883,0,-0.599957883,0.800035119,0,0,0,1],"scale":1.06169999,"type":"tro_1_2_wallblocker_overhang"}
{"ctxid":0,"pos":[-317.05899,-0.423900008,200.785004],"rotationMatrix":[0.914991498,0.367638528,-0.166240633,-0.372814596,0.927907467,7.35223293e-05,0.154283196,0.0619083978,0.986085474],"scale":0.863799989,"type":"tro_1_2_wallblocker_overhang"}
{"ctxid":0,"pos":[-331.053009,-4.29750013,203.490005],"rotationMatrix":[0.955500245,0.288044274,-0.0636357591,-0.288623869,0.957442403,8.8439323e-05,0.0609530397,0.0182823613,0.997973204],"scale":0.959500015,"type":"tro_1_2_wallblocker_overhang"}
{"ctxid":0,"pos":[-347.721008,-7.8829999,203.848999],"rotationMatrix":[0.9921875,0.124750003,0,-0.124750003,0.9921875,0,0,0,1],"scale":1.12090003,"type":"tro_1_2_wallblocker_overhang"}
{"ctxid":0,"pos":[-364.932007,-9.92249966,205.186005],"rotationMatrix":[0.984441519,0.175712049,0,-0.175712049,0.984441519,0,0,0,1],"scale":0.871599972,"type":"tro_1_2_wallblocker_overhang"}
{"ctxid":0,"pos":[-266.428009,-224.738998,132.777359],"rotationMatrix":[0.281215847,-0.959411144,-0.0177578628,0.946132302,0.280316472,-0.161628187,0.160058811,0.0286388621,0.9866907],"scale":0.969200015,"type":"tro_1_2_wallblocker_overhang"}
{"ctxid":0,"pos":[-258.362,-225.660004,132.402512],"rotationMatrix":[0.695175648,0.718882561,0,-0.718882561,0.695175648,0,0,0,1],"scale":1.12179995,"type":"tro_1_2_wallblocker_overhang"}
{"ctxid":0,"pos":[-290.205994,-233.682999,132.23114],"rotationMatrix":[0.99999553,0.00300000003,0,-0.00300000003,0.99999553,0,0,0,1],"scale":1.07270002,"type":"tro_1_2_wallblocker_overhang"}
{"ctxid":0,"pos":[-273.333008,-209.076996,133.365387],"rotationMatrix":[0.568689585,-0.799620092,-0.19307816,0.816172898,0.577767015,0.0111687407,0.102631748,-0.163922668,0.9811216],"scale":1.16900003,"type":"tro_1_2_wallblocker_overhang"}
{"ctxid":0,"pos":[-287.447998,-200.369003,136.503006],"rotationMatrix":[0.980424285,-0.162486777,-0.111209579,0.163507983,0.986542463,6.40200451e-05,0.109702624,-0.01824582,0.993797183],"scale":1.13569999,"type":"tro_1_2_wallblocker_overhang"}
{"ctxid":0,"pos":[-302.682007,-202.459,140.001999],"rotationMatrix":[0.964425981,0.242310688,-0.105648793,-0.243675694,0.969853997,-1.00005418e-05,0.102461196,0.0257559996,0.994403005],"scale":0.980300009,"type":"tro_1_2_wallblocker_overhang"}
{"ctxid":0,"pos":[-317.714996,-205.983994,142.268005],"rotationMatrix":[0.964708328,0.23181732,-0.124882564,-0.235538289,0.971737087,-0.0156954415,0.117714241,0.0445573591,0.992047012],"scale":0.94660002,"type":"tro_1_2_wallblocker_overhang"}
{"ctxid":0,"pos":[-331.825012,-209.440002,144.261002],"rotationMatrix":[0.964873374,0.186864287,-0.18464984,-0.190150172,0.981753588,-8.61193985e-05,0.181264266,0.0351970419,0.982802987],"scale":0.985300004,"type":"tro_1_2_wallblocker_overhang"}
{"ctxid":0,"pos":[-380.859009,-10.7329998,206.966995],"rotationMatrix":[0.995411158,-0.0956946164,0,0.0956946164,0.995411158,0,0,0,1],"scale":1.10570002,"type":"tro_1_2_wallblocker_overhang"}
{"ctxid":0,"pos":[-397.608002,-10.7573004,207.854004],"rotationMatrix":[0.972099483,0.0235029981,0.233388588,-0.0241609998,0.999708056,-3.96003015e-05,-0.233321384,-0.0056003998,0.972383559],"scale":0.957700014,"type":"tro_1_2_wallblocker_overhang"}
{"ctxid":0,"pos":[-410.181,-5.7027998,207.942993],"rotationMatrix":[0.608741403,-0.793397725,0,0.793397725,0.608741403,0,0,0,1],"scale":0.875,"type":"tro_1_2_wallblocker_overhang"}
{"ctxid":0,"pos":[-434.5,-228.005997,136.238007],"rotationMatrix":[0.920877576,-0.389844,0,0.389844,0.920877576,0,0,0,1],"scale":0.972599983,"type":"tro_1_2_wallblocker_overhang"}
{"ctxid":0,"pos":[-417.244995,-234.257996,136.016006],"rotationMatrix":[0.961657047,-0.274228722,-0.00313290115,0.272545725,0.956901014,-0.100270294,0.0304965004,0.0955714956,0.994955003],"scale":1.18910003,"type":"tro_1_2_wallblocker_overhang"}
{"ctxid":0,"pos":[-491.592407,-176.25882,135.954285],"rotationMatrix":[0.189971536,-0.981729805,0,0.981729805,0.189971536,0,0,0,1],"scale":1.07210004,"type":"tro_1_2_wallblocker_overhang"}
{"ctxid":0,"pos":[-480.26001,-173.964005,141.625],"rotationMatrix":[0.565874338,-0.824456692,0,0.824456692,0.565874338,0,0,0,1],"scale":1.30209994,"type":"tro_1_2_wallblocker_overhang"}
{"ctxid":0,"pos":[-470.822998,-192.022003,142.488007],"rotationMatrix":[0.404542506,-0.890805662,-0.206796646,0.910488188,0.413480639,-2.42143869e-06,0.0855039135,-0.188292146,0.978383124],"scale":1.19719994,"type":"tro_1_2_wallblocker_overhang"}
{"ctxid":0,"pos":[-460.591003,-206.632004,138.570999],"rotationMatrix":[0.723380804,-0.690469563,0,0.690469563,0.723380804,0,0,0,1],"scale":0.982299984,"type":"tro_1_2_wallblocker_overhang"}
{"ctxid":0,"pos":[-448.529999,-218.580002,136.934006],"rotationMatrix":[0.699687481,-0.714472473,0,0.714472473,0.699687481,0,0,0,1],"scale":1.07449996,"type":"tro_1_2_wallblocker_overhang"}
{"ctxid":0,"pos":[-488.247986,-232.574997,135.757004],"rotationMatrix":[-0.895793796,0.444545746,0,-0.444545746,-0.895793796,0,0,0,1],"scale":0.856599987,"type":"tro_1_2_wallblocker_overhang"}
{"ctxid":0,"pos":[-473.954987,-240.966995,136.615005],"rotationMatrix":[-0.853582621,0.5210132,0,-0.5210132,-0.853582621,0,0,0,1],"scale":1.14680004,"type":"tro_1_2_wallblocker_overhang"}
{"ctxid":0,"pos":[-387.781006,-186.197998,151.796005],"rotationMatrix":[-0.127707362,0.991845787,-1.19805336e-05,-0.967078507,-0.124521852,-0.222082227,-0.220266253,-0.028342478,0.975028694],"scale":1.05239999,"type":"tro_1_2_wallblocker_overhang"}
{"ctxid":0,"pos":[-386.759003,-204.556,153.112],"rotationMatrix":[-0.00734817982,0.999967337,0,-0.999967337,-0.00734817982,0,0,0,1],"scale":1.16069996,"type":"tro_1_2_wallblocker_overhang"}
{"ctxid":0,"pos":[-382.30899,-221.820007,152.860992],"rotationMatrix":[-0.610490561,0.790841162,0.0448012799,-0.791637123,-0.611102581,-4.23621386e-05,0.0273416415,-0.0354907215,0.99899596],"scale":1.10549998,"type":"tro_1_2_wallblocker_overhang"}
{"ctxid":0,"pos":[-260.231995,-272.944,132.465546],"rotationMatrix":[0.408998013,0.912595689,0,-0.912595689,0.408998013,0,0,0,1],"scale":0.94630003,"type":"tro_1_2_wallblocker_overhang"}
{"ctxid":0,"pos":[-253.348999,-253.567001,132.768707],"rotationMatrix":[-0.999599934,0.0211978797,0,-0.0211978797,-0.999599934,0,0,0,1],"scale":1.19930005,"type":"tro_1_2_wallblocker_overhang"}
{"ctxid":0,"pos":[-264.070007,-261.320007,132.927216],"rotationMatrix":[-0.211190343,-0.977419198,0,0.977419198,-0.211190343,0,0,0,1],"scale":0.932200015,"type":"tro_1_2_wallblocker_overhang"}
{"ctxid":0,"pos":[-269.962006,-276.989014,132.773697],"rotationMatrix":[-0.479888082,-0.877231896,0,0.877231896,-0.479888082,0,0,0,1],"scale":1.03980005,"type":"tro_1_2_wallblocker_overhang"}
{"ctxid":0,"pos":[-301.437012,-293.018005,132.72963],"rotationMatrix":[-0.000480413437,0.973685086,0.228155762,-1.00005889,-0.000480413437,-4.87193465e-05,4.87193465e-05,-0.228155762,0.973626256],"scale":0.931699991,"type":"tro_1_2_wallblocker_overhang"}
{"ctxid":0,"pos":[-301.51001,-307.306,132.453766],"rotationMatrix":[-0.00678050518,0.999969304,0,-0.999969304,-0.00678050518,0,0,0,1],"scale":0.944500029,"type":"tro_1_2_wallblocker_overhang"}
{"ctxid":0,"pos":[-305.833008,-319.028015,132.565369],"rotationMatrix":[0.786926031,0.617026627,0,-0.617026627,0.786926031,0,0,0,1],"scale":0.817499995,"type":"tro_1_2_wallblocker_overhang"}
{"ctxid":0,"pos":[-370.868988,-362.446991,131.717545],"rotationMatrix":[0.946796775,0.321828932,0,-0.321828932,0.946796775,0,0,0,1],"scale":1.18939996,"type":"tro_1_2_wallblocker_overhang"}
{"ctxid":0,"pos":[-355.304993,-359.854004,131.329941],"rotationMatrix":[0.991353512,-0.0316024423,-0.127351075,0.0318576396,0.999492407,-3.32400668e-05,0.127287477,-0.00402444042,0.991857111],"scale":0.865199983,"type":"tro_1_2_wallblocker_overhang"}
{"ctxid":0,"pos":[-456.796997,-250.647003,136.951004],"rotationMatrix":[-0.880248427,0.474522263,0,-0.474522263,-0.880248427,0,0,0,1],"scale":1.19910002,"type":"tro_1_2_wallblocker_overhang"}
{"ctxid":0,"pos":[-440.934998,-262.825989,139.205002],"rotationMatrix":[-0.678560019,0.721960068,-0.135304451,-0.672830462,-0.684823275,-0.279809833,-0.294674039,-0.0988333821,0.950472772],"scale":1.00329995,"type":"tro_1_2_wallblocker_overhang"}
{"ctxid":0,"pos":[-459.838989,-275.792999,141.688995],"rotationMatrix":[0.694238007,-0.719752848,0,0.719752848,0.694238007,0,0,0,1],"scale":0.857599974,"type":"tro_1_2_wallblocker_overhang"}
{"ctxid":0,"pos":[-449.524292,-288.645905,138.858078],"rotationMatrix":[0.579804659,-0.812182963,-0.0649508387,0.813901544,0.581031561,0,0.0377384871,-0.0528635867,0.997888446],"scale":1.19419622,"type":"tro_1_2_wallblocker_overhang"}
{"ctxid":0,"pos":[-439.766846,-301.882172,137.683167],"rotationMatrix":[0.489405513,-0.869389534,-0.0679129511,0.87140137,0.490538031,0,0.0333138853,-0.0591794401,0.997691274],"scale":1.0854975,"type":"tro_1_2_wallblocker_overhang"}
{"ctxid":0,"pos":[-430.459991,-315.553009,137.483994],"rotationMatrix":[0.550458431,-0.834890127,0,0.834890127,0.550458431,0,0,0,1],"scale":1.11090004,"type":"tro_1_2_wallblocker_overhang"}
{"ctxid":0,"pos":[-421.84201,-329.618988,136.451004],"rotationMatrix":[0.492371142,-0.870364845,0,0.870364845,0.492371142,0,0,0,1],"scale":0.880400002,"type":"tro_1_2_wallblocker_overhang"}
{"ctxid":0,"pos":[-411.539001,-341.660004,134.899994],"rotationMatrix":[0.683192015,-0.730250418,0,0.730250418,0.683192015,0,0,0,1],"scale":0.993099988,"type":"tro_1_2_wallblocker_overhang"}
{"ctxid":0,"pos":[-397.989014,-353.045013,132.731995],"rotationMatrix":[0.853767693,-0.520682216,0,0.520682216,0.853767693,0,0,0,1],"scale":1.06509995,"type":"tro_1_2_wallblocker_overhang"}
{"ctxid":0,"pos":[-385.46701,-361.845001,132.117004],"rotationMatrix":[0.769207835,-0.638975739,0,0.638975739,0.769207835,0,0,0,1],"scale":0.816100001,"type":"tro_1_2_wallblocker_overhang"}
{"ctxid":0,"pos":[-7.50150013,-726.585999,143.652481],"rotationMatrix":[0.914954662,0.381065875,0.132880926,-0.335236937,0.90096879,-0.275470197,-0.224688113,0.207500383,0.952084482],"scale":0.9648,"type":"tro_1_2_wallblocker_overhang"}
{"ctxid":0,"pos":[-23.4869003,-731.379028,139.948929],"rotationMatrix":[0.975899994,0.211251006,0.0547429994,-0.185881004,0.936085522,-0.298670977,-0.114332996,0.281298965,0.952789485],"scale":1.02719998,"type":"tro_1_2_wallblocker_overhang"}
{"ctxid":0,"pos":[-39.5339012,-735.942017,135.429993],"rotationMatrix":[0.949430764,0.287656128,0.125829443,-0.230688527,0.91097343,-0.341916025,-0.212983325,0.295597255,0.931266606],"scale":1.00940001,"type":"tro_1_2_wallblocker_overhang"}
{"ctxid":0,"pos":[-56.7531013,-742.427002,133.576004],"rotationMatrix":[0.928183258,0.372124761,-7.56345689e-05,-0.355736822,0.887247205,-0.293675452,-0.109216034,0.272611707,0.955905497],"scale":1.18700004,"type":"tro_1_2_wallblocker_overhang"}
{"ctxid":0,"pos":[-88.4843979,-696.887024,159.979996],"rotationMatrix":[-0.988017917,0.153537989,0,-0.153537989,-0.988017917,0,0,0,1],"scale":0.806999981,"type":"tro_1_2_wallblocker_overhang"}
{"ctxid":0,"pos":[-73.9835968,-696.867004,159.384995],"rotationMatrix":[-0.996401787,-0.0849235058,0,0.0849235058,-0.996401787,0,0,0,1],"scale":1.12909997,"type":"tro_1_2_wallblocker_overhang"}
{"ctxid":0,"pos":[-237.205002,-681.731995,150.216995],"rotationMatrix":[-0.0857485533,0.996300995,0,-0.996300995,-0.0857485533,0,0,0,1],"scale":1.15540004,"type":"tro_1_2_wallblocker_overhang"}
{"ctxid":0,"pos":[-239.565002,-663.939026,150.863998],"rotationMatrix":[-0.102315545,0.99466753,0,-0.99466753,-0.102315545,0,0,0,1],"scale":1.09599996,"type":"tro_1_2_wallblocker_overhang"}
{"ctxid":0,"pos":[-244.184998,-738.130981,162.647995],"rotationMatrix":[0.188954592,0.966031134,-0.176135272,-0.965478122,0.215493798,0.146149904,0.179141521,0.142449111,0.973455071],"scale":0.970000029,"type":"tro_1_2_wallblocker_overhang"}
{"ctxid":0,"pos":[-239.725998,-725.297974,158.556],"rotationMatrix":[0.462300777,0.659278274,-0.593038797,-0.868081808,0.472996891,-0.150902241,0.181043804,0.584542274,0.790922701],"scale":0.991299987,"type":"tro_1_2_wallblocker_overhang"}
{"ctxid":0,"pos":[-234.820999,-712.570007,151.475006],"rotationMatrix":[0.107604325,0.988670945,-0.104687758,-0.946884751,0.0698164105,-0.313916683,-0.303049445,0.132906869,0.94366163],"scale":0.969699979,"type":"tro_1_2_wallblocker_overhang"}
{"ctxid":0,"pos":[-235.666,-697.838013,150.901001],"rotationMatrix":[-0.0713551044,0.997433305,0,-0.997433305,-0.0713551044,0,0,0,1],"scale":0.824999988,"type":"tro_1_2_wallblocker_overhang"}
{"ctxid":0,"pos":[-72.0249023,-752.057983,131.787003],"rotationMatrix":[0.869740725,0.492143631,0.0366654992,-0.45480448,0.828158379,-0.327574044,-0.191579148,0.268228501,0.944113493],"scale":1.01400006,"type":"tro_1_2_wallblocker_overhang"}
{"ctxid":0,"pos":[-85.2424011,-760.411011,132.746002],"rotationMatrix":[0.79172945,0.610871077,0,-0.610871077,0.79172945,0,0,0,1],"scale":0.889599979,"type":"tro_1_2_wallblocker_overhang"}
{"ctxid":0,"pos":[-95.6554031,-770.195007,131.615997],"rotationMatrix":[0.683353424,0.724969149,0.0861980543,-0.706037521,0.686279058,-0.174684212,-0.18579936,0.0585087389,0.980843663],"scale":0.845899999,"type":"tro_1_2_wallblocker_overhang"}
{"ctxid":0,"pos":[-107.956001,-779.713989,132.408005],"rotationMatrix":[0.857847154,0.513887465,4.876405e-06,-0.509254992,0.850115776,-0.13395384,-0.0688456744,0.114908248,0.990987003],"scale":1.00989997,"type":"tro_1_2_wallblocker_overhang"}
{"ctxid":0,"pos":[-122.926003,-789.174988,132.378006],"rotationMatrix":[0.911370695,0.404735327,-0.0747391954,-0.403163671,0.841366649,-0.359928966,-0.0827989951,0.358160794,0.929978371],"scale":1.09850001,"type":"tro_1_2_wallblocker_overhang"}
{"ctxid":0,"pos":[-137.287003,-797.468018,136.074997],"rotationMatrix":[0.739935279,0.672663212,0,-0.672663212,0.739935279,0,0,0,1],"scale":1.09860003,"type":"tro_1_2_wallblocker_overhang"}
{"ctxid":0,"pos":[-148.294006,-810.960999,136.289001],"rotationMatrix":[0.584655166,0.811312854,0.000106405467,-0.803426445,0.578989685,-0.139024556,-0.112847209,0.0811994374,0.990289509],"scale":1.03550005,"type":"tro_1_2_wallblocker_overhang"}
{"ctxid":0,"pos":[-154.294006,-826.104004,138.080994],"rotationMatrix":[0.130293429,0.991482913,8.24481249e-05,-0.9512133,0.125024617,-0.282093823,-0.279699147,0.0366786197,0.959387183],"scale":0.968900025,"type":"tro_1_2_wallblocker_overhang"}
{"ctxid":0,"pos":[-154.681,-842.638,140.912994],"rotationMatrix":[0.0682580471,0.989528298,-0.127415746,-0.956960082,0.0288111567,-0.288894475,-0.282185048,0.141655922,0.948845863],"scale":1.16050005,"type":"tro_1_2_wallblocker_overhang"}
{"ctxid":0,"pos":[-154.710007,-858.390991,143.309006],"rotationMatrix":[0.0670136809,0.996317506,-0.0542946905,-0.957762599,0.0489682555,-0.283517092,-0.279798687,0.07101091,0.957431018],"scale":0.968800008,"type":"tro_1_2_wallblocker_overhang"}
{"ctxid":0,"pos":[-157.531998,-874.994995,145.572006],"rotationMatrix":[0.195891857,0.980604291,-7.07656145e-05,-0.945009589,0.188762903,-0.266989708,-0.2618047,0.0523624346,0.963698387],"scale":1.12360001,"type":"tro_1_2_wallblocker_overhang"}
{"ctxid":0,"pos":[-239.552994,-764.755005,151.449997],"rotationMatrix":[-0.347824931,0.860109091,0.373380214,-0.860500932,-0.134620667,-0.491496921,-0.372476369,-0.492182255,0.786795318],"scale":0.870100021,"type":"tro_1_2_wallblocker_overhang"}
{"ctxid":0,"pos":[-244.095001,-751.572021,158.733002],"rotationMatrix":[-0.270727634,0.912075222,0.308029175,-0.961743295,-0.242092729,-0.128437936,-0.0425793529,-0.331006438,0.942668676],"scale":1.03760004,"type":"tro_1_2_wallblocker_overhang"}
{"ctxid":0,"pos":[-168.003998,-885.416992,148.156998],"rotationMatrix":[0.989606619,0.128646687,-0.0642422438,-0.14300485,0.927268147,-0.345993906,0.0150548778,0.351585239,0.936029315],"scale":1.11310005,"type":"tro_1_2_wallblocker_overhang"}
{"ctxid":0,"pos":[-137.251007,-880.559021,146.470993],"rotationMatrix":[-0.311076403,-0.950426638,-8.83638859e-06,0.907693803,-0.297088504,-0.296494186,0.281784832,-0.0922285914,0.955036104],"scale":0.927100003,"type":"tro_1_2_wallblocker_overhang"}
{"ctxid":0,"pos":[-145.761993,-894.448975,147.529007],"rotationMatrix":[-0.667503238,-0.744724333,0,0.744724333,-0.667503238,0,0,0,1],"scale":1.19239998,"type":"tro_1_2_wallblocker_overhang"}
{"ctxid":0,"pos":[-158.979004,-902.338013,148.942001],"rotationMatrix":[-0.968921781,-0.247454688,0,0.247454688,-0.968921781,0,0,0,1],"scale":1.14119995,"type":"tro_1_2_wallblocker_overhang"}
{"ctxid":0,"pos":[-321.334595,-717.849365,161.071625],"rotationMatrix":[0.57200253,-0.82028234,0,0.82028234,0.57200253,0,0,0,1],"scale":1.02380002,"type":"tro_1_2_wallblocker_overhang"}
{"ctxid":0,"pos":[-326.10199,-701.817993,159.231003],"rotationMatrix":[0.0607278347,-0.998070955,0,0.998070955,0.0607278347,0,0,0,1],"scale":1.17299998,"type":"tro_1_2_wallblocker_overhang"}
{"ctxid":0,"pos":[-331.242584,-739.843445,164.057999],"rotationMatrix":[-0.721996903,0.692027867,0,-0.692027867,-0.721996903,0,0,0,1],"scale":1.13030005,"type":"tro_1_2_wallblocker_overhang"}
{"ctxid":0,"pos":[-338.062012,-723.973022,162.529999],"rotationMatrix":[-0.349142313,0.931263268,-0.102771357,-0.936220825,-0.351003885,-2.15992332e-05,-0.0361080021,0.0962193608,0.994704425],"scale":1.15760005,"type":"tro_1_2_wallblocker_overhang"}
{"ctxid":0,"pos":[-285.450989,-769.507019,184.130997],"rotationMatrix":[0.443743706,-0.894648254,0.0529112592,0.859913409,0.408391058,-0.306391746,0.252475917,0.181470141,0.950438678],"scale":0.838199973,"type":"tro_1_2_wallblocker_overhang"}
{"ctxid":0,"pos":[-281.123993,-761.982971,182.098007],"rotationMatrix":[-0.950932384,-0.268192679,0.153801203,0.271432012,-0.962381601,6.46412373e-05,0.14800936,0.0418095998,0.988101363],"scale":1.03929996,"type":"tro_1_2_wallblocker_overhang"}
{"ctxid":0,"pos":[-265.800995,-756.697998,181.729996],"rotationMatrix":[-0.938263297,-0.346436977,-2.10553408e-05,0.319482028,-0.86524415,-0.386816323,0.133976936,-0.362873316,0.922164559],"scale":0.977500021,"type":"tro_1_2_wallblocker_overhang"}
{"ctxid":0,"pos":[-250.470001,-868.054016,160.348999],"rotationMatrix":[0.957594275,-0.254296154,-0.135446817,0.232837677,0.959912181,-0.156059355,0.169702649,0.117904067,0.978416681],"scale":0.941200018,"type":"tro_1_2_wallblocker_overhang"}
{"ctxid":0,"pos":[-266.358002,-866.698975,161.214996],"rotationMatrix":[0.996561527,0.0828593373,9.33799893e-05,-0.0823597759,0.990675092,-0.108540654,-0.00908545963,0.108159781,0.994092464],"scale":1.13890004,"type":"tro_1_2_wallblocker_overhang"}
{"ctxid":0,"pos":[-284.601013,-866.947998,163.223999],"rotationMatrix":[0.992126465,-0.0830705911,-0.0937313139,0.0644093156,0.980245471,-0.187011257,0.107413799,0.179502204,0.977877617],"scale":1.10880005,"type":"tro_1_2_wallblocker_overhang"}
{"ctxid":0,"pos":[-334.074005,-861.823975,166.149002],"rotationMatrix":[0.962597072,-0.270934612,3.71001661e-05,0.257900864,0.91624862,-0.306549877,0.0830223858,0.295093387,0.951853752],"scale":1.19710004,"type":"tro_1_2_wallblocker_overhang"}
{"ctxid":0,"pos":[-350.326996,-854.627014,169.192993],"rotationMatrix":[0.856346309,-0.504771888,-0.108956754,0.4709571,0.849955678,-0.236156255,0.211815149,0.150916159,0.965586603],"scale":1.00300002,"type":"tro_1_2_wallblocker_overhang"}
{"ctxid":0,"pos":[-358.440002,-842.559998,173.248993],"rotationMatrix":[0.157839179,-0.961982191,-0.222697645,0.899272382,0.233193457,-0.369938672,0.407815188,-0.141900167,0.90196538],"scale":1.01919997,"type":"tro_1_2_wallblocker_overhang"}
{"ctxid":0,"pos":[-361.601013,-826.710999,179.994003],"rotationMatrix":[0.221981525,-0.845046103,-0.486318052,0.839770854,0.419138253,-0.344994664,0.49537158,-0.331863761,0.802772701],"scale":1.19860005,"type":"tro_1_2_wallblocker_overhang"}
{"ctxid":0,"pos":[-293.182007,-886.23999,161.882996],"rotationMatrix":[-0.775968671,0.63055259,-7.02887774e-05,-0.611260235,-0.752251983,-0.2453679,-0.15478228,-0.190388694,0.969427586],"scale":1.16410005,"type":"tro_1_2_wallblocker_overhang"}
{"ctxid":0,"pos":[-283.860992,-898.346008,157.987],"rotationMatrix":[-0.261724949,0.869826138,0.418227822,-0.914930403,-0.0856459141,-0.394433022,-0.307269186,-0.48587817,0.818235755],"scale":1.02980006,"type":"tro_1_2_wallblocker_overhang"}
{"ctxid":0,"pos":[-283.703003,-913.820984,154.313995],"rotationMatrix":[0.327611327,0.933400631,0.146630436,-0.819304347,0.357933581,-0.447981298,-0.470613986,0.0266495645,0.881943285],"scale":0.949599981,"type":"tro_1_2_wallblocker_overhang"}
{"ctxid":0,"pos":[-309.154999,-880.47699,163.934006],"rotationMatrix":[-0.99704206,0.0387886018,0.0692481995,-0.0586677194,-0.947904348,-0.313717097,0.0534599572,-0.316789776,0.94699353],"scale":1.06770003,"type":"tro_1_2_wallblocker_overhang"}
{"ctxid":0,"pos":[-325.424011,-879.640991,164.778],"rotationMatrix":[-0.988646984,0.117998101,-0.0934806392,-0.0860101059,-0.952414632,-0.292561203,-0.123549365,-0.281187207,0.951667666],"scale":0.934300005,"type":"tro_1_2_wallblocker_overhang"}
{"ctxid":0,"pos":[-334.565002,-885.70697,163.490997],"rotationMatrix":[-0.180134058,-0.981726289,-0.0597820878,0.946359515,-0.15644598,-0.282384127,0.267888129,-0.107473932,0.957433224],"scale":0.803300023,"type":"tro_1_2_wallblocker_overhang"}
{"ctxid":0,"pos":[-339.119995,-897,156.949997],"rotationMatrix":[-0.406624079,-0.566700816,-0.716672003,0.882655978,-0.446273327,-0.14789632,-0.235980809,-0.692679644,0.681566715],"scale":1.12740004,"type":"tro_1_2_wallblocker_overhang"}
{"ctxid":0,"pos":[-405.046997,-760.732971,184.108994],"rotationMatrix":[-0.594219327,0.762404084,-0.256612182,-0.715493798,-0.646728277,-0.264621139,-0.367666185,0.0263768658,0.929588616],"scale":0.812600017,"type":"tro_1_2_wallblocker_overhang"}
{"ctxid":0,"pos":[-396.55899,-769.643982,186.925003],"rotationMatrix":[-0.7578125,0.652499974,0,-0.652499974,-0.7578125,0,0,0,1],"scale":1.14699996,"type":"tro_1_2_wallblocker_overhang"}
{"ctxid":0,"pos":[-387.682007,-781.780029,189.261002],"rotationMatrix":[-0.402812362,0.915387511,0,-0.915387511,-0.402812362,0,0,0,1],"scale":1.03009999,"type":"tro_1_2_wallblocker_overhang"}
{"ctxid":0,"pos":[-523.840027,-159.423004,144.201996],"rotationMatrix":[0.162803113,0.986648142,-0.00148286019,-0.986138046,0.162766993,0.0319425762,0.0317577794,-0.00373773836,0.999488592],"scale":0.978600025,"type":"tro_1_2_wallblocker_overhang"}
{"ctxid":0,"pos":[-523.999023,-175.225006,142.542007],"rotationMatrix":[-0.173531413,0.97206974,0.158652604,-0.984538198,-0.175750971,-3.14638019e-05,0.0278365985,-0.156191468,0.987335563],"scale":1.01880002,"type":"tro_1_2_wallblocker_overhang"}
{"ctxid":0,"pos":[-560.304993,-174.514999,152.882004],"rotationMatrix":[0.906168878,-0.422933161,0,0.422933161,0.906168878,0,0,0,1],"scale":1.14900005,"type":"tro_1_2_wallblocker_overhang"}
{"ctxid":0,"pos":[-547.768005,-182.882996,150.104996],"rotationMatrix":[0.728330255,-0.662746251,-0.174042284,0.542821229,0.713062227,-0.443705887,0.418172657,0.228685886,0.879106998],"scale":0.844699979,"type":"tro_1_2_wallblocker_overhang"}
{"ctxid":0,"pos":[-577.705017,-168.929993,153.770004],"rotationMatrix":[0.956546485,-0.291586697,0,0.291586697,0.956546485,0,0,0,1],"scale":1.08739996,"type":"tro_1_2_wallblocker_overhang"}
{"ctxid":0,"pos":[-592.132019,-161.602997,154.28299],"rotationMatrix":[0.710743845,-0.703478932,0,0.703478932,0.710743845,0,0,0,1],"scale":1.03659999,"type":"tro_1_2_wallblocker_overhang"}
{"ctxid":0,"pos":[-707.981018,-244.255997,173.159653],"rotationMatrix":[-0.732990146,0.680239081,0,-0.680239081,-0.732990146,0,0,0,1],"scale":0.815800011,"type":"tro_1_2_wallblocker_overhang"}
{"ctxid":0,"pos":[-716.505981,-233.044998,174.712341],"rotationMatrix":[-0.541065693,0.840932369,0,-0.840932369,-0.541065693,0,0,0,1],"scale":0.8926,"type":"tro_1_2_wallblocker_overhang"}
{"ctxid":0,"pos":[-722.97998,-219.511002,176.344955],"rotationMatrix":[-0.271055698,0.962539256,0,-0.962539256,-0.271055698,0,0,0,1],"scale":0.891700029,"type":"tro_1_2_wallblocker_overhang"}
{"ctxid":0,"pos":[-683.598999,-301.658997,176.167191],"rotationMatrix":[0.529846847,0.848092139,-8.80137086e-05,-0.837271631,0.523070216,-0.159285069,-0.135042667,0.0844702199,0.987232625],"scale":1.04779994,"type":"tro_1_2_wallblocker_overhang"}
{"ctxid":0,"pos":[-683.296021,-286.776001,174.976181],"rotationMatrix":[-0.394116044,0.919057965,0,-0.919057965,-0.394116044,0,0,0,1],"scale":1.03320003,"type":"tro_1_2_wallblocker_overhang"}
{"ctxid":0,"pos":[-690.937012,-271.384003,173.834625],"rotationMatrix":[-0.500604749,0.865680277,0,-0.865680277,-0.500604749,0,0,0,1],"scale":1.07609999,"type":"tro_1_2_wallblocker_overhang"}
{"ctxid":0,"pos":[-698.932983,-256.002014,173.228439],"rotationMatrix":[-0.480232239,0.87716192,0,-0.87716192,-0.480232239,0,0,0,1],"scale":1.04700005,"type":"tro_1_2_wallblocker_overhang"}
{"ctxid":0,"pos":[-694.362976,-305.274994,179.431],"rotationMatrix":[0.855385542,-0.518008947,0,0.518008947,0.855385542,0,0,0,1],"scale":0.951600015,"type":"tro_1_2_wallblocker_overhang"}
{"ctxid":0,"pos":[-703.508972,-321.334991,178.473999],"rotationMatrix":[-0.941400051,0.318610698,0.111094564,-0.320587069,-0.947266102,7.59623945e-05,0.105255365,-0.0355431587,0.993809998],"scale":1.19630003,"type":"tro_1_2_wallblocker_overhang"}
{"ctxid":0,"pos":[-717.739014,-311.656006,180.492004],"rotationMatrix":[-0.582420588,0.812825143,0,-0.812825143,-0.582420588,0,0,0,1],"scale":1.01699996,"type":"tro_1_2_wallblocker_overhang"}
{"ctxid":0,"pos":[-725.723999,-298.234009,182.552002],"rotationMatrix":[-0.381571889,0.922732115,0.0540629998,-0.92408216,-0.382134318,7.20024109e-05,0.0207270011,-0.0499319993,0.998537481],"scale":0.822700024,"type":"tro_1_2_wallblocker_overhang"}
{"ctxid":0,"pos":[-730.924988,-283.494995,182.621002],"rotationMatrix":[-0.30283916,0.950173736,0.0752179176,-0.941130161,-0.285597801,-0.181396246,-0.15087007,-0.125700235,0.980530798],"scale":1.06210005,"type":"tro_1_2_wallblocker_overhang"}
{"ctxid":0,"pos":[-744.039978,-323.144989,181.643005],"rotationMatrix":[0.483939648,-0.861821949,-0.151753858,0.871913493,0.489623487,-9.97781754e-05,0.0743855387,-0.132272586,0.988417923],"scale":0.994400024,"type":"tro_1_2_wallblocker_overhang"}
{"ctxid":0,"pos":[-748.627991,-332.355988,180.667007],"rotationMatrix":[-0.973502994,-0.20188807,0.106337346,0.173680857,-0.957817197,-0.228467569,0.147991151,-0.203969821,0.9677248],"scale":1.07560003,"type":"tro_1_2_wallblocker_overhang"}
{"ctxid":0,"pos":[-866.622986,-128.427994,173.852997],"rotationMatrix":[-0.992407203,-0.121967815,0,0.121967815,-0.992407203,0,0,0,1],"scale":1.19070005,"type":"tro_1_2_wallblocker_overhang"}
{"ctxid":0,"pos":[-851.705017,-131.214005,174.634003],"rotationMatrix":[-0.778120875,0.627971411,0,-0.627971411,-0.778120875,0,0,0,1],"scale":0.833199978,"type":"tro_1_2_wallblocker_overhang"}
{"ctxid":0,"pos":[-907.375977,-226.546005,179.229004],"rotationMatrix":[-0.542119145,-0.840341687,0,0.840341687,-0.542119145,0,0,0,1],"scale":0.978299975,"type":"tro_1_2_wallblocker_overhang"}
{"ctxid":0,"pos":[-910.367004,-241.167999,178.567993],"rotationMatrix":[0.175299466,-0.984485269,7.5250864e-05,0.921528935,0.164064705,-0.351862907,0.346403867,0.0617403388,0.936049104],"scale":1.07019997,"type":"tro_1_2_wallblocker_overhang"}
{"ctxid":0,"pos":[-893.997986,-188.791,174.115005],"rotationMatrix":[-0.903725147,-0.305282593,-0.300416797,0.409586847,-0.821114063,-0.397705883,-0.125245124,-0.482425004,0.866943717],"scale":0.999000013,"type":"tro_1_2_wallblocker_overhang"}
{"ctxid":0,"pos":[-886.060974,-178.820007,175.705002],"rotationMatrix":[-0.21889782,-0.975807011,-3.91751528e-05,0.933689177,-0.209440112,-0.290644199,0.283590972,-0.0636411607,0.956833363],"scale":1.12320006,"type":"tro_1_2_wallblocker_overhang"}
{"ctxid":0,"pos":[-755.362976,-341.429993,181.835007],"rotationMatrix":[0.162131846,-0.986785412,-3.79607081e-05,0.978559136,0.160785079,-0.128850117,0.127151072,0.0208556354,0.991664231],"scale":0.868499994,"type":"tro_1_2_wallblocker_overhang"}
{"ctxid":0,"pos":[-812.375977,-365.377014,160.360001],"rotationMatrix":[-0.340664387,-0.940220296,-7.87898898e-05,0.913516939,-0.33096993,-0.236667767,0.222488254,-0.0806884021,0.971591353],"scale":1.00769997,"type":"tro_1_2_wallblocker_overhang"}
{"ctxid":0,"pos":[-865.812012,-428.27301,151.264008],"rotationMatrix":[-0.748489022,-0.654665411,-0.105508193,0.65896982,-0.716578364,-0.228537977,0.0740105957,-0.24059099,0.967800379],"scale":0.957199991,"type":"tro_1_2_wallblocker_overhang"}
{"ctxid":0,"pos":[-853.038025,-417.083008,153.182999],"rotationMatrix":[-0.716052294,-0.696032345,-0.0554280393,0.684170187,-0.68356061,-0.254784763,0.139443561,-0.220324844,0.965410709],"scale":1.17149997,"type":"tro_1_2_wallblocker_overhang"}
{"ctxid":0,"pos":[-842.166016,-405.239014,155.018997],"rotationMatrix":[-0.675494552,-0.732807398,-0.0832384974,0.734807372,-0.678382158,0.00919199921,-0.0631935,-0.0549520031,0.996487498],"scale":0.806400001,"type":"tro_1_2_wallblocker_overhang"}
{"ctxid":0,"pos":[-830.690979,-393.511993,156.787003],"rotationMatrix":[-0.639191628,-0.743982613,-0.194065094,0.758406699,-0.651578546,-2.69934535e-05,-0.126454264,-0.147209316,0.980987072],"scale":1.18879998,"type":"tro_1_2_wallblocker_overhang"}
{"ctxid":0,"pos":[-820.309998,-379.902008,159.070999],"rotationMatrix":[-0.508766413,-0.860930204,8.58008862e-05,0.798229337,-0.471751809,-0.37459743,0.322538018,-0.190505847,0.927188694],"scale":1.03260005,"type":"tro_1_2_wallblocker_overhang"}
{"ctxid":0,"pos":[-903.560974,-253.229996,176.809006],"rotationMatrix":[0.571361661,-0.740495801,-0.353784382,0.791691899,0.610884607,-5.0842762e-05,0.216151297,-0.280075014,0.935323119],"scale":0.914799988,"type":"tro_1_2_wallblocker_overhang"}
{"ctxid":0,"pos":[-887.367981,-469.296997,145.649994],"rotationMatrix":[-0.222015619,-0.975136578,8.02055001e-05,0.952382386,-0.216854453,-0.214763969,0.209425956,-0.0475849882,0.976667762],"scale":1.16369998,"type":"tro_1_2_wallblocker_overhang"}
