{"ctxid":0,"pos":[-57.6795998,-51.603199,171.975006],"rotationMatrix":[0.336448073,-0.941759944,0,0.941759944,0.336448073,0,0,0,1],"scale":0.966700017,"type":"tro_1_2_wallblocker_tall"}
{"ctxid":0,"pos":[-53.9790001,-121.757004,145.496994],"rotationMatrix":[0.54760927,-0.836770654,0,0.836770654,0.54760927,0,0,0,1],"scale":1.11520004,"type":"tro_1_2_wallblocker_tall"}
{"ctxid":0,"pos":[-25.2490997,-118.846001,133.359253],"rotationMatrix":[0.694550753,-0.719462812,0,0.719462812,0.694550753,0,0,0,1],"scale":1.39750004,"type":"tro_1_2_wallblocker_tall"}
{"ctxid":0,"pos":[-43.2136002,-95.0338974,161.285995],"rotationMatrix":[0.307806253,-0.951516449,0,0.951516449,0.307806253,0,0,0,1],"scale":0.907000005,"type":"tro_1_2_wallblocker_tall"}
{"ctxid":0,"pos":[-47.1713982,-80.2975998,165.656006],"rotationMatrix":[0.28023994,-0.959960043,0,0.959960043,0.28023994,0,0,0,1],"scale":1.05420005,"type":"tro_1_2_wallblocker_tall"}
{"ctxid":0,"pos":[-51.9458008,-65.2088013,170.210999],"rotationMatrix":[0.352022767,-0.93599242,0,0.93599242,0.352022767,0,0,0,1],"scale":0.838,"type":"tro_1_2_wallblocker_tall"}
{"ctxid":0,"pos":[-105.569168,-19.8149281,162.751999],"rotationMatrix":[0.997696042,-0.0678170845,0,0.0678170845,0.997696042,0,0,0,1],"scale":1.14129996,"type":"tro_1_2_wallblocker_tall"}
{"ctxid":0,"pos":[-107.066002,-82.793602,144.641006],"rotationMatrix":[0.917338252,-0.398102045,0,0.398102045,0.917338252,0,0,0,1],"scale":1.03110003,"type":"tro_1_2_wallblocker_tall"}
{"ctxid":0,"pos":[-122.355003,-88.6417999,145.477997],"rotationMatrix":[-0.947548509,0.320117921,0,-0.320117921,-0.947548509,0,0,0,1],"scale":0.957799971,"type":"tro_1_2_wallblocker_tall"}
{"ctxid":0,"pos":[-123.246002,-77.9235001,146.798996],"rotationMatrix":[0.965152025,-0.261703193,0,0.261703193,0.965152025,0,0,0,1],"scale":1.19340003,"type":"tro_1_2_wallblocker_tall"}
{"ctxid":0,"pos":[-39.1091995,-126.384003,146.706772],"rotationMatrix":[0.950639188,0.310303956,0,-0.310303956,0.950639188,0,0,0,1],"scale":1.02499998,"type":"tro_1_2_wallblocker_tall"}
{"ctxid":0,"pos":[-62.1584015,-144.070007,133.667694],"rotationMatrix":[0.86796546,0.474732608,0.145807207,-0.407502621,0.848637283,-0.337269247,-0.283852786,0.233319238,0.930046797],"scale":1.15789998,"type":"tro_1_2_wallblocker_tall"}
{"ctxid":0,"pos":[-37.9579315,-131.441711,134.858337],"rotationMatrix":[0.919973671,0.382219702,-0.0868968964,-0.3919231,0.900511563,-0.188330412,0.00626530126,0.207316577,0.978253067],"scale":1.1142,"type":"tro_1_2_wallblocker_tall"}
{"ctxid":0,"pos":[-20.1703415,-136.590302,130.922485],"rotationMatrix":[0.860123038,-0.510095417,0,0.510095417,0.860123038,0,0,0,1],"scale":1.19809997,"type":"tro_1_2_wallblocker_tall"}
{"ctxid":0,"pos":[-6.71570015,-172.404007,132.300934],"rotationMatrix":[-0.840313554,-0.5414536,-0.0264345035,0.526811361,-0.804146528,-0.275346875,0.127830416,-0.245304048,0.960981429],"scale":1.32309997,"type":"tro_1_2_wallblocker_tall"}
{"ctxid":0,"pos":[-23.2458096,-182.026688,132.340607],"rotationMatrix":[-0.71054709,-0.699950218,-0.0701720715,0.690179825,-0.674366117,-0.261953115,0.136037663,-0.23460032,0.962523043],"scale":1.02583551,"type":"tro_1_2_wallblocker_tall"}
{"ctxid":0,"pos":[-3.10419989,-180.412003,144.428085],"rotationMatrix":[-0.299916983,-0.954057157,0,0.954057157,-0.299916983,0,0,0,1],"scale":1.03740001,"type":"tro_1_2_wallblocker_tall"}
{"ctxid":0,"pos":[-39.4710007,-225.145996,133.497833],"rotationMatrix":[0.841965556,-0.539543331,0,0.539543331,0.841965556,0,0,0,1],"scale":1.07430005,"type":"tro_1_2_wallblocker_tall"}
{"ctxid":0,"pos":[-63.3810005,-126.712997,145.095001],"rotationMatrix":[-0.521116853,0.853611469,0,-0.853611469,-0.521116853,0,0,0,1],"scale":1.06429994,"type":"tro_1_2_wallblocker_tall"}
{"ctxid":0,"pos":[-66.7723007,-138.063004,143.604233],"rotationMatrix":[0.885853589,0.463943809,0,-0.463943809,0.885853589,0,0,0,1],"scale":1.13390005,"type":"tro_1_2_wallblocker_tall"}
{"ctxid":0,"pos":[-74.1804123,-156.848282,130.902054],"rotationMatrix":[0.133215725,0.984307051,0.11514499,-0.99101907,0.132313475,0.0154781323,0,-0.116188474,0.993227184],"scale":1.03353286,"type":"tro_1_2_wallblocker_tall"}
{"ctxid":0,"pos":[-77.5334015,-145.731003,140.085007],"rotationMatrix":[0.553298473,-0.833004773,0,0.833004773,0.553298473,0,0,0,1],"scale":1.04680002,"type":"tro_1_2_wallblocker_tall"}
{"ctxid":0,"pos":[-121.744003,-164.714996,129.966003],"rotationMatrix":[0.672759473,-0.739830494,0,0.739830494,0.672759473,0,0,0,1],"scale":1.00240004,"type":"tro_1_2_wallblocker_tall"}
{"ctxid":0,"pos":[-113.138,-175.621994,132.583115],"rotationMatrix":[0.522735476,-0.852530241,0,0.852530241,0.522735476,0,0,0,1],"scale":0.804199994,"type":"tro_1_2_wallblocker_tall"}
{"ctxid":0,"pos":[-167.744995,-49.0107002,156.085999],"rotationMatrix":[0.622071803,0.782981694,0,-0.782981694,0.622071803,0,0,0,1],"scale":0.826799989,"type":"tro_1_2_wallblocker_tall"}
{"ctxid":0,"pos":[-161.932007,-61.3237991,153.662003],"rotationMatrix":[-0.43380177,-0.901058197,0,0.901058197,-0.43380177,0,0,0,1],"scale":0.829400003,"type":"tro_1_2_wallblocker_tall"}
{"ctxid":0,"pos":[-172.548004,-54.5317993,153.408997],"rotationMatrix":[0.0675683618,0.997707367,0,-0.997707367,0.0675683618,0,0,0,1],"scale":0.967000008,"type":"tro_1_2_wallblocker_tall"}
{"ctxid":0,"pos":[-139.093002,-84.5248032,148.800995],"rotationMatrix":[-0.942420363,0.333887398,0,-0.333887398,-0.942420363,0,0,0,1],"scale":0.990800023,"type":"tro_1_2_wallblocker_tall"}
{"ctxid":0,"pos":[-141.778,-73.8936005,150.417999],"rotationMatrix":[0.980000019,-0.199000001,0,0.199000001,0.980000019,0,0,0,1],"scale":1.18069994,"type":"tro_1_2_wallblocker_tall"}
{"ctxid":0,"pos":[-157.485992,-70.2927017,150.559998],"rotationMatrix":[0.924960613,-0.380078137,0,0.380078137,0.924960613,0,0,0,1],"scale":0.825200021,"type":"tro_1_2_wallblocker_tall"}
{"ctxid":0,"pos":[-154.199005,-81.3991013,148.487],"rotationMatrix":[-0.97448194,0.224354878,0,-0.224354878,-0.97448194,0,0,0,1],"scale":1.09510005,"type":"tro_1_2_wallblocker_tall"}
{"ctxid":0,"pos":[-168.470001,-76.4177017,151.029007],"rotationMatrix":[-0.75668776,0.653603256,0,-0.653603256,-0.75668776,0,0,0,1],"scale":0.915199995,"type":"tro_1_2_wallblocker_tall"}
{"ctxid":0,"pos":[-182.404999,-72.1106033,151.884995],"rotationMatrix":[-0.999599934,-0.0273972601,0,0.0273972601,-0.999599934,0,0,0,1],"scale":0.957099974,"type":"tro_1_2_wallblocker_tall"}
{"ctxid":0,"pos":[-248.011993,-36.0367012,178.216995],"rotationMatrix":[-0.995273948,0.095417954,8.82796012e-05,-0.0948859528,-0.989625931,-0.106361859,-0.0100622792,-0.105884857,0.994327009],"scale":0.90109998,"type":"tro_1_2_wallblocker_tall"}
{"ctxid":0,"pos":[-205.035995,-41.7887993,168.856003],"rotationMatrix":[0.873797119,0.486272931,0,-0.486272931,0.873797119,0,0,0,1],"scale":1.04890001,"type":"tro_1_2_wallblocker_tall"}
{"ctxid":0,"pos":[-220.306,-51.2783012,165.136993],"rotationMatrix":[0.832726717,0.553702354,0,-0.553702354,0.832726717,0,0,0,1],"scale":1.12559998,"type":"tro_1_2_wallblocker_tall"}
{"ctxid":0,"pos":[-236.130005,-56.9141006,163.151001],"rotationMatrix":[0.999494374,-0.0317968205,0,0.0317968205,0.999494374,0,0,0,1],"scale":1.00680006,"type":"tro_1_2_wallblocker_tall"}
{"ctxid":0,"pos":[-211.237,-69.5688019,154.332993],"rotationMatrix":[0.933022022,0.359814584,0,-0.359814584,0.933022022,0,0,0,1],"scale":0.875100017,"type":"tro_1_2_wallblocker_tall"}
{"ctxid":0,"pos":[-235.156006,-89.3290024,152.313995],"rotationMatrix":[0.531488001,0.847096801,0,-0.847096801,0.531488001,0,0,0,1],"scale":0.938300014,"type":"tro_1_2_wallblocker_tall"}
{"ctxid":0,"pos":[-205.729996,-82.7742004,148.729996],"rotationMatrix":[-0.203110814,-0.979117513,0,0.979117513,-0.203110814,0,0,0,1],"scale":0.85650003,"type":"tro_1_2_wallblocker_tall"}
{"ctxid":0,"pos":[-206.291,-97.5277023,144.238007],"rotationMatrix":[0.0689334869,-0.997659028,0,0.997659028,0.0689334869,0,0,0,1],"scale":1.05209994,"type":"tro_1_2_wallblocker_tall"}
{"ctxid":0,"pos":[-243.858994,-103.741997,155.542999],"rotationMatrix":[0.389929473,0.920904994,0,-0.920904994,0.389929473,0,0,0,1],"scale":1.18599999,"type":"tro_1_2_wallblocker_tall"}
{"ctxid":0,"pos":[-199.237,-113.875999,142.615997],"rotationMatrix":[0.635512769,-0.772091329,0,0.772091329,0.635512769,0,0,0,1],"scale":1.1652,"type":"tro_1_2_wallblocker_tall"}
{"ctxid":0,"pos":[-178.416,-136.046997,135.278],"rotationMatrix":[0.99971199,-0.0239975993,0,0.0239975993,0.99971199,0,0,0,1],"scale":0.944800019,"type":"tro_1_2_wallblocker_tall"}
{"ctxid":0,"pos":[-163.507004,-138.014999,135.457993],"rotationMatrix":[0.975931823,-0.218083605,0,0.218083605,0.975931823,0,0,0,1],"scale":0.92809999,"type":"tro_1_2_wallblocker_tall"}
{"ctxid":0,"pos":[-148.835007,-143.013,134.345001],"rotationMatrix":[0.860079527,-0.510167599,0,0.510167599,0.860079527,0,0,0,1],"scale":0.975600004,"type":"tro_1_2_wallblocker_tall"}
{"ctxid":0,"pos":[-134.496994,-152.634003,131.483002],"rotationMatrix":[0.786795497,-0.617215633,0,0.617215633,0.786795497,0,0,0,1],"scale":1.09210002,"type":"tro_1_2_wallblocker_tall"}
{"ctxid":0,"pos":[-190.108994,-128.942993,139.483002],"rotationMatrix":[0.44179827,-0.89715904,0,0.89715904,0.44179827,0,0,0,1],"scale":1.07459998,"type":"tro_1_2_wallblocker_tall"}
{"ctxid":0,"pos":[-239.376007,-133.158997,150.380997],"rotationMatrix":[-0.823668122,-0.566828609,0,0.566828609,-0.823668122,0,0,0,1],"scale":0.933200002,"type":"tro_1_2_wallblocker_tall"}
{"ctxid":0,"pos":[-224.580002,-131.501999,144.139008],"rotationMatrix":[-0.918349862,0.375933915,0.125117242,-0.378910512,-0.925621629,3.03983688e-06,0.115790568,-0.04740116,0.992142677],"scale":1.06470001,"type":"tro_1_2_wallblocker_tall"}
{"ctxid":0,"pos":[-215.826996,-139.223007,139.341995],"rotationMatrix":[-0.287691474,0.957744658,0,-0.957744658,-0.287691474,0,0,0,1],"scale":0.951799989,"type":"tro_1_2_wallblocker_tall"}
{"ctxid":0,"pos":[-220.261993,-149.998993,139.074005],"rotationMatrix":[0.909262002,0.416244596,0,-0.416244596,0.909262002,0,0,0,1],"scale":0.898400009,"type":"tro_1_2_wallblocker_tall"}
{"ctxid":0,"pos":[-234.421005,-156.854996,140.453995],"rotationMatrix":[0.904165566,0.427161455,0,-0.427161455,0.904165566,0,0,0,1],"scale":1.05910003,"type":"tro_1_2_wallblocker_tall"}
{"ctxid":0,"pos":[-249.826004,-163.651001,142.501007],"rotationMatrix":[0.961135268,0.276067764,0,-0.276067764,0.961135268,0,0,0,1],"scale":0.972299993,"type":"tro_1_2_wallblocker_tall"}
{"ctxid":0,"pos":[-248.557007,-139.759003,149.434998],"rotationMatrix":[-0.871725559,-0.490084857,0,0.490084857,-0.871725559,0,0,0,1],"scale":0.857800007,"type":"tro_1_2_wallblocker_tall"}
{"ctxid":0,"pos":[-234.699005,-220.102997,132.415863],"rotationMatrix":[-0.998800278,0.0509846993,0,-0.0509846993,-0.998800278,0,0,0,1],"scale":1.11319995,"type":"tro_1_2_wallblocker_tall"}
{"ctxid":0,"pos":[-253.639008,-60.9758987,162.162003],"rotationMatrix":[0.893185616,0.449674368,0,-0.449674368,0.893185616,0,0,0,1],"scale":1.19519997,"type":"tro_1_2_wallblocker_tall"}
{"ctxid":0,"pos":[-311.450989,-50.9603996,173.113998],"rotationMatrix":[-0.928647995,-0.371196002,0,0.371196002,-0.928647995,0,0,0,1],"scale":0.947700024,"type":"tro_1_2_wallblocker_tall"}
{"ctxid":0,"pos":[-298.059998,-52.8274002,172.848999],"rotationMatrix":[-0.753689885,0.65697825,0,-0.65697825,-0.753689885,0,0,0,1],"scale":0.922500014,"type":"tro_1_2_wallblocker_tall"}
{"ctxid":0,"pos":[-283.938995,-59.0009995,172.878006],"rotationMatrix":[-0.998400331,0.0557776764,0,-0.0557776764,-0.998400331,0,0,0,1],"scale":1.0783,"type":"tro_1_2_wallblocker_tall"}
{"ctxid":0,"pos":[-270.692993,-52.4561005,173.307999],"rotationMatrix":[-0.50927949,-0.860707998,0,0.860707998,-0.50927949,0,0,0,1],"scale":1.12750006,"type":"tro_1_2_wallblocker_tall"}
{"ctxid":0,"pos":[-260.588013,-39.3563995,176.832001],"rotationMatrix":[-0.792860508,-0.60954988,0,0.60954988,-0.792860508,0,0,0,1],"scale":0.823599994,"type":"tro_1_2_wallblocker_tall"}
{"ctxid":0,"pos":[-255.076996,-116.653999,151.945999],"rotationMatrix":[0.908065319,0.418808937,0,-0.418808937,0.908065319,0,0,0,1],"scale":1.02680004,"type":"tro_1_2_wallblocker_tall"}
{"ctxid":0,"pos":[-269.996002,-84.8677979,159.970993],"rotationMatrix":[0.545587301,0.838070512,0.000103116035,-0.827790618,0.538875461,0.156217843,0.130861998,-0.0853179917,0.987722993],"scale":0.805199981,"type":"tro_1_2_wallblocker_tall"}
{"ctxid":0,"pos":[-264.394012,-73.0896988,161.035004],"rotationMatrix":[0.206452012,0.978486657,0,-0.978486657,0.206452012,0,0,0,1],"scale":0.871299982,"type":"tro_1_2_wallblocker_tall"}
{"ctxid":0,"pos":[-352.35199,-60.3712997,168.822998],"rotationMatrix":[0.861451507,0.507818103,0,-0.507818103,0.861451507,0,0,0,1],"scale":1.18840003,"type":"tro_1_2_wallblocker_tall"}
{"ctxid":0,"pos":[-324.174988,-61.1305008,170.841995],"rotationMatrix":[-0.498180389,-0.8670578,0,0.8670578,-0.498180389,0,0,0,1],"scale":1.07679999,"type":"tro_1_2_wallblocker_tall"}
{"ctxid":0,"pos":[-367.760986,-69.6575012,166.313995],"rotationMatrix":[0.805686235,0.592354655,0,-0.592354655,0.805686235,0,0,0,1],"scale":1.07219994,"type":"tro_1_2_wallblocker_tall"}
{"ctxid":0,"pos":[-374.446991,-95.5037003,162.240997],"rotationMatrix":[-0.852427602,-0.522968173,0,0.522968173,-0.852427602,0,0,0,1],"scale":1.00039995,"type":"tro_1_2_wallblocker_tall"}
{"ctxid":0,"pos":[-361.838013,-87.0522003,166.147003],"rotationMatrix":[-0.739112496,-0.673451483,0,0.673451483,-0.739112496,0,0,0,1],"scale":0.876100004,"type":"tro_1_2_wallblocker_tall"}
{"ctxid":0,"pos":[-348.960999,-77.7996979,169.289001],"rotationMatrix":[-0.786049962,-0.618029952,0,0.618029952,-0.786049962,0,0,0,1],"scale":0.996100008,"type":"tro_1_2_wallblocker_tall"}
{"ctxid":0,"pos":[-335.036987,-70.1819992,169.979004],"rotationMatrix":[-0.962576628,-0.271424383,0,0.271424383,-0.962576628,0,0,0,1],"scale":0.881399989,"type":"tro_1_2_wallblocker_tall"}
{"ctxid":0,"pos":[-318.583008,-118.790001,157.537994],"rotationMatrix":[0.992484629,0.122367054,0,-0.122367054,0.992484629,0,0,0,1],"scale":1.05569994,"type":"tro_1_2_wallblocker_tall"}
{"ctxid":0,"pos":[-334.859985,-121.373001,156.406998],"rotationMatrix":[0.998552799,0.0537784807,0,-0.0537784807,0.998552799,0,0,0,1],"scale":0.905900002,"type":"tro_1_2_wallblocker_tall"}
{"ctxid":0,"pos":[-266.636993,-167.184006,144.949997],"rotationMatrix":[0.998498499,0.0547780804,0,-0.0547780804,0.998498499,0,0,0,1],"scale":1.04139996,"type":"tro_1_2_wallblocker_tall"}
{"ctxid":0,"pos":[-283.419006,-171.143997,146.498001],"rotationMatrix":[0.952259481,0.305291981,0,-0.305291981,0.952259481,0,0,0,1],"scale":1.1487,"type":"tro_1_2_wallblocker_tall"}
{"ctxid":0,"pos":[-300.82901,-173.992996,146.595001],"rotationMatrix":[0.996319175,-0.0857227817,0,0.0857227817,0.996319175,0,0,0,1],"scale":1.10969996,"type":"tro_1_2_wallblocker_tall"}
{"ctxid":0,"pos":[-302.834015,-168.653,146.570007],"rotationMatrix":[-0.897741556,-0.440682828,0,0.440682828,-0.897741556,0,0,0,1],"scale":1.14970005,"type":"tro_1_2_wallblocker_tall"}
{"ctxid":0,"pos":[-286.132996,-161.410995,149.464005],"rotationMatrix":[-0.935331345,-0.353541762,0,0.353541762,-0.935331345,0,0,0,1],"scale":1.13129997,"type":"tro_1_2_wallblocker_tall"}
{"ctxid":0,"pos":[-271.117004,-153.748993,149.173996],"rotationMatrix":[-0.870951653,-0.491337597,0,0.491337597,-0.870951653,0,0,0,1],"scale":0.882499993,"type":"tro_1_2_wallblocker_tall"}
{"ctxid":0,"pos":[-260.019989,-147.393997,149.294006],"rotationMatrix":[-0.843584061,-0.536887884,0,0.536887884,-0.843584061,0,0,0,1],"scale":1.12489998,"type":"tro_1_2_wallblocker_tall"}
{"ctxid":0,"pos":[-265.889008,-127.603996,150.542007],"rotationMatrix":[0.548939943,0.835824013,0,-0.835824013,0.548939943,0,0,0,1],"scale":1.05900002,"type":"tro_1_2_wallblocker_tall"}
{"ctxid":0,"pos":[-277.842987,-141.472,149.983994],"rotationMatrix":[0.759043217,0.651020706,0,-0.651020706,0.759043217,0,0,0,1],"scale":1.17560005,"type":"tro_1_2_wallblocker_tall"}
{"ctxid":0,"pos":[-290.596985,-150.533997,149.095993],"rotationMatrix":[0.927724004,0.373280376,0,-0.373280376,0.927724004,0,0,0,1],"scale":0.802999973,"type":"tro_1_2_wallblocker_tall"}
{"ctxid":0,"pos":[-304.493011,-155.936005,147.895004],"rotationMatrix":[0.916604698,0.399782777,0,-0.399782777,0.916604698,0,0,0,1],"scale":0.950999975,"type":"tro_1_2_wallblocker_tall"}
{"ctxid":0,"pos":[-309.450989,-187.317001,147.143997],"rotationMatrix":[-1,-0.00480000023,0,0.00480000023,-1,0,0,0,1],"scale":1.05359995,"type":"tro_1_2_wallblocker_tall"}
{"ctxid":0,"pos":[-290.929993,-186.895996,146.102005],"rotationMatrix":[-1,-0.00260000001,0,0.00260000001,-1,0,0,0,1],"scale":1.17149997,"type":"tro_1_2_wallblocker_tall"}
{"ctxid":0,"pos":[-281.773987,-127.422997,157.727005],"rotationMatrix":[-0.717699766,-0.696212292,3.08379531e-05,0.670952797,-0.691670418,-0.266874313,0.185833067,-0.191541016,0.963729203],"scale":0.931500018,"type":"tro_1_2_wallblocker_tall"}
{"ctxid":0,"pos":[-295.02301,-138.569,155.164993],"rotationMatrix":[-0.943209052,-0.331983775,0,0.331983775,-0.943209052,0,0,0,1],"scale":1.18280005,"type":"tro_1_2_wallblocker_tall"}
{"ctxid":0,"pos":[-310.829987,-144.804993,156.671005],"rotationMatrix":[-0.945969939,-0.324328303,0,0.324328303,-0.945969939,0,0,0,1],"scale":0.941399992,"type":"tro_1_2_wallblocker_tall"}
{"ctxid":0,"pos":[-275.71701,-192.335007,142.214996],"rotationMatrix":[-0.679944396,0.733200014,0,-0.733200014,-0.679944396,0,0,0,1],"scale":1.08669996,"type":"tro_1_2_wallblocker_tall"}
{"ctxid":0,"pos":[-267.54599,-206.690994,134.250793],"rotationMatrix":[-0.202177644,0.94650805,0.251308084,-0.979296088,-0.194484591,-0.0553575605,-0.00351143628,-0.2573089,0.966321468],"scale":1.19550002,"type":"tro_1_2_wallblocker_tall"}
{"ctxid":0,"pos":[-260.865997,-219.931,132.632614],"rotationMatrix":[-0.819850326,0.572530746,0,-0.572530746,-0.819850326,0,0,0,1],"scale":0.984600008,"type":"tro_1_2_wallblocker_tall"}
{"ctxid":0,"pos":[-250.210007,-222.481995,132.320496],"rotationMatrix":[-0.951892853,-0.306051433,0,0.306051433,-0.951892853,0,0,0,1],"scale":0.869199991,"type":"tro_1_2_wallblocker_tall"}
{"ctxid":0,"pos":[-302.962006,-234.100006,132.157349],"rotationMatrix":[0.998375475,-0.0569772013,0,0.0569772013,0.998375475,0,0,0,1],"scale":0.601199985,"type":"tro_1_2_wallblocker_tall"}
{"ctxid":0,"pos":[-283.559998,-226.908997,132.16687],"rotationMatrix":[-0.203420877,0.979088485,0,-0.979088485,-0.203420877,0,0,0,1],"scale":0.838999987,"type":"tro_1_2_wallblocker_tall"}
{"ctxid":0,"pos":[-293.009003,-221.988007,136.221863],"rotationMatrix":[-0.950338364,-0.259747148,0.171077862,0.258492887,-0.965485334,-0.0299650393,0.172967151,0.01574504,0.984801233],"scale":0.891099989,"type":"tro_1_2_wallblocker_tall"}
{"ctxid":0,"pos":[-306.598999,-223.820007,136.292007],"rotationMatrix":[-0.994403958,-0.106850199,0,0.106850199,-0.994403958,0,0,0,1],"scale":1.08840001,"type":"tro_1_2_wallblocker_tall"}
{"ctxid":0,"pos":[-320.544006,-162.554001,148.375],"rotationMatrix":[0.972808897,0.231614247,0,-0.231614247,0.972808897,0,0,0,1],"scale":1.17560005,"type":"tro_1_2_wallblocker_tall"}
{"ctxid":0,"pos":[-336.850006,-168.5,149.858994],"rotationMatrix":[0.943552017,0.331228793,0,-0.331228793,0.943552017,0,0,0,1],"scale":0.828499973,"type":"tro_1_2_wallblocker_tall"}
{"ctxid":0,"pos":[-349.872986,-168.091003,149.498001],"rotationMatrix":[0.89946872,-0.436965793,0,0.436965793,0.89946872,0,0,0,1],"scale":0.820299983,"type":"tro_1_2_wallblocker_tall"}
{"ctxid":0,"pos":[-322.487,-142.397995,157.123993],"rotationMatrix":[-0.759688139,0.650409222,0,-0.650409222,-0.759688139,0,0,0,1],"scale":0.821699977,"type":"tro_1_2_wallblocker_tall"}
{"ctxid":0,"pos":[-334.201996,-141.733994,155.593994],"rotationMatrix":[-0.914924502,-0.403337717,0,0.403337717,-0.914924502,0,0,0,1],"scale":0.887000024,"type":"tro_1_2_wallblocker_tall"}
{"ctxid":0,"pos":[-343.252014,-150.789001,154.977997],"rotationMatrix":[-0.404487967,-0.914425611,0,0.914425611,-0.404487967,0,0,0,1],"scale":0.815800011,"type":"tro_1_2_wallblocker_tall"}
{"ctxid":0,"pos":[-354.061005,-158.936996,153.330002],"rotationMatrix":[-0.958220482,-0.285569698,0,0.285569698,-0.958220482,0,0,0,1],"scale":0.945100009,"type":"tro_1_2_wallblocker_tall"}
{"ctxid":0,"pos":[-348.626007,-125.751999,154.632004],"rotationMatrix":[0.924805582,0.380431801,0,-0.380431801,0.924805582,0,0,0,1],"scale":0.942399979,"type":"tro_1_2_wallblocker_tall"}
{"ctxid":0,"pos":[-360.994995,-134.589005,153.399002],"rotationMatrix":[0.787187099,0.616713703,0,-0.616713703,0.787187099,0,0,0,1],"scale":0.926800013,"type":"tro_1_2_wallblocker_tall"}
{"ctxid":0,"pos":[-374.074005,-144.309998,153.587006],"rotationMatrix":[0.857528806,0.514423072,0,-0.514423072,0.857528806,0,0,0,1],"scale":0.993099988,"type":"tro_1_2_wallblocker_tall"}
{"ctxid":0,"pos":[-327.290009,-188.460999,147.477005],"rotationMatrix":[-1,-0.00639999984,0,0.00639999984,-1,0,0,0,1],"scale":1.13549995,"type":"tro_1_2_wallblocker_tall"}
{"ctxid":0,"pos":[-339.307007,-196.328003,147.667999],"rotationMatrix":[-0.519721746,-0.854440331,0,0.854440331,-0.519721746,0,0,0,1],"scale":1.07560003,"type":"tro_1_2_wallblocker_tall"}
{"ctxid":0,"pos":[-373.431,-239.046997,135.395004],"rotationMatrix":[0.779153407,0.626850724,0,-0.626850724,0.779153407,0,0,0,1],"scale":0.840399981,"type":"tro_1_2_wallblocker_tall"}
{"ctxid":0,"pos":[-360.875,-236.203995,134.886993],"rotationMatrix":[0.979273498,-0.202541277,0,0.202541277,0.979273498,0,0,0,1],"scale":0.835200012,"type":"tro_1_2_wallblocker_tall"}
{"ctxid":0,"pos":[-347.527008,-236.182007,133.850006],"rotationMatrix":[0.999994874,0.00319999992,0,-0.00319999992,0.999994874,0,0,0,1],"scale":0.866599977,"type":"tro_1_2_wallblocker_tall"}
{"ctxid":0,"pos":[-332.428009,-234.987,134.371994],"rotationMatrix":[0.997835159,0.0657671019,0,-0.0657671019,0.997835159,0,0,0,1],"scale":1.04260004,"type":"tro_1_2_wallblocker_tall"}
{"ctxid":0,"pos":[-315.657013,-233.914001,132.451004],"rotationMatrix":[0.998876631,0.047385782,0,-0.047385782,0.998876631,0,0,0,1],"scale":0.987999976,"type":"tro_1_2_wallblocker_tall"}
{"ctxid":0,"pos":[-341.570007,-207.389999,146.509995],"rotationMatrix":[0.480411828,-0.876989841,0,0.876989841,0.480411828,0,0,0,1],"scale":0.548300028,"type":"tro_1_2_wallblocker_tall"}
{"ctxid":0,"pos":[-426.575012,-14.9626999,204.858002],"rotationMatrix":[-0.690960526,0.723094821,0,-0.723094821,-0.690960526,0,0,0,1],"scale":0.9005,"type":"tro_1_2_wallblocker_tall"}
{"ctxid":0,"pos":[-434.07901,-4.61229992,206.572998],"rotationMatrix":[-0.360260129,0.932900608,0,-0.932900608,-0.360260129,0,0,0,1],"scale":1.1487,"type":"tro_1_2_wallblocker_tall"}
{"ctxid":0,"pos":[-414.35199,-22.0342007,202.744003],"rotationMatrix":[-0.943613052,0.327106059,0.048423484,-0.330575109,-0.929646015,-0.161954045,-0.00795684196,-0.168850929,0.985608518],"scale":1.01699996,"type":"tro_1_2_wallblocker_tall"}
{"ctxid":0,"pos":[-415.016998,-113.250999,161.770004],"rotationMatrix":[0.688423872,0.725300729,0,-0.725300729,0.688423872,0,0,0,1],"scale":0.94660002,"type":"tro_1_2_wallblocker_tall"}
{"ctxid":0,"pos":[-406.044006,-101.127998,162.328995],"rotationMatrix":[0.668213427,0.743974149,0,-0.743974149,0.668213427,0,0,0,1],"scale":0.833800018,"type":"tro_1_2_wallblocker_tall"}
{"ctxid":0,"pos":[-395.760986,-88.7006989,164.154999],"rotationMatrix":[0.622419477,0.782708287,0,-0.782708287,0.622419477,0,0,0,1],"scale":1.04159999,"type":"tro_1_2_wallblocker_tall"}
{"ctxid":0,"pos":[-382.162994,-78.218399,163.559998],"rotationMatrix":[0.932508647,0.361154169,0,-0.361154169,0.932508647,0,0,0,1],"scale":1.10010004,"type":"tro_1_2_wallblocker_tall"}
{"ctxid":0,"pos":[-384.765015,-122.907997,156.494003],"rotationMatrix":[-0.0813322067,-0.996625602,0,0.996625602,-0.0813322067,0,0,0,1],"scale":0.925100029,"type":"tro_1_2_wallblocker_tall"}
{"ctxid":0,"pos":[-383.152008,-107.808998,159.917007],"rotationMatrix":[-0.182414293,-0.983269274,0,0.983269274,-0.182414293,0,0,0,1],"scale":0.984899998,"type":"tro_1_2_wallblocker_tall"}
{"ctxid":0,"pos":[-383.348999,-140.233994,153.082993],"rotationMatrix":[0.23070395,-0.972969711,0,0.972969711,0.23070395,0,0,0,1],"scale":1.12899995,"type":"tro_1_2_wallblocker_tall"}
{"ctxid":0,"pos":[-395.229004,-170.722,151.994003],"rotationMatrix":[-0.623241663,0.78198117,0,-0.78198117,-0.623241663,0,0,0,1],"scale":1.0424,"type":"tro_1_2_wallblocker_tall"}
{"ctxid":0,"pos":[-405.194,-156.669998,152.947998],"rotationMatrix":[-0.445339918,0.895325303,0,-0.895325303,-0.445339918,0,0,0,1],"scale":1.00650001,"type":"tro_1_2_wallblocker_tall"}
{"ctxid":0,"pos":[-411.604004,-142.834,155.145996],"rotationMatrix":[-0.378131986,0.925727546,0,-0.925727546,-0.378131986,0,0,0,1],"scale":0.846599996,"type":"tro_1_2_wallblocker_tall"}
{"ctxid":0,"pos":[-418.597992,-128.007004,156.705002],"rotationMatrix":[-0.279040217,0.960279763,0,-0.960279763,-0.279040217,0,0,0,1],"scale":1.11819994,"type":"tro_1_2_wallblocker_tall"}
{"ctxid":0,"pos":[-401.039001,-238.718994,135.419998],"rotationMatrix":[0.952836215,-0.30347243,3.05846334e-06,0.301388055,0.946293414,0.116984516,-0.03550734,-0.111465722,0.993133187],"scale":0.897599995,"type":"tro_1_2_wallblocker_tall"}
{"ctxid":0,"pos":[-386.501007,-241.921997,134.992004],"rotationMatrix":[0.973687828,-0.227885947,0,0.227885947,0.973687828,0,0,0,1],"scale":0.989300013,"type":"tro_1_2_wallblocker_tall"}
{"ctxid":0,"pos":[-494.028992,-238.026001,144.070999],"rotationMatrix":[0.664472461,-0.747342229,-2.91615725e-05,0.733587265,0.652248919,-0.190962717,0.142724156,0.126872286,0.981598496],"scale":0.868099988,"type":"tro_1_2_wallblocker_tall"}
{"ctxid":0,"pos":[-483.213013,-249.865997,143.003006],"rotationMatrix":[0.644785106,-0.764337063,0.000126902014,0.761897683,0.642714202,-0.0799318179,0.0610168166,0.0516339019,0.996800125],"scale":1.08819997,"type":"tro_1_2_wallblocker_tall"}
{"ctxid":0,"pos":[-386.319,-228.113998,146.294006],"rotationMatrix":[0.989718199,-0.143027157,0,0.143027157,0.989718199,0,0,0,1],"scale":1.2234,"type":"tro_1_2_wallblocker_tall"}
{"ctxid":0,"pos":[-305.648987,-255.246994,131.981842],"rotationMatrix":[-1,0.0165999997,0,-0.0165999997,-1,0,0,0,1],"scale":0.842999995,"type":"tro_1_2_wallblocker_tall"}
{"ctxid":0,"pos":[-298.231995,-262.828003,133.768341],"rotationMatrix":[-0.00451135635,0.999975741,0,-0.999975741,-0.00451135635,0,0,0,1],"scale":0.951699972,"type":"tro_1_2_wallblocker_tall"}
{"ctxid":0,"pos":[-299.842987,-279.184998,132.492783],"rotationMatrix":[0.206200004,0.978515983,0,-0.978515983,0.206200004,0,0,0,1],"scale":0.919399977,"type":"tro_1_2_wallblocker_tall"}
{"ctxid":0,"pos":[-268.376007,-281.994995,132.745346],"rotationMatrix":[0.927571833,0.373635024,0,-0.373635024,0.927571833,0,0,0,1],"scale":0.76639998,"type":"tro_1_2_wallblocker_tall"}
{"ctxid":0,"pos":[-356.565002,-258.256989,134.955002],"rotationMatrix":[-0.99520278,-0.0988812,0,0.0988812,-0.99520278,0,0,0,1],"scale":1.14810002,"type":"tro_1_2_wallblocker_tall"}
{"ctxid":0,"pos":[-338.217987,-256.759003,132.826004],"rotationMatrix":[-1,0.00620000018,0,-0.00620000018,-1,0,0,0,1],"scale":1.08500004,"type":"tro_1_2_wallblocker_tall"}
{"ctxid":0,"pos":[-319.855988,-256.053009,133.720352],"rotationMatrix":[-0.99200809,-0.127145201,0,0.127145201,-0.99200809,0,0,0,1],"scale":1.1408,"type":"tro_1_2_wallblocker_tall"}
{"ctxid":0,"pos":[-313.756989,-330.847992,132.660812],"rotationMatrix":[0.276395559,0.961076677,0,-0.961076677,0.276395559,0,0,0,1],"scale":1.05910003,"type":"tro_1_2_wallblocker_tall"}
{"ctxid":0,"pos":[-323.760986,-344.213013,128.994995],"rotationMatrix":[0.849189699,0.528110743,0,-0.528110743,0.849189699,0,0,0,1],"scale":1.18780005,"type":"tro_1_2_wallblocker_tall"}
{"ctxid":0,"pos":[-339.614014,-355.252014,132.100006],"rotationMatrix":[0.865734398,0.500529349,0,-0.500529349,0.865734398,0,0,0,1],"scale":1.14119995,"type":"tro_1_2_wallblocker_tall"}
{"ctxid":0,"pos":[-428.669006,-270.127991,139.977997],"rotationMatrix":[-0.978060484,0.208646104,0,-0.208646104,-0.978060484,0,0,0,1],"scale":0.882799983,"type":"tro_1_2_wallblocker_tall"}
{"ctxid":0,"pos":[-403.703003,-273.88501,136.384003],"rotationMatrix":[-0.103010535,-0.967712939,0.229709059,0.994304121,-0.105851889,-3.76403332e-05,0.0243693516,0.228412762,0.973257422],"scale":1.07019997,"type":"tro_1_2_wallblocker_tall"}
{"ctxid":0,"pos":[-393.819,-262.252991,134.811005],"rotationMatrix":[-0.998000383,-0.0621688962,0,0.0621688962,-0.998000383,0,0,0,1],"scale":1.06050003,"type":"tro_1_2_wallblocker_tall"}
{"ctxid":0,"pos":[-375.973999,-260.533997,134.735001],"rotationMatrix":[-0.990810513,-0.134889036,0,0.134889036,-0.990810513,0,0,0,1],"scale":1.12049997,"type":"tro_1_2_wallblocker_tall"}
{"ctxid":0,"pos":[-471.151001,-264.416992,141.587006],"rotationMatrix":[0.632475793,-0.774572909,-0.000103361905,0.760352314,0.620889723,-0.190653637,0.147741556,0.120504156,0.981657088],"scale":1.1444,"type":"tro_1_2_wallblocker_tall"}
{"ctxid":0,"pos":[-413.755005,-274.925995,140.610001],"rotationMatrix":[-0.982836962,0.184403643,0,-0.184403643,-0.982836962,0,0,0,1],"scale":0.940299988,"type":"tro_1_2_wallblocker_tall"}
{"ctxid":0,"pos":[-248.992996,-718.101013,162.261993],"rotationMatrix":[-0.0247392654,-0.999686241,0,0.999686241,-0.0247392654,0,0,0,1],"scale":1.13399994,"type":"tro_1_2_wallblocker_tall"}
{"ctxid":0,"pos":[-244.056,-723.453979,161.143005],"rotationMatrix":[0.0202800632,-0.999877095,0,0.999877095,0.0202800632,0,0,0,1],"scale":1.36430001,"type":"tro_1_2_wallblocker_tall"}
{"ctxid":0,"pos":[-243.151993,-704.611023,159.820999],"rotationMatrix":[0.167433858,0.985865593,0,-0.985865593,0.167433858,0,0,0,1],"scale":0.968800008,"type":"tro_1_2_wallblocker_tall"}
{"ctxid":0,"pos":[-245.559998,-702.684998,159.253006],"rotationMatrix":[-0.129152894,-0.989440978,-0.0653849989,0.963562906,-0.109658957,-0.243867695,0.234126434,-0.0945064127,0.96760112],"scale":0.847800016,"type":"tro_1_2_wallblocker_tall"}
{"ctxid":0,"pos":[-10.6452999,-818.098999,129.537003],"rotationMatrix":[-0.917273521,-0.397906244,0,0.397906244,-0.917273521,0,0,0,1],"scale":1.04209995,"type":"tro_1_2_wallblocker_tall"}
{"ctxid":0,"pos":[-24.5513,-821.013977,129.908005],"rotationMatrix":[-0.971303701,-0.238669127,0,0.238669127,-0.971303701,0,0,0,1],"scale":0.876100004,"type":"tro_1_2_wallblocker_tall"}
{"ctxid":0,"pos":[-35.596199,-828.15802,129.813995],"rotationMatrix":[-0.760063171,-0.64972806,0,0.64972806,-0.760063171,0,0,0,1],"scale":0.987100005,"type":"tro_1_2_wallblocker_tall"}
{"ctxid":0,"pos":[-44.6870995,-838.572021,129.697998],"rotationMatrix":[-0.582420588,-0.812825143,0,0.812825143,-0.582420588,0,0,0,1],"scale":0.862600029,"type":"tro_1_2_wallblocker_tall"}
{"ctxid":0,"pos":[-51.1255989,-849.288025,128.472],"rotationMatrix":[-0.426022649,-0.904690206,0,0.904690206,-0.426022649,0,0,0,1],"scale":0.859700024,"type":"tro_1_2_wallblocker_tall"}
{"ctxid":0,"pos":[-56.6832008,-862.005981,127.841003],"rotationMatrix":[-0.29347527,-0.955872059,0,0.955872059,-0.29347527,0,0,0,1],"scale":0.919099987,"type":"tro_1_2_wallblocker_tall"}
{"ctxid":0,"pos":[-62.1328011,-874.812988,127.466003],"rotationMatrix":[-0.531949997,-0.846843481,0,0.846843481,-0.531949997,0,0,0,1],"scale":0.878799975,"type":"tro_1_2_wallblocker_tall"}
{"ctxid":0,"pos":[-92.6951981,-809.450012,128.686996],"rotationMatrix":[0.219000041,0.975718856,0,-0.975718856,0.219000041,0,0,0,1],"scale":1.0747,"type":"tro_1_2_wallblocker_tall"}
{"ctxid":0,"pos":[-98.3613968,-798.723999,130.311996],"rotationMatrix":[-0.957824826,0.287717521,0,-0.287717521,-0.957824826,0,0,0,1],"scale":0.947399974,"type":"tro_1_2_wallblocker_tall"}
{"ctxid":0,"pos":[-110.916,-800.008972,131.75],"rotationMatrix":[-0.912576914,-0.408957779,0,0.408957779,-0.912576914,0,0,0,1],"scale":0.821200013,"type":"tro_1_2_wallblocker_tall"}
{"ctxid":0,"pos":[-122.241997,-810.263977,132.167999],"rotationMatrix":[-0.600076318,-0.799943268,-8.3681196e-05,0.793704808,-0.595383525,-0.124707401,0.0997090042,-0.0749003291,0.99219358],"scale":1.11790001,"type":"tro_1_2_wallblocker_tall"}
{"ctxid":0,"pos":[-102.820999,-873.817017,126.918999],"rotationMatrix":[-0.122601271,0.992390275,0,-0.992390275,-0.122601271,0,0,0,1],"scale":0.997600019,"type":"tro_1_2_wallblocker_tall"}
{"ctxid":0,"pos":[-107.158997,-857.359985,126.903],"rotationMatrix":[-0.297660351,0.954517424,0,-0.954517424,-0.297660351,0,0,0,1],"scale":1.1092,"type":"tro_1_2_wallblocker_tall"}
{"ctxid":0,"pos":[-104.323997,-842.916992,127.331001],"rotationMatrix":[0.679039299,0.734139562,0,-0.734139562,0.679039299,0,0,0,1],"scale":0.986999989,"type":"tro_1_2_wallblocker_tall"}
{"ctxid":0,"pos":[-97.097702,-828.294006,127.980003],"rotationMatrix":[0.229959428,0.973192275,0,-0.973192275,0.229959428,0,0,0,1],"scale":1.13989997,"type":"tro_1_2_wallblocker_tall"}
{"ctxid":0,"pos":[-4.84870005,-902.929016,168.048996],"rotationMatrix":[0.318279505,-0.930828691,0.179753348,0.94624269,0.323542178,-4.44352627e-05,-0.0581213497,0.17009756,0.983712375],"scale":1.05509996,"type":"tro_1_2_wallblocker_tall"}
{"ctxid":0,"pos":[-8.47999954,-887.997009,166.231506],"rotationMatrix":[-0.0670577288,-0.980716884,0.184017658,0.997753918,-0.0682070255,7.62417912e-05,0.0124613568,0.18359524,0.982924283],"scale":0.848200023,"type":"tro_1_2_wallblocker_tall"}
{"ctxid":0,"pos":[-3.98329997,-875.286011,162.898788],"rotationMatrix":[-0.616761684,-0.787072122,0,0.787072122,-0.616761684,0,0,0,1],"scale":0.895799994,"type":"tro_1_2_wallblocker_tall"}
{"ctxid":0,"pos":[-119.241997,-916.263977,127.639],"rotationMatrix":[-0.244726419,0.96955812,0,-0.96955812,-0.244726419,0,0,0,1],"scale":1.08029997,"type":"tro_1_2_wallblocker_tall"}
{"ctxid":0,"pos":[-123.916,-930.856995,127.801003],"rotationMatrix":[0.784175515,0.620536506,0,-0.620536506,0.784175515,0,0,0,1],"scale":1.13919997,"type":"tro_1_2_wallblocker_tall"}
{"ctxid":0,"pos":[-116.024002,-900.809021,130.072998],"rotationMatrix":[0.447909713,0.8941257,0,-0.8941257,0.447909713,0,0,0,1],"scale":0.937699974,"type":"tro_1_2_wallblocker_tall"}
{"ctxid":0,"pos":[-107.422997,-887.607971,127.774002],"rotationMatrix":[0.701080918,0.713122308,0,-0.713122308,0.701080918,0,0,0,1],"scale":1.14059997,"type":"tro_1_2_wallblocker_tall"}
{"ctxid":0,"pos":[-67.2217026,-887.565979,127.483002],"rotationMatrix":[-0.364551902,-0.931067169,0,0.931067169,-0.364551902,0,0,0,1],"scale":1.01810002,"type":"tro_1_2_wallblocker_tall"}
{"ctxid":0,"pos":[-68.6418991,-900.875,126.885002],"rotationMatrix":[0.183358014,-0.983037651,0,0.983037651,0.183358014,0,0,0,1],"scale":0.853100002,"type":"tro_1_2_wallblocker_tall"}
{"ctxid":0,"pos":[-66.9722977,-916.179993,128.510559],"rotationMatrix":[0.04282552,-0.999097586,0,0.999097586,0.04282552,0,0,0,1],"scale":1.05159998,"type":"tro_1_2_wallblocker_tall"}
{"ctxid":0,"pos":[-62.0124016,-929.471985,129.360931],"rotationMatrix":[0.419110954,-0.907960057,-0.000101797283,0.905061841,0.417764127,0.0798860863,-0.0724880025,-0.0335750803,0.996804118],"scale":0.822700024,"type":"tro_1_2_wallblocker_tall"}
{"ctxid":0,"pos":[-175.132996,-801.5,149.945007],"rotationMatrix":[-0.246936321,-0.96899718,0,0.96899718,-0.246936321,0,0,0,1],"scale":1.1997,"type":"tro_1_2_wallblocker_tall"}
{"ctxid":0,"pos":[-178.602005,-819.375977,149.740005],"rotationMatrix":[-0.150947928,-0.988607526,0,0.988607526,-0.150947928,0,0,0,1],"scale":1.02020001,"type":"tro_1_2_wallblocker_tall"}
{"ctxid":0,"pos":[-127.511002,-825.280029,134.949005],"rotationMatrix":[-0.00253021717,-1.00008595,-2.18600035e-05,0.945657194,-0.00239026546,-0.325430691,0.325429678,-0.000815078616,0.945571005],"scale":0.9903,"type":"tro_1_2_wallblocker_tall"}
{"ctxid":0,"pos":[-128.817001,-841.820007,140.630997],"rotationMatrix":[-0.54809618,-0.836513877,0,0.836513877,-0.54809618,0,0,0,1],"scale":1.05610001,"type":"tro_1_2_wallblocker_tall"}
{"ctxid":0,"pos":[-131.882004,-855.218994,144.188995],"rotationMatrix":[0.101395786,-0.994859278,0,0.994859278,0.101395786,0,0,0,1],"scale":0.850600004,"type":"tro_1_2_wallblocker_tall"}
{"ctxid":0,"pos":[-132.395004,-868.497009,144.738998],"rotationMatrix":[-0.329428196,-0.944280446,0,0.944280446,-0.329428196,0,0,0,1],"scale":0.837199986,"type":"tro_1_2_wallblocker_tall"}
{"ctxid":0,"pos":[-241.593994,-795.453979,149.759995],"rotationMatrix":[0.295040667,0.955500782,0,-0.955500782,0.295040667,0,0,0,1],"scale":1.01789999,"type":"tro_1_2_wallblocker_tall"}
{"ctxid":0,"pos":[-243.619995,-812.190002,151.100998],"rotationMatrix":[-0.147915602,0.988971055,0,-0.988971055,-0.147915602,0,0,0,1],"scale":1.18420005,"type":"tro_1_2_wallblocker_tall"}
{"ctxid":0,"pos":[-237.322998,-778.958984,148.703003],"rotationMatrix":[0.130646944,0.991455436,0,-0.991455436,0.130646944,0,0,0,1],"scale":1.07749999,"type":"tro_1_2_wallblocker_tall"}
{"ctxid":0,"pos":[-236.018997,-825.155029,152.078003],"rotationMatrix":[-0.825523376,0.564371407,3.36207449e-05,-0.551688612,-0.806959271,-0.210855618,-0.118973628,-0.17408438,0.977517247],"scale":0.874300003,"type":"tro_1_2_wallblocker_tall"}
{"ctxid":0,"pos":[-222.334,-833.39801,152.343994],"rotationMatrix":[-0.869988084,0.493125588,-5.89583069e-05,-0.489346236,-0.863335252,-0.123468161,-0.0609353557,-0.107383758,0.992348611],"scale":1.12730002,"type":"tro_1_2_wallblocker_tall"}
{"ctxid":0,"pos":[-204.602997,-837.119995,151.576996],"rotationMatrix":[-0.999599934,-0.0327967182,0,0.0327967182,-0.999599934,0,0,0,1],"scale":1.15540004,"type":"tro_1_2_wallblocker_tall"}
{"ctxid":0,"pos":[-187.966995,-832.096008,150.330994],"rotationMatrix":[-0.862064123,-0.506958425,0,0.506958425,-0.862064123,0,0,0,1],"scale":1.07710004,"type":"tro_1_2_wallblocker_tall"}
{"ctxid":0,"pos":[-218.378998,-874.731018,156.205002],"rotationMatrix":[0.981606364,-0.190917715,0,0.190917715,0.981606364,0,0,0,1],"scale":1.16760004,"type":"tro_1_2_wallblocker_tall"}
{"ctxid":0,"pos":[-235.703003,-871.330017,157.360001],"rotationMatrix":[0.968699992,-0.248223424,0,0.248223424,0.968699992,0,0,0,1],"scale":0.951499999,"type":"tro_1_2_wallblocker_tall"}
{"ctxid":0,"pos":[-184.733002,-884.716003,151.604004],"rotationMatrix":[0.990860462,-0.134889036,0,0.134889036,0.990860462,0,0,0,1],"scale":1.12080002,"type":"tro_1_2_wallblocker_tall"}
{"ctxid":0,"pos":[-201.503006,-879.973999,153.397003],"rotationMatrix":[0.881901979,-0.47142002,0,0.47142002,0.881901979,0,0,0,1],"scale":1.11570001,"type":"tro_1_2_wallblocker_tall"}
{"ctxid":0,"pos":[-175.677002,-902.726013,149.679993],"rotationMatrix":[-0.955055237,0.295819044,0,-0.295819044,-0.955055237,0,0,0,1],"scale":1.12119997,"type":"tro_1_2_wallblocker_tall"}
{"ctxid":0,"pos":[-189.901993,-906.68103,148.024002],"rotationMatrix":[-0.690960526,-0.722727001,0,0.722727001,-0.690960526,0,0,0,1],"scale":1.10360003,"type":"tro_1_2_wallblocker_tall"}
{"ctxid":0,"pos":[-311.937012,-607.327026,155.014999],"rotationMatrix":[-0.71980238,-0.694113612,-9.83998179e-05,0.672935486,-0.697804928,-0.245227203,0.170151353,-0.176592484,0.969464779],"scale":1.03820002,"type":"tro_1_2_wallblocker_tall"}
{"ctxid":0,"pos":[-319.481995,-620.869019,153.016998],"rotationMatrix":[-0.357810616,-0.933881342,7.7277422e-05,0.89257437,-0.342011094,-0.294109464,0.274673283,-0.105142578,0.955774546],"scale":1.03079998,"type":"tro_1_2_wallblocker_tall"}
{"ctxid":0,"pos":[-256.881012,-731.752991,165.315002],"rotationMatrix":[-0.891512632,-0.453184992,0,0.453184992,-0.891512632,0,0,0,1],"scale":0.995700002,"type":"tro_1_2_wallblocker_tall"}
{"ctxid":0,"pos":[-302.572998,-866.789001,164.354996],"rotationMatrix":[0.997507095,0.070569545,-8.36800318e-05,-0.0705316216,0.997008562,0.031620238,0.00231463998,-0.0315355174,0.999499977],"scale":1.02339995,"type":"tro_1_2_wallblocker_tall"}
{"ctxid":0,"pos":[-317.666992,-865.984985,164.828003],"rotationMatrix":[0.976063251,-0.217487201,0,0.217487201,0.976063251,0,0,0,1],"scale":0.850600004,"type":"tro_1_2_wallblocker_tall"}
{"ctxid":0,"pos":[-499.675995,-765.518005,185.929779],"rotationMatrix":[-0.406835318,-0.913512051,0,0.913512051,-0.406835318,0,0,0,1],"scale":0.942200005,"type":"tro_1_2_wallblocker_tall"}
