{"ctxid":0,"pos":[-3.5243001,-8.80599976,152.988998],"rotationMatrix":[0.109421432,-0.994010031,0,0.994010031,0.109421432,0,0,0,1],"scale":1.19780004,"type":"tro_tree_2_filler"}
{"ctxid":0,"pos":[-24.0995998,-6.19189978,163.119003],"rotationMatrix":[-0.211501718,-0.977389157,0,0.977389157,-0.211501718,0,0,0,1],"scale":0.893999994,"type":"tro_tree_2_filler"}
{"ctxid":0,"pos":[-17.2208004,-11.9447002,157.382004],"rotationMatrix":[-0.519373059,0.854516625,0,-0.854516625,-0.519373059,0,0,0,1],"scale":1.15750003,"type":"tro_tree_2_filler"}
{"ctxid":0,"pos":[-30.4344006,-20.5105991,156.033005],"rotationMatrix":[0.915127993,0.403183222,0,-0.403183222,0.915127993,0,0,0,1],"scale":0.965799987,"type":"tro_tree_2_filler"}
{"ctxid":0,"pos":[-30.2166996,-32.5940018,154.320999],"rotationMatrix":[0.0149535537,-0.99992466,0,0.99992466,0.0149535537,0,0,0,1],"scale":1.07990003,"type":"tro_tree_2_filler"}
{"ctxid":0,"pos":[-44.9696999,-11.0261002,167.132004],"rotationMatrix":[-0.968931556,0.0157256387,0.247014031,-0.0444967598,-0.992833257,-0.11133258,0.243481562,-0.118859619,0.96259588],"scale":1.10860002,"type":"tro_tree_2_filler"}
{"ctxid":0,"pos":[-40.1987991,-20.5519009,160.709],"rotationMatrix":[0.870561242,-0.492060512,0,0.492060512,0.870561242,0,0,0,1],"scale":1.10239995,"type":"tro_tree_2_filler"}
{"ctxid":0,"pos":[-51.9590988,-20.3313007,171.341995],"rotationMatrix":[-0.357951999,-0.933756828,0,0.933756828,-0.357951999,0,0,0,1],"scale":1.09949994,"type":"tro_tree_2_filler"}
{"ctxid":0,"pos":[-36.2159004,-37.6968994,154.848007],"rotationMatrix":[-0.77661252,-0.629778504,0,0.629778504,-0.77661252,0,0,0,1],"scale":1.13940001,"type":"tro_tree_2_filler"}
{"ctxid":0,"pos":[-46.8757019,-35.6973,163.352005],"rotationMatrix":[-0.61388576,0.789426029,0,-0.789426029,-0.61388576,0,0,0,1],"scale":1.10389996,"type":"tro_tree_2_filler"}
{"ctxid":0,"pos":[-51.618,-48.8745995,166.947998],"rotationMatrix":[0.0910219252,-0.99589479,0,0.99589479,0.0910219252,0,0,0,1],"scale":0.984000027,"type":"tro_tree_2_filler"}
{"ctxid":0,"pos":[-20.7269001,-23.9622993,151.830994],"rotationMatrix":[-0.626486421,0.779335558,0,-0.779335558,-0.626486421,0,0,0,1],"scale":0.84009999,"type":"tro_tree_2_filler"}
{"ctxid":0,"pos":[-13.0955,-15.9181995,153.632996],"rotationMatrix":[0.619393051,0.785032272,7.19130039e-05,-0.72980094,0.575788617,0.3684735,0.289251268,-0.228268296,0.929630637],"scale":1.10739994,"type":"tro_tree_2_filler"}
{"ctxid":0,"pos":[-61.1393013,-42.4827003,172.440994],"rotationMatrix":[0.456909597,-0.889517665,0,0.889517665,0.456909597,0,0,0,1],"scale":1.06570005,"type":"tro_tree_2_filler"}
{"ctxid":0,"pos":[-51.3624992,-115.929001,153.576996],"rotationMatrix":[-0.866698384,0.498894006,0,-0.498894006,-0.866698384,0,0,0,1],"scale":0.784200013,"type":"tro_tree_2_filler"}
{"ctxid":0,"pos":[-6.72739983,-102.360001,142.932007],"rotationMatrix":[-0.411872149,0.91128093,0,-0.91128093,-0.411872149,0,0,0,1],"scale":0.859799981,"type":"tro_tree_2_filler"}
{"ctxid":0,"pos":[-19.0447998,-109.101997,144.776993],"rotationMatrix":[0.986975014,-0.160867378,0,0.160867378,0.986975014,0,0,0,1],"scale":1.12090003,"type":"tro_tree_2_filler"}
{"ctxid":0,"pos":[-34.2682991,-92.8264008,161.679993],"rotationMatrix":[-0.869404435,-0.494034767,0,0.494034767,-0.869404435,0,0,0,1],"scale":0.93900001,"type":"tro_tree_2_filler"}
{"ctxid":0,"pos":[-40.2603989,-77.4469986,163.686996],"rotationMatrix":[0.741231799,-0.671272099,0,0.671272099,0.741231799,0,0,0,1],"scale":0.836399972,"type":"tro_tree_2_filler"}
{"ctxid":0,"pos":[-35.7975998,-63.8754005,160.052994],"rotationMatrix":[-0.376140594,-0.926551521,0,0.926551521,-0.376140594,0,0,0,1],"scale":1.0381,"type":"tro_tree_2_filler"}
{"ctxid":0,"pos":[-11.1827002,-121.482002,132.835175],"rotationMatrix":[0.843535781,-0.53707993,0,0.53707993,0.843535781,0,0,0,1],"scale":1.00479996,"type":"tro_tree_2_filler"}
{"ctxid":0,"pos":[-21.6662998,-123.947998,135.166519],"rotationMatrix":[-0.942026377,0.335824311,0,-0.335824311,-0.942026377,0,0,0,1],"scale":1.08940005,"type":"tro_tree_2_filler"}
{"ctxid":0,"pos":[-52.550499,-62.9011002,170.753006],"rotationMatrix":[0.432035208,-0.901879907,0,0.901879907,0.432035208,0,0,0,1],"scale":1.11459994,"type":"tro_tree_2_filler"}
{"ctxid":0,"pos":[-70.0516968,-24.6040993,170.998993],"rotationMatrix":[0.991021991,-0.133705199,0,0.133705199,0.991021991,0,0,0,1],"scale":1.19729996,"type":"tro_tree_2_filler"}
{"ctxid":0,"pos":[-116.656998,-65.7582016,144.705002],"rotationMatrix":[-0.218672752,-0.975750029,0,0.975750029,-0.218672752,0,0,0,1],"scale":1.00590003,"type":"tro_tree_2_filler"}
{"ctxid":0,"pos":[-99.9637985,-73.5028,147.001999],"rotationMatrix":[0.663800001,-0.747922003,0,0.747922003,0.663800001,0,0,0,1],"scale":0.840200007,"type":"tro_tree_2_filler"}
{"ctxid":0,"pos":[-88.260498,-83.0540009,149.460007],"rotationMatrix":[0.350883842,-0.936358929,0,0.936358929,0.350883842,0,0,0,1],"scale":0.999800026,"type":"tro_tree_2_filler"}
{"ctxid":0,"pos":[-75.0077972,-94.0742035,152.533005],"rotationMatrix":[0.187697411,0.982206821,0,-0.982206821,0.187697411,0,0,0,1],"scale":1.05980003,"type":"tro_tree_2_filler"}
{"ctxid":0,"pos":[-63.8227005,-105.804001,150.854004],"rotationMatrix":[-0.998800278,0.0521843396,0,-0.0521843396,-0.998800278,0,0,0,1],"scale":1.13999999,"type":"tro_tree_2_filler"}
{"ctxid":0,"pos":[-94.2510986,-116.275002,150.503006],"rotationMatrix":[0.576615989,-0.817045569,0,0.817045569,0.576615989,0,0,0,1],"scale":1.06560004,"type":"tro_tree_2_filler"}
{"ctxid":0,"pos":[-111.375,-105.513,144.774002],"rotationMatrix":[-0.881024003,-0.472680509,0,0.472680509,-0.881024003,0,0,0,1],"scale":1.27509999,"type":"tro_tree_2_filler"}
{"ctxid":0,"pos":[-78.5002975,-72.2249985,162.505005],"rotationMatrix":[-0.385113597,-0.922909737,0,0.922909737,-0.385113597,0,0,0,1],"scale":1.13300002,"type":"tro_tree_2_filler"}
{"ctxid":0,"pos":[-90.4138031,-69.7425995,153.906998],"rotationMatrix":[-0.616042376,-0.787616193,0,0.787616193,-0.616042376,0,0,0,1],"scale":1.18079996,"type":"tro_tree_2_filler"}
{"ctxid":0,"pos":[-108.882004,-120.544998,147.348999],"rotationMatrix":[-0.723481894,-0.690098226,0,0.690098226,-0.723481894,0,0,0,1],"scale":1.15400004,"type":"tro_tree_2_filler"}
{"ctxid":0,"pos":[-4.32770014,-215.399002,139.263],"rotationMatrix":[0.496393502,-0.868113995,0,0.868113995,0.496393502,0,0,0,1],"scale":1.01160002,"type":"tro_tree_2_filler"}
{"ctxid":0,"pos":[-17.0278912,-218.717209,138.449417],"rotationMatrix":[0.191008031,0.981602371,0,-0.981602371,0.191008031,0,0,0,1],"scale":1.03760004,"type":"tro_tree_2_filler"}
{"ctxid":0,"pos":[-0.215663373,-225.925934,138.052872],"rotationMatrix":[-1,-0.00300000003,0,0.00300000003,-1,0,0,0,1],"scale":0.975399971,"type":"tro_tree_2_filler"}
{"ctxid":0,"pos":[-18.8943005,-202.026993,141.94075],"rotationMatrix":[-0.953078508,0.302389205,0,-0.302389205,-0.953078508,0,0,0,1],"scale":1.07599998,"type":"tro_tree_2_filler"}
{"ctxid":0,"pos":[-28.4988995,-212.871994,135.743515],"rotationMatrix":[-0.938874364,0.344610006,0,-0.344610006,-0.938874364,0,0,0,1],"scale":0.990999997,"type":"tro_tree_2_filler"}
{"ctxid":0,"pos":[-42.0161018,-219.576996,132.337753],"rotationMatrix":[-0.940055966,0.341366321,0,-0.341366321,-0.940055966,0,0,0,1],"scale":1.02880001,"type":"tro_tree_2_filler"}
{"ctxid":0,"pos":[-77.6425018,-125.855003,153.514008],"rotationMatrix":[0.999783695,0.0207979195,0,-0.0207979195,0.999783695,0,0,0,1],"scale":1.13970006,"type":"tro_tree_2_filler"}
{"ctxid":0,"pos":[-98.7485962,-138.005997,142.535004],"rotationMatrix":[-0.887235999,0.46102643,0,-0.46102643,-0.887235999,0,0,0,1],"scale":1.12360001,"type":"tro_tree_2_filler"}
{"ctxid":0,"pos":[-119.897003,-128.798996,141.800995],"rotationMatrix":[-0.296050072,0.95521301,0,-0.95521301,-0.296050072,0,0,0,1],"scale":0.858099997,"type":"tro_tree_2_filler"}
{"ctxid":0,"pos":[-117.929001,-146.412994,131.973999],"rotationMatrix":[0.953974247,-0.299880564,0,0.299880564,0.953974247,0,0,0,1],"scale":0.913200021,"type":"tro_tree_2_filler"}
{"ctxid":0,"pos":[-102.185997,-153.990997,129.113007],"rotationMatrix":[-0.63515532,-0.772367656,0,0.772367656,-0.63515532,0,0,0,1],"scale":0.949299991,"type":"tro_tree_2_filler"}
{"ctxid":0,"pos":[-116.341248,-162.427704,133.684601],"rotationMatrix":[0.76571697,0.64312768,0,-0.64312768,0.76571697,0,0,0,1],"scale":1.15760005,"type":"tro_tree_2_filler"}
{"ctxid":0,"pos":[-101.455002,-174.442001,132.481628],"rotationMatrix":[-0.548447967,0.836256921,0,-0.836256921,-0.548447967,0,0,0,1],"scale":0.92110002,"type":"tro_tree_2_filler"}
{"ctxid":0,"pos":[-124.693001,-134.722,136.932007],"rotationMatrix":[0.999428809,0.0337966196,0,-0.0337966196,0.999428809,0,0,0,1],"scale":0.850000024,"type":"tro_tree_2_filler"}
{"ctxid":0,"pos":[-89.6688995,-149.223007,136.832993],"rotationMatrix":[-0.644935131,-0.764335334,0,0.764335334,-0.644935131,0,0,0,1],"scale":1.06980002,"type":"tro_tree_2_filler"}
{"ctxid":0,"pos":[-150.960007,-59.5704002,152.264008],"rotationMatrix":[-0.955055237,0.296016783,0,-0.296016783,-0.955055237,0,0,0,1],"scale":0.802900016,"type":"tro_tree_2_filler"}
{"ctxid":0,"pos":[-183.865997,-54.0470009,161.076996],"rotationMatrix":[-0.986024618,-0.166614801,0,0.166614801,-0.986024618,0,0,0,1],"scale":0.952400029,"type":"tro_tree_2_filler"}
{"ctxid":0,"pos":[-176.738998,-44.7540016,161.561996],"rotationMatrix":[-0.958220482,0.28537178,0,-0.28537178,-0.958220482,0,0,0,1],"scale":0.817099988,"type":"tro_tree_2_filler"}
{"ctxid":0,"pos":[-164.759995,-41.2818985,161.509003],"rotationMatrix":[0.70077157,0.713413894,0,-0.713413894,0.70077157,0,0,0,1],"scale":0.805400014,"type":"tro_tree_2_filler"}
{"ctxid":0,"pos":[-151.518005,-35.8418007,163.365997],"rotationMatrix":[0.00115013123,0.999980509,0,-0.999980509,0.00115013123,0,0,0,1],"scale":0.854399979,"type":"tro_tree_2_filler"}
{"ctxid":0,"pos":[-141.067001,-22.6488991,167.768005],"rotationMatrix":[-0.996002078,0.0879120007,0,-0.0879120007,-0.996002078,0,0,0,1],"scale":0.931900024,"type":"tro_tree_2_filler"}
{"ctxid":0,"pos":[-177.910004,-8.92669964,184.298996],"rotationMatrix":[-0.00848400593,-0.999962807,0,0.999962807,-0.00848400593,0,0,0,1],"scale":0.973500013,"type":"tro_tree_2_filler"}
{"ctxid":0,"pos":[-170.955994,-5.98799992,181.729004],"rotationMatrix":[-1,0.0152000003,0,-0.0152000003,-1,0,0,0,1],"scale":0.911300004,"type":"tro_tree_2_filler"}
{"ctxid":0,"pos":[-181.496994,-15.0670004,179.707993],"rotationMatrix":[0.0596310496,0.99824208,0,-0.99824208,0.0596310496,0,0,0,1],"scale":1.06490004,"type":"tro_tree_2_filler"}
{"ctxid":0,"pos":[-186.854004,-22.2940006,178.395004],"rotationMatrix":[-0.143676877,-0.989714563,0,0.989714563,-0.143676877,0,0,0,1],"scale":1.04340005,"type":"tro_tree_2_filler"}
{"ctxid":0,"pos":[-176.451004,-4.36170006,194.005005],"rotationMatrix":[-0.544227481,0.838806987,0,-0.838806987,-0.544227481,0,0,0,1],"scale":1.0309,"type":"tro_tree_2_filler"}
{"ctxid":0,"pos":[-168.294998,-1.97959995,194.412003],"rotationMatrix":[-0.645660877,-0.763596773,0,0.763596773,-0.645660877,0,0,0,1],"scale":0.850700021,"type":"tro_tree_2_filler"}
{"ctxid":0,"pos":[-166.057999,-2.11089993,185.126007],"rotationMatrix":[-0.542119145,-0.840341687,0,0.840341687,-0.542119145,0,0,0,1],"scale":1.1602,"type":"tro_tree_2_filler"}
{"ctxid":0,"pos":[-168.457001,-0.207900003,202.384995],"rotationMatrix":[0.56082809,-0.827922523,0,0.827922523,0.56082809,0,0,0,1],"scale":0.647899985,"type":"tro_tree_2_filler"}
{"ctxid":0,"pos":[-179.147995,-2.64590001,200.619003],"rotationMatrix":[-0.280960202,0.959719777,0,-0.959719777,-0.280960202,0,0,0,1],"scale":0.856100023,"type":"tro_tree_2_filler"}
{"ctxid":0,"pos":[-131.710999,-63.1683006,149.712997],"rotationMatrix":[-0.468555093,-0.883463919,0,0.883463919,-0.468555093,0,0,0,1],"scale":0.871200025,"type":"tro_tree_2_filler"}
{"ctxid":0,"pos":[-128.783005,-97.9558029,147.673996],"rotationMatrix":[0.581570506,-0.813531637,0,0.813531637,0.581570506,0,0,0,1],"scale":1.06099999,"type":"tro_tree_2_filler"}
{"ctxid":0,"pos":[-151.026993,-98.1013031,144.110001],"rotationMatrix":[0.206200004,-0.978515983,0,0.978515983,0.206200004,0,0,0,1],"scale":0.964399993,"type":"tro_tree_2_filler"}
{"ctxid":0,"pos":[-166.895996,-91.0190964,146.181],"rotationMatrix":[0.993861675,-0.110633798,0,0.110633798,0.993861675,0,0,0,1],"scale":0.995500028,"type":"tro_tree_2_filler"}
{"ctxid":0,"pos":[-180.779999,-79.2866974,149.218002],"rotationMatrix":[0.808543324,0.588416934,0,-0.588416934,0.808543324,0,0,0,1],"scale":0.867699981,"type":"tro_tree_2_filler"}
{"ctxid":0,"pos":[-138.363998,-120.885002,142.279999],"rotationMatrix":[-0.881024003,-0.472874463,0,0.472874463,-0.881024003,0,0,0,1],"scale":1.16279995,"type":"tro_tree_2_filler"}
{"ctxid":0,"pos":[-160.552994,-110.779999,139.921005],"rotationMatrix":[-0.66494751,-0.746890664,0,0.746890664,-0.66494751,0,0,0,1],"scale":1.15050006,"type":"tro_tree_2_filler"}
{"ctxid":0,"pos":[-171.404007,-121.365997,137.858002],"rotationMatrix":[0.975931823,-0.218083605,0,0.218083605,0.975931823,0,0,0,1],"scale":1.17840004,"type":"tro_tree_2_filler"}
{"ctxid":0,"pos":[-176.863998,-103.898003,141.710007],"rotationMatrix":[-0.802720785,-0.596602976,0,0.596602976,-0.802720785,0,0,0,1],"scale":0.88380003,"type":"tro_tree_2_filler"}
{"ctxid":0,"pos":[-190.197998,-6.48640013,193.725998],"rotationMatrix":[-0.724967241,0.688723862,0,-0.688723862,-0.724967241,0,0,0,1],"scale":1.09959996,"type":"tro_tree_2_filler"}
{"ctxid":0,"pos":[-241.813004,-42.7769012,171.667999],"rotationMatrix":[0.96733433,0.253504097,0,-0.253504097,0.96733433,0,0,0,1],"scale":0.817399979,"type":"tro_tree_2_filler"}
{"ctxid":0,"pos":[-230.246994,-41.4698982,176.852997],"rotationMatrix":[0.522735476,-0.852530241,0,0.852530241,0.522735476,0,0,0,1],"scale":1.17019999,"type":"tro_tree_2_filler"}
{"ctxid":0,"pos":[-209.378998,-8.52610016,190.959],"rotationMatrix":[0.19481945,0.980810106,0,-0.980810106,0.19481945,0,0,0,1],"scale":0.806800008,"type":"tro_tree_2_filler"}
{"ctxid":0,"pos":[-214.445999,-26.5091991,184.891006],"rotationMatrix":[0.993592858,0.113018878,0,-0.113018878,0.993592858,0,0,0,1],"scale":1.02820003,"type":"tro_tree_2_filler"}
{"ctxid":0,"pos":[-193.343002,-30.6126995,175.787994],"rotationMatrix":[0.146398246,-0.989226818,0,0.989226818,0.146398246,0,0,0,1],"scale":0.880699992,"type":"tro_tree_2_filler"}
{"ctxid":0,"pos":[-200.570007,-36.5505981,174.026001],"rotationMatrix":[0.986486316,-0.163841039,0,0.163841039,0.986486316,0,0,0,1],"scale":0.980599999,"type":"tro_tree_2_filler"}
{"ctxid":0,"pos":[-215.287003,-38.1488991,181.412994],"rotationMatrix":[0.252380073,-0.967601657,0,0.967601657,0.252380073,0,0,0,1],"scale":1.01600003,"type":"tro_tree_2_filler"}
{"ctxid":0,"pos":[-202.225998,-33.0858994,182.285995],"rotationMatrix":[-0.999599934,-0.0205979403,0,0.0205979403,-0.999599934,0,0,0,1],"scale":0.967999995,"type":"tro_tree_2_filler"}
{"ctxid":0,"pos":[-194.231003,-22.9137993,188.475006],"rotationMatrix":[0.58813113,0.808762312,0,-0.808762312,0.58813113,0,0,0,1],"scale":0.933899999,"type":"tro_tree_2_filler"}
{"ctxid":0,"pos":[-188.408005,-12.2075996,189.966995],"rotationMatrix":[-0.978458285,0.206677884,0,-0.206677884,-0.978458285,0,0,0,1],"scale":1.06780005,"type":"tro_tree_2_filler"}
{"ctxid":0,"pos":[-234.339005,-51.5847015,164.865005],"rotationMatrix":[-0.537205696,0.843560696,0,-0.843560696,-0.537205696,0,0,0,1],"scale":0.993200004,"type":"tro_tree_2_filler"}
{"ctxid":0,"pos":[-221.757996,-48.9868011,169.854004],"rotationMatrix":[0.529549956,0.848264992,0,-0.848264992,0.529549956,0,0,0,1],"scale":0.901300013,"type":"tro_tree_2_filler"}
{"ctxid":0,"pos":[-213.401993,-43.2360992,173.899994],"rotationMatrix":[-0.597399354,-0.80182761,0,0.80182761,-0.597399354,0,0,0,1],"scale":0.923799992,"type":"tro_tree_2_filler"}
{"ctxid":0,"pos":[-205.119995,-118.630997,142.651993],"rotationMatrix":[0.971868098,-0.235515893,0,0.235515893,0.971868098,0,0,0,1],"scale":0.906199992,"type":"tro_tree_2_filler"}
{"ctxid":0,"pos":[-237.337997,-93.082901,153.632004],"rotationMatrix":[0.885534942,-0.382594079,-0.263541877,0.396603614,0.917991817,-4.39994037e-05,0.241946563,-0.104480565,0.964648724],"scale":1.04920006,"type":"tro_tree_2_filler"}
{"ctxid":0,"pos":[-197.613007,-80.8231964,147.923004],"rotationMatrix":[-0.686549664,-0.726926267,0,0.726926267,-0.686549664,0,0,0,1],"scale":0.97240001,"type":"tro_tree_2_filler"}
{"ctxid":0,"pos":[-200.662003,-90.606102,145.117996],"rotationMatrix":[-0.336939573,-0.941548169,0,0.941548169,-0.336939573,0,0,0,1],"scale":0.952499986,"type":"tro_tree_2_filler"}
{"ctxid":0,"pos":[-193.570999,-105.934998,141.593002],"rotationMatrix":[0.907635987,0.419742674,0,-0.419742674,0.907635987,0,0,0,1],"scale":1.13849998,"type":"tro_tree_2_filler"}
{"ctxid":0,"pos":[-189.376007,-116.231003,140.800003],"rotationMatrix":[-0.0368000269,-0.999360025,0,0.999360025,-0.0368000269,0,0,0,1],"scale":0.953400016,"type":"tro_tree_2_filler"}
{"ctxid":0,"pos":[-244.858002,-100.308998,158.533005],"rotationMatrix":[0.988929272,0.148383364,0,-0.148383364,0.988929272,0,0,0,1],"scale":0.976100028,"type":"tro_tree_2_filler"}
{"ctxid":0,"pos":[-139.981003,-140.130005,134.923004],"rotationMatrix":[-0.00196158886,0.999979794,0,-0.999979794,-0.00196158886,0,0,0,1],"scale":1.01240003,"type":"tro_tree_2_filler"}
{"ctxid":0,"pos":[-179.520996,-130.578003,137.718994],"rotationMatrix":[0.435015559,-0.900467277,0,0.900467277,0.435015559,0,0,0,1],"scale":0.856100023,"type":"tro_tree_2_filler"}
{"ctxid":0,"pos":[-156.352005,-130.498993,136.858002],"rotationMatrix":[-0.980846047,0.19545728,0,-0.19545728,-0.980846047,0,0,0,1],"scale":0.872399986,"type":"tro_tree_2_filler"}
{"ctxid":0,"pos":[-132.595993,-151.681,131.891006],"rotationMatrix":[0.575879455,0.8175717,0,-0.8175717,0.575879455,0,0,0,1],"scale":1.11670005,"type":"tro_tree_2_filler"}
{"ctxid":0,"pos":[-214.016006,-131.556,143.341995],"rotationMatrix":[-0.996401787,-0.0849235058,0,0.0849235058,-0.996401787,0,0,0,1],"scale":0.989300013,"type":"tro_tree_2_filler"}
{"ctxid":0,"pos":[-199.350998,-132.306,140.223999],"rotationMatrix":[0.30096513,0.953605592,0,-0.953605592,0.30096513,0,0,0,1],"scale":1.09010005,"type":"tro_tree_2_filler"}
{"ctxid":0,"pos":[-223.990997,-142.947998,140.447006],"rotationMatrix":[0.958930194,0.283648014,0,-0.283648014,0.958930194,0,0,0,1],"scale":1.16270006,"type":"tro_tree_2_filler"}
{"ctxid":0,"pos":[-241.520996,-154.692993,142.442001],"rotationMatrix":[-0.285445809,0.958352149,0,-0.958352149,-0.285445809,0,0,0,1],"scale":1.1846,"type":"tro_tree_2_filler"}
{"ctxid":0,"pos":[-248.755997,-228.054993,132.398911],"rotationMatrix":[-0.886458874,-0.462485462,0,0.462485462,-0.886458874,0,0,0,1],"scale":1.00699997,"type":"tro_tree_2_filler"}
{"ctxid":0,"pos":[-227.947006,-227.192993,132.466217],"rotationMatrix":[0.9328022,0.360404462,0,-0.360404462,0.9328022,0,0,0,1],"scale":1.14189994,"type":"tro_tree_2_filler"}
{"ctxid":0,"pos":[-258.631989,-58.1142006,167.300995],"rotationMatrix":[-0.342177153,-0.939622343,0,0.939622343,-0.342177153,0,0,0,1],"scale":0.989600003,"type":"tro_tree_2_filler"}
{"ctxid":0,"pos":[-311.246002,-55.7593002,172.5],"rotationMatrix":[0.487725556,-0.873022497,0,0.873022497,0.487725556,0,0,0,1],"scale":1.14380002,"type":"tro_tree_2_filler"}
{"ctxid":0,"pos":[-286.962006,-19.3348999,183.408997],"rotationMatrix":[-0.525655031,-0.850691557,0,0.850691557,-0.525655031,0,0,0,1],"scale":0.997900009,"type":"tro_tree_2_filler"}
{"ctxid":0,"pos":[-274.699005,-17.7134991,183.145004],"rotationMatrix":[0.705855489,-0.708324492,0,0.708324492,0.705855489,0,0,0,1],"scale":0.885900021,"type":"tro_tree_2_filler"}
{"ctxid":0,"pos":[-253.880005,-14.4125004,182.845993],"rotationMatrix":[0.572742343,0.819757879,0,-0.819757879,0.572742343,0,0,0,1],"scale":1.08720005,"type":"tro_tree_2_filler"}
{"ctxid":0,"pos":[-309.442993,-17.3563004,187.781998],"rotationMatrix":[0.954337597,0.298724681,0,-0.298724681,0.954337597,0,0,0,1],"scale":0.532999992,"type":"tro_tree_2_filler"}
{"ctxid":0,"pos":[-253.794998,-43.0457993,171.520004],"rotationMatrix":[-0.203731298,-0.979059577,0,0.979059577,-0.203731298,0,0,0,1],"scale":1.19630003,"type":"tro_tree_2_filler"}
{"ctxid":0,"pos":[-284.626007,-85.898201,163.910995],"rotationMatrix":[-0.618560433,0.785890579,0,-0.785890579,-0.618560433,0,0,0,1],"scale":1.19640005,"type":"tro_tree_2_filler"}
{"ctxid":0,"pos":[-273.147003,-71.7988968,165.904007],"rotationMatrix":[0.30096513,0.953605592,0,-0.953605592,0.30096513,0,0,0,1],"scale":1.09800005,"type":"tro_tree_2_filler"}
{"ctxid":0,"pos":[-308.513,-94.7462006,168.356995],"rotationMatrix":[0.998420775,0.0561775193,0,-0.0561775193,0.998420775,0,0,0,1],"scale":1.12349999,"type":"tro_tree_2_filler"}
{"ctxid":0,"pos":[-298.658997,-68.9160004,171.645996],"rotationMatrix":[-0.563265681,0.826456726,0,-0.826456726,-0.563265681,0,0,0,1],"scale":0.889800012,"type":"tro_tree_2_filler"}
{"ctxid":0,"pos":[-307.765015,-80.4079971,170.194],"rotationMatrix":[-0.978856206,0.203913495,0,-0.203913495,-0.978856206,0,0,0,1],"scale":0.854200006,"type":"tro_tree_2_filler"}
{"ctxid":0,"pos":[-297.058014,-109.681999,163.563004],"rotationMatrix":[-0.996002078,-0.0895103961,0,0.0895103961,-0.996002078,0,0,0,1],"scale":1.09420002,"type":"tro_tree_2_filler"}
{"ctxid":0,"pos":[-281.69101,-100.529999,161.897995],"rotationMatrix":[0.531488001,-0.847096801,0,0.847096801,0.531488001,0,0,0,1],"scale":0.939499974,"type":"tro_tree_2_filler"}
{"ctxid":0,"pos":[-276.096985,-86.9134979,161.235001],"rotationMatrix":[-0.826724887,-0.562333882,0,0.562333882,-0.826724887,0,0,0,1],"scale":0.867500007,"type":"tro_tree_2_filler"}
{"ctxid":0,"pos":[-284.569,-64.6176987,172.669006],"rotationMatrix":[0.482652068,0.875809193,0,-0.875809193,0.482652068,0,0,0,1],"scale":1.08220005,"type":"tro_tree_2_filler"}
{"ctxid":0,"pos":[-254.832993,-107.208,159.610992],"rotationMatrix":[-0.618616939,-0.785784543,-7.45393336e-05,0.780501902,-0.614447474,-0.115823247,0.090962261,-0.071700044,0.993270159],"scale":1.12969995,"type":"tro_tree_2_filler"}
{"ctxid":0,"pos":[-262.794006,-115.552002,159.337997],"rotationMatrix":[0.573112011,0.819495618,0,-0.819495618,0.573112011,0,0,0,1],"scale":1.08389997,"type":"tro_tree_2_filler"}
{"ctxid":0,"pos":[-312.281006,-109.657997,167.483002],"rotationMatrix":[0.304743588,0.952439845,0,-0.952439845,0.304743588,0,0,0,1],"scale":1.10800004,"type":"tro_tree_2_filler"}
{"ctxid":0,"pos":[-355.153015,-52.8783989,176.591003],"rotationMatrix":[0.177468538,0.984139025,0,-0.984139025,0.177468538,0,0,0,1],"scale":0.978999972,"type":"tro_tree_2_filler"}
{"ctxid":0,"pos":[-340.044006,-46.3792,177.179001],"rotationMatrix":[0.199887514,-0.979742527,0,0.979742527,0.199887514,0,0,0,1],"scale":0.95569998,"type":"tro_tree_2_filler"}
{"ctxid":0,"pos":[-326.476013,-36.5485992,179.386002],"rotationMatrix":[-0.989613414,-0.142827675,0,0.142827675,-0.989613414,0,0,0,1],"scale":1.1681,"type":"tro_tree_2_filler"}
{"ctxid":0,"pos":[-312.765015,-27.3393002,182.740005],"rotationMatrix":[0.965152025,0.261703193,0,-0.261703193,0.965152025,0,0,0,1],"scale":0.967700005,"type":"tro_tree_2_filler"}
{"ctxid":0,"pos":[-336.882996,-28.6704998,192.375],"rotationMatrix":[0.997202456,-0.0747476369,0,0.0747476369,0.997202456,0,0,0,1],"scale":0.880200028,"type":"tro_tree_2_filler"}
{"ctxid":0,"pos":[-350.299011,-33.8672981,190.132996],"rotationMatrix":[0.993433416,0.114416637,0,-0.114416637,0.993433416,0,0,0,1],"scale":0.858200014,"type":"tro_tree_2_filler"}
{"ctxid":0,"pos":[-360.553986,-39.7617989,188.195999],"rotationMatrix":[0.732965708,-0.680301666,0,0.680301666,0.732965708,0,0,0,1],"scale":1.15149999,"type":"tro_tree_2_filler"}
{"ctxid":0,"pos":[-373.699005,-48.7603989,186.567993],"rotationMatrix":[0.615084648,-0.788431585,0,0.788431585,0.615084648,0,0,0,1],"scale":0.951699972,"type":"tro_tree_2_filler"}
{"ctxid":0,"pos":[-363.276001,-6.02640009,206.429001],"rotationMatrix":[0.362453699,0.932041645,0,-0.932041645,0.362453699,0,0,0,1],"scale":0.956700027,"type":"tro_tree_2_filler"}
{"ctxid":0,"pos":[-331.575989,-0.571099997,206.791],"rotationMatrix":[-0.795891523,0.605326891,0,-0.605326891,-0.795891523,0,0,0,1],"scale":1.04750001,"type":"tro_tree_2_filler"}
{"ctxid":0,"pos":[-325.638,-1.22210002,203.695999],"rotationMatrix":[0.111022234,0.993782997,0,-0.993782997,0.111022234,0,0,0,1],"scale":0.985000014,"type":"tro_tree_2_filler"}
{"ctxid":0,"pos":[-333.196014,-2.69050002,205.242004],"rotationMatrix":[0.720098376,-0.693880677,0,0.693880677,0.720098376,0,0,0,1],"scale":0.90079999,"type":"tro_tree_2_filler"}
{"ctxid":0,"pos":[-348.82901,-1.36500001,219.876007],"rotationMatrix":[0.0173611641,-0.933537364,-0.357945621,0.999786377,0.0185967088,-1.6734004e-05,0.00665764511,-0.357883692,0.933739483],"scale":0.578999996,"type":"tro_tree_2_filler"}
{"ctxid":0,"pos":[-340.838989,-0.551900029,218.173996],"rotationMatrix":[0.176752567,-0.932020903,-0.316307604,0.982466817,0.18631798,-4.02331352e-07,0.0589271337,-0.310770154,0.948655188],"scale":0.688600004,"type":"tro_tree_2_filler"}
{"ctxid":0,"pos":[-343.666992,-6.31330013,204.841995],"rotationMatrix":[-0.646386504,0.763039291,0,-0.763039291,-0.646386504,0,0,0,1],"scale":1.13900006,"type":"tro_tree_2_filler"}
{"ctxid":0,"pos":[-352.990997,-8.07890034,204.761993],"rotationMatrix":[-0.968524814,-0.248421848,0,0.248421848,-0.968524814,0,0,0,1],"scale":1.18499994,"type":"tro_tree_2_filler"}
{"ctxid":0,"pos":[-372.114014,-8.41810036,207.559006],"rotationMatrix":[-0.902420282,0.43088755,0,-0.43088755,-0.902420282,0,0,0,1],"scale":0.98210001,"type":"tro_tree_2_filler"}
{"ctxid":0,"pos":[-373.998993,-104.754997,163.063004],"rotationMatrix":[-0.999599934,0.0205979403,0,-0.0205979403,-0.999599934,0,0,0,1],"scale":0.925000012,"type":"tro_tree_2_filler"}
{"ctxid":0,"pos":[-358.757996,-123.271004,162.026993],"rotationMatrix":[-0.00507831573,0.999974251,0,-0.999974251,-0.00507831573,0,0,0,1],"scale":1.07550001,"type":"tro_tree_2_filler"}
{"ctxid":0,"pos":[-325.313995,-106.331001,168.102005],"rotationMatrix":[0.746670365,0.665177047,0,-0.665177047,0.746670365,0,0,0,1],"scale":0.814700007,"type":"tro_tree_2_filler"}
{"ctxid":0,"pos":[-338.713013,-106.560997,166.662003],"rotationMatrix":[-0.951102495,0.30875501,0,-0.30875501,-0.951102495,0,0,0,1],"scale":0.950100005,"type":"tro_tree_2_filler"}
{"ctxid":0,"pos":[-355.089996,-104.911003,165.438995],"rotationMatrix":[-0.695376992,-0.718514264,0,0.718514264,-0.695376992,0,0,0,1],"scale":0.921599984,"type":"tro_tree_2_filler"}
{"ctxid":0,"pos":[-361.312012,-89.4413986,168.350006],"rotationMatrix":[-0.974879503,0.221992582,0,-0.221992582,-0.974879503,0,0,0,1],"scale":1.04460001,"type":"tro_tree_2_filler"}
{"ctxid":0,"pos":[-345.036987,-80.3772964,171.570999],"rotationMatrix":[-0.837444663,0.546728432,0,-0.546728432,-0.837444663,0,0,0,1],"scale":0.909500003,"type":"tro_tree_2_filler"}
{"ctxid":0,"pos":[-333.877991,-88.8147964,170.248001],"rotationMatrix":[0.00058478117,0.999980748,0,-0.999980748,0.00058478117,0,0,0,1],"scale":1.04840004,"type":"tro_tree_2_filler"}
{"ctxid":0,"pos":[-321.339996,-71.1147003,169.151993],"rotationMatrix":[0.878080785,-0.4784922,0,0.4784922,0.878080785,0,0,0,1],"scale":1.03960001,"type":"tro_tree_2_filler"}
{"ctxid":0,"pos":[-372.027008,-63.176899,174.822006],"rotationMatrix":[-0.923545003,0.383453697,0,-0.383453697,-0.923545003,0,0,0,1],"scale":0.933200002,"type":"tro_tree_2_filler"}
{"ctxid":0,"pos":[-341.459991,-121.116997,158.934006],"rotationMatrix":[-0.0937204361,-0.995662808,0,0.995662808,-0.0937204361,0,0,0,1],"scale":0.82069999,"type":"tro_tree_2_filler"}
{"ctxid":0,"pos":[-330.381012,-116.803001,160.904007],"rotationMatrix":[0.838347018,-0.545116842,0,0.545116842,0.838347018,0,0,0,1],"scale":1.13230002,"type":"tro_tree_2_filler"}
{"ctxid":0,"pos":[-263.915985,-164.179001,145.917999],"rotationMatrix":[0.765387535,-0.643557489,0,0.643557489,0.765387535,0,0,0,1],"scale":0.938899994,"type":"tro_tree_2_filler"}
{"ctxid":0,"pos":[-286.144989,-168.373993,148.925003],"rotationMatrix":[0.0995180011,0.994958818,0,-0.994958818,0.0995180011,0,0,0,1],"scale":0.952400029,"type":"tro_tree_2_filler"}
{"ctxid":0,"pos":[-255.306,-144.460007,149.287003],"rotationMatrix":[-0.538257957,-0.842796981,0,0.842796981,-0.538257957,0,0,0,1],"scale":1.18289995,"type":"tro_tree_2_filler"}
{"ctxid":0,"pos":[-311.756989,-150.884995,152.442993],"rotationMatrix":[0.319055438,0.947720766,0,-0.947720766,0.319055438,0,0,0,1],"scale":0.853500009,"type":"tro_tree_2_filler"}
{"ctxid":0,"pos":[-300.312012,-146.556,152.126007],"rotationMatrix":[-0.86979115,-0.493118972,0,0.493118972,-0.86979115,0,0,0,1],"scale":1.03279996,"type":"tro_tree_2_filler"}
{"ctxid":0,"pos":[-280.957001,-132.656006,153.660995],"rotationMatrix":[0.926041424,-0.377407998,0,0.377407998,0.926041424,0,0,0,1],"scale":0.881600022,"type":"tro_tree_2_filler"}
{"ctxid":0,"pos":[-273.989014,-126.014999,155.835007],"rotationMatrix":[0.933824778,-0.357724518,0,0.357724518,0.933824778,0,0,0,1],"scale":1.19369996,"type":"tro_tree_2_filler"}
{"ctxid":0,"pos":[-289.963013,-143.209,151.811996],"rotationMatrix":[0.472019076,-0.881578088,0,0.881578088,0.472019076,0,0,0,1],"scale":1.17780006,"type":"tro_tree_2_filler"}
{"ctxid":0,"pos":[-293.975006,-230.160995,132.158585],"rotationMatrix":[0.933314443,0.359064668,0,-0.359064668,0.933314443,0,0,0,1],"scale":1.16830003,"type":"tro_tree_2_filler"}
{"ctxid":0,"pos":[-262.197998,-226.507996,132.332733],"rotationMatrix":[0.808914363,0.587908208,0,-0.587908208,0.808914363,0,0,0,1],"scale":1.07889998,"type":"tro_tree_2_filler"}
{"ctxid":0,"pos":[-307.852997,-202.330994,141.203995],"rotationMatrix":[-0.853197455,-0.521536708,0,0.521536708,-0.853197455,0,0,0,1],"scale":1.14600003,"type":"tro_tree_2_filler"}
{"ctxid":0,"pos":[-296.221985,-198.746002,139.979996],"rotationMatrix":[0.0155148506,0.999920309,0,-0.999920309,0.0155148506,0,0,0,1],"scale":0.831900001,"type":"tro_tree_2_filler"}
{"ctxid":0,"pos":[-283.049988,-198.973007,138.559006],"rotationMatrix":[0.997422397,0.0717569217,0,-0.0717569217,0.997422397,0,0,0,1],"scale":0.879700005,"type":"tro_tree_2_filler"}
{"ctxid":0,"pos":[-271.631012,-204.018997,136.126282],"rotationMatrix":[0.559514999,-0.82878381,0,0.82878381,0.559514999,0,0,0,1],"scale":0.848399997,"type":"tro_tree_2_filler"}
{"ctxid":0,"pos":[-300.268005,-189.246994,146.220001],"rotationMatrix":[0.964622021,0.263632596,0,-0.263632596,0.964622021,0,0,0,1],"scale":1.16429996,"type":"tro_tree_2_filler"}
{"ctxid":0,"pos":[-281.70401,-189.677002,145.076004],"rotationMatrix":[0.813583851,0.581474364,0,-0.581474364,0.813583851,0,0,0,1],"scale":1.14139998,"type":"tro_tree_2_filler"}
{"ctxid":0,"pos":[-304.363007,-224.528,138.298004],"rotationMatrix":[-0.929826498,0.367969573,0,-0.367969573,-0.929826498,0,0,0,1],"scale":0.921199977,"type":"tro_tree_2_filler"}
{"ctxid":0,"pos":[-332.576996,-160.151993,152.682999],"rotationMatrix":[-0.642396808,-0.766282737,0,0.766282737,-0.642396808,0,0,0,1],"scale":0.924799979,"type":"tro_tree_2_filler"}
{"ctxid":0,"pos":[-325.536011,-146.283997,157.565002],"rotationMatrix":[-0.77925241,-0.626850724,0,0.626850724,-0.77925241,0,0,0,1],"scale":0.948700011,"type":"tro_tree_2_filler"}
{"ctxid":0,"pos":[-352.34201,-162.136002,153.591003],"rotationMatrix":[-0.48229754,-0.876051903,0,0.876051903,-0.48229754,0,0,0,1],"scale":1.1674,"type":"tro_tree_2_filler"}
{"ctxid":0,"pos":[-366.783997,-133.852005,154.722],"rotationMatrix":[-0.411535978,-0.911508501,0,0.911508501,-0.411535978,0,0,0,1],"scale":0.949100018,"type":"tro_tree_2_filler"}
{"ctxid":0,"pos":[-355.753998,-127.408997,156.033997],"rotationMatrix":[0.192025363,-0.981366396,0,0.981366396,0.192025363,0,0,0,1],"scale":0.808099985,"type":"tro_tree_2_filler"}
{"ctxid":0,"pos":[-319.205994,-157.914001,150.927002],"rotationMatrix":[0.492169619,-0.870537639,0,0.870537639,0.492169619,0,0,0,1],"scale":0.834299982,"type":"tro_tree_2_filler"}
{"ctxid":0,"pos":[-338.703003,-152.378006,155.369995],"rotationMatrix":[-0.286407948,-0.958069146,0,0.958069146,-0.286407948,0,0,0,1],"scale":0.931100011,"type":"tro_tree_2_filler"}
{"ctxid":0,"pos":[-317.47699,-198.427994,146.697998],"rotationMatrix":[-0.976072073,-0.218083605,0,0.218083605,-0.976072073,0,0,0,1],"scale":1.08449996,"type":"tro_tree_2_filler"}
{"ctxid":0,"pos":[-335.292999,-194.542007,148.485001],"rotationMatrix":[0.770158052,-0.637862384,0,0.637862384,0.770158052,0,0,0,1],"scale":0.855799973,"type":"tro_tree_2_filler"}
{"ctxid":0,"pos":[-327.97699,-229.712997,136.798996],"rotationMatrix":[0.423476815,-0.90596503,0,0.90596503,0.423476815,0,0,0,1],"scale":0.8398,"type":"tro_tree_2_filler"}
{"ctxid":0,"pos":[-313.364014,-228.481003,134.725006],"rotationMatrix":[0.9666664,-0.256031096,0,0.256031096,0.9666664,0,0,0,1],"scale":1.02240002,"type":"tro_tree_2_filler"}
{"ctxid":0,"pos":[-372.963013,-232.947998,137.028],"rotationMatrix":[0.911200643,-0.406287938,-0.0685831457,0.412014961,0.896777511,0.161533564,-0.00412856042,-0.175441027,0.984481573],"scale":0.96509999,"type":"tro_tree_2_filler"}
{"ctxid":0,"pos":[-338.324005,-206.595001,147.307007],"rotationMatrix":[0.972010195,-0.234943792,0,0.234943792,0.972010195,0,0,0,1],"scale":1.08299994,"type":"tro_tree_2_filler"}
{"ctxid":0,"pos":[-323.182007,-204.160004,145.074005],"rotationMatrix":[-0.805379987,0.592862427,0,-0.592862427,-0.805379987,0,0,0,1],"scale":0.916000009,"type":"tro_tree_2_filler"}
{"ctxid":0,"pos":[-390.591003,-56.4502983,183.602005],"rotationMatrix":[0.46624887,0.884625852,0,-0.884625852,0.46624887,0,0,0,1],"scale":1.03120005,"type":"tro_tree_2_filler"}
{"ctxid":0,"pos":[-425.593994,-58.7983017,180.5],"rotationMatrix":[0.755559683,-0.655080497,0,0.655080497,0.755559683,0,0,0,1],"scale":1.02559996,"type":"tro_tree_2_filler"}
{"ctxid":0,"pos":[-417.535004,-50.7131996,182.871994],"rotationMatrix":[-0.871338606,-0.490421116,0,0.490421116,-0.871338606,0,0,0,1],"scale":1.11829996,"type":"tro_tree_2_filler"}
{"ctxid":0,"pos":[-407.28299,-46.1021996,186.457993],"rotationMatrix":[-0.703488946,0.710817635,0,-0.710817635,-0.703488946,0,0,0,1],"scale":0.942799985,"type":"tro_tree_2_filler"}
{"ctxid":0,"pos":[-395.743011,-40.2131004,190.763],"rotationMatrix":[0.544560313,0.838726699,0,-0.838726699,0.544560313,0,0,0,1],"scale":1.17729998,"type":"tro_tree_2_filler"}
{"ctxid":0,"pos":[-377.998993,-37.6910019,193.416],"rotationMatrix":[0.10380733,-0.994594514,0,0.994594514,0.10380733,0,0,0,1],"scale":0.716400027,"type":"tro_tree_2_filler"}
{"ctxid":0,"pos":[-400.371002,-7.70149994,210.494003],"rotationMatrix":[-0.313172102,-0.949671626,0,0.949671626,-0.313172102,0,0,0,1],"scale":0.909300029,"type":"tro_tree_2_filler"}
{"ctxid":0,"pos":[-389.80899,-6.6651001,211.197998],"rotationMatrix":[0.786272764,0.617906392,0,-0.617906392,0.786272764,0,0,0,1],"scale":0.887399971,"type":"tro_tree_2_filler"}
{"ctxid":0,"pos":[-377.885986,-10.1246004,208.048004],"rotationMatrix":[0.629683852,-0.776863635,0,0.776863635,0.629683852,0,0,0,1],"scale":0.915099978,"type":"tro_tree_2_filler"}
{"ctxid":0,"pos":[-434.424011,-20.1345997,204.953995],"rotationMatrix":[-0.417254448,-0.908807218,0,0.908807218,-0.417254448,0,0,0,1],"scale":0.953800023,"type":"tro_tree_2_filler"}
{"ctxid":0,"pos":[-434.933014,-50.2563019,186.800003],"rotationMatrix":[-0.617840648,-0.786255479,0,0.786255479,-0.617840648,0,0,0,1],"scale":0.947700024,"type":"tro_tree_2_filler"}
{"ctxid":0,"pos":[-424.484009,-27.3644009,201.386993],"rotationMatrix":[0.990505576,-0.137469277,0,0.137469277,0.990505576,0,0,0,1],"scale":0.816200018,"type":"tro_tree_2_filler"}
{"ctxid":0,"pos":[-410.084015,-29.7325001,198.871994],"rotationMatrix":[0.387275517,0.922020257,0,-0.922020257,0.387275517,0,0,0,1],"scale":0.835399985,"type":"tro_tree_2_filler"}
{"ctxid":0,"pos":[-423.115997,-35.5807991,194.492996],"rotationMatrix":[-0.403482556,0.915103436,0,-0.915103436,-0.403482556,0,0,0,1],"scale":0.825600028,"type":"tro_tree_2_filler"}
{"ctxid":0,"pos":[-377.710999,-119.753998,161.020004],"rotationMatrix":[0.948286712,-0.317419201,0,0.317419201,0.948286712,0,0,0,1],"scale":1.15020001,"type":"tro_tree_2_filler"}
{"ctxid":0,"pos":[-411.811005,-90.9045029,166.130005],"rotationMatrix":[0.908920884,0.416983604,0,-0.416983604,0.908920884,0,0,0,1],"scale":1.02890003,"type":"tro_tree_2_filler"}
{"ctxid":0,"pos":[-401.592987,-81.905899,167.337006],"rotationMatrix":[-0.567158222,0.823767126,0,-0.823767126,-0.567158222,0,0,0,1],"scale":1.02499998,"type":"tro_tree_2_filler"}
{"ctxid":0,"pos":[-385.787994,-71.6845016,172.850006],"rotationMatrix":[-0.261825085,-0.965074539,0,0.965074539,-0.261825085,0,0,0,1],"scale":0.801100016,"type":"tro_tree_2_filler"}
{"ctxid":0,"pos":[-401.722992,-65.9440994,176.319],"rotationMatrix":[-0.118708849,-0.992912054,0,0.992912054,-0.118708849,0,0,0,1],"scale":1.13789999,"type":"tro_tree_2_filler"}
{"ctxid":0,"pos":[-420.548004,-73.0007019,174.692993],"rotationMatrix":[0.106215477,0.994326949,0,-0.994326949,0.106215477,0,0,0,1],"scale":0.939999998,"type":"tro_tree_2_filler"}
{"ctxid":0,"pos":[-430.613007,-83.9344025,172.102997],"rotationMatrix":[-0.771338463,-0.636183619,0,0.636183619,-0.771338463,0,0,0,1],"scale":0.870100021,"type":"tro_tree_2_filler"}
{"ctxid":0,"pos":[-435.806,-67.5178986,178.102997],"rotationMatrix":[0.984086692,0.177686393,0,-0.177686393,0.984086692,0,0,0,1],"scale":1.05970001,"type":"tro_tree_2_filler"}
{"ctxid":0,"pos":[-427.75,-100.209999,167.417007],"rotationMatrix":[-0.92080009,0.39043203,0,-0.39043203,-0.92080009,0,0,0,1],"scale":1.15699995,"type":"tro_tree_2_filler"}
{"ctxid":0,"pos":[-441.450012,-5.82429981,206.742996],"rotationMatrix":[-0.382784486,0.923796415,0,-0.923796415,-0.382784486,0,0,0,1],"scale":1.09010005,"type":"tro_tree_2_filler"}
{"ctxid":0,"pos":[-452.787994,-31.1191006,203.235001],"rotationMatrix":[0.326735854,0.945145786,0,-0.945145786,0.326735854,0,0,0,1],"scale":0.818499982,"type":"tro_tree_2_filler"}
{"ctxid":0,"pos":[-438.776001,-27.2117004,203.063004],"rotationMatrix":[-0.612807989,-0.79023999,0,0.79023999,-0.612807989,0,0,0,1],"scale":0.872500002,"type":"tro_tree_2_filler"}
{"ctxid":0,"pos":[-458.433014,-14.5504999,204.257004],"rotationMatrix":[0.87349546,-0.486853719,0,0.486853719,0.87349546,0,0,0,1],"scale":1.08500004,"type":"tro_tree_2_filler"}
{"ctxid":0,"pos":[-467.514008,-16.7574997,197.686996],"rotationMatrix":[-0.66494751,0.747073114,0,-0.747073114,-0.66494751,0,0,0,1],"scale":1.09749997,"type":"tro_tree_2_filler"}
{"ctxid":0,"pos":[-438.980988,-41.092701,195.753006],"rotationMatrix":[-0.523908854,-0.851775825,0,0.851775825,-0.523908854,0,0,0,1],"scale":0.800999999,"type":"tro_tree_2_filler"}
{"ctxid":0,"pos":[-462.165985,-37.3431015,200.141998],"rotationMatrix":[-0.763442039,-0.645844221,0,0.645844221,-0.763442039,0,0,0,1],"scale":0.848399997,"type":"tro_tree_2_filler"}
{"ctxid":0,"pos":[-451.562012,-45.3338013,194.990005],"rotationMatrix":[0.979799509,0.199974909,0,-0.199974909,0.979799509,0,0,0,1],"scale":1.00849998,"type":"tro_tree_2_filler"}
{"ctxid":0,"pos":[-459.588013,-56.3543015,187.130997],"rotationMatrix":[-0.637688041,-0.770250857,0,0.770250857,-0.637688041,0,0,0,1],"scale":1.07809997,"type":"tro_tree_2_filler"}
{"ctxid":0,"pos":[-450.363007,-60.828701,183.899994],"rotationMatrix":[-0.998000383,0.0653672963,0,-0.0653672963,-0.998000383,0,0,0,1],"scale":0.830799997,"type":"tro_tree_2_filler"}
{"ctxid":0,"pos":[-480.730988,-12.4390001,194.143997],"rotationMatrix":[-0.48815763,-0.872778773,0,0.872778773,-0.48815763,0,0,0,1],"scale":0.963699996,"type":"tro_tree_2_filler"}
{"ctxid":0,"pos":[-470.763,-30.2240009,199.800995],"rotationMatrix":[-0.852812409,-0.52225244,0,0.52225244,-0.852812409,0,0,0,1],"scale":1.08780003,"type":"tro_tree_2_filler"}
{"ctxid":0,"pos":[-490.980011,-4.53779984,193.612],"rotationMatrix":[-0.713470697,-0.700864315,0,0.700864315,-0.713470697,0,0,0,1],"scale":0.885599971,"type":"tro_tree_2_filler"}
{"ctxid":0,"pos":[-485.382996,-25.2887993,195.871994],"rotationMatrix":[0.981104314,-0.193486318,0,0.193486318,0.981104314,0,0,0,1],"scale":0.881500006,"type":"tro_tree_2_filler"}
