{"ctxid":0,"pos":[-384.251007,-267.453003,140.977005],"rotationMatrix":[0.908664644,-0.41752705,0,0.41752705,0.908664644,0,0,0,1],"scale":1.01999998,"type":"tro_tree_1_filler"}
{"ctxid":0,"pos":[-4.11189985,-723.531982,147.840408],"rotationMatrix":[-0.949543715,-0.313783586,-7.62604177e-05,0.308968604,-0.93493104,-0.174742937,0.0547588579,-0.165941447,0.984614432],"scale":0.855400026,"type":"tro_tree_1_filler"}
{"ctxid":0,"pos":[-13.2686005,-726.546997,143.638718],"rotationMatrix":[-0.995006084,0.00102493912,0.0985055193,-0.0243600197,-0.97132349,-0.235969827,0.0954514369,-0.237221673,0.966752589],"scale":0.821099997,"type":"tro_tree_1_filler"}
{"ctxid":0,"pos":[-24.3582001,-728.989014,139.781006],"rotationMatrix":[0.087297976,0.972139776,0.217398375,-0.995962441,0.0894300938,2.83792615e-05,-0.0194077268,-0.216530353,0.976082146],"scale":0.921800017,"type":"tro_tree_1_filler"}
{"ctxid":0,"pos":[-48.7657013,-736.448975,138.003006],"rotationMatrix":[-0.965321422,-0.260904312,-1.38431787e-05,0.249087676,-0.921584129,-0.297583967,0.0776298419,-0.287280053,0.954694629],"scale":1.05009997,"type":"tro_tree_1_filler"}
{"ctxid":0,"pos":[-55.3390007,-732.372009,148.028],"rotationMatrix":[-0.669330001,-0.742756844,0,0.742756844,-0.669330001,0,0,0,1],"scale":1.07739997,"type":"tro_tree_1_filler"}
{"ctxid":0,"pos":[-26.8703995,-710.203003,158.623001],"rotationMatrix":[0.96229744,-0.271991283,0,0.271991283,0.96229744,0,0,0,1],"scale":0.890699983,"type":"tro_tree_1_filler"}
{"ctxid":0,"pos":[-56.2487984,-719.575012,153.003006],"rotationMatrix":[-0.873660684,0.486272931,0,-0.486272931,-0.873660684,0,0,0,1],"scale":1.0237,"type":"tro_tree_1_filler"}
{"ctxid":0,"pos":[-62.9584007,-742.781982,138.350998],"rotationMatrix":[0.993210793,0.116322696,5.26234508e-05,-0.110250294,0.941223025,0.319268286,0.0370923802,-0.317106307,0.947658777],"scale":0.712199986,"type":"tro_tree_1_filler"}
{"ctxid":0,"pos":[-72.4957962,-749.15802,136.244995],"rotationMatrix":[0.578638017,-0.815551221,0,0.815551221,0.578638017,0,0,0,1],"scale":0.819299996,"type":"tro_tree_1_filler"}
{"ctxid":0,"pos":[-73.990097,-744.231995,143.768997],"rotationMatrix":[0.00115013123,-0.999980509,0,0.999980509,0.00115013123,0,0,0,1],"scale":1.08920002,"type":"tro_tree_1_filler"}
{"ctxid":0,"pos":[-69.5621033,-724.513977,154.789001],"rotationMatrix":[0.354070187,0.935194492,0,-0.935194492,0.354070187,0,0,0,1],"scale":1.01419997,"type":"tro_tree_1_filler"}
{"ctxid":0,"pos":[-79.864502,-731.840027,154.151001],"rotationMatrix":[0.998749971,-0.0499850027,0,0.0499850027,0.998749971,0,0,0,1],"scale":1.04359996,"type":"tro_tree_1_filler"}
{"ctxid":0,"pos":[-95.8365021,-739.609985,161.979004],"rotationMatrix":[0.320455194,0.947329104,0,-0.947329104,0.320455194,0,0,0,1],"scale":0.747200012,"type":"tro_tree_1_filler"}
{"ctxid":0,"pos":[-98.1720963,-735.744995,166.434006],"rotationMatrix":[0.0873995423,0.996227384,0,-0.996227384,0.0873995423,0,0,0,1],"scale":1.0122,"type":"tro_tree_1_filler"}
{"ctxid":0,"pos":[-93.3844986,-727.380981,161.037003],"rotationMatrix":[0.237140417,0.97148478,0,-0.97148478,0.237140417,0,0,0,1],"scale":0.967999995,"type":"tro_tree_1_filler"}
{"ctxid":0,"pos":[-116.158997,-737.606018,176.186996],"rotationMatrix":[0.910957992,0.412505001,0,-0.412505001,0.910957992,0,0,0,1],"scale":0.848500013,"type":"tro_tree_1_filler"}
{"ctxid":0,"pos":[-129.110001,-743.778015,179.792007],"rotationMatrix":[0.996847808,0.0793364793,0,-0.0793364793,0.996847808,0,0,0,1],"scale":0.845700026,"type":"tro_tree_1_filler"}
{"ctxid":0,"pos":[-42.7815018,-872.155029,135.577179],"rotationMatrix":[-0.998800278,-0.0497850627,0,0.0497850627,-0.998800278,0,0,0,1],"scale":0.990199983,"type":"tro_tree_1_filler"}
{"ctxid":0,"pos":[-32.6985016,-858.572021,160.799301],"rotationMatrix":[-0.651325226,-0.74859035,0.123394743,0.718744755,-0.556735635,0.416291922,-0.242939696,0.359868735,0.90081358],"scale":1.01129997,"type":"tro_tree_1_filler"}
{"ctxid":0,"pos":[-34.7556992,-868.452026,140.774292],"rotationMatrix":[0.975739598,-0.0345089398,0.216206685,0.0689201355,0.98570925,-0.153719157,-0.20781292,0.164889961,0.964173675],"scale":0.716499984,"type":"tro_tree_1_filler"}
{"ctxid":0,"pos":[-10.1978998,-845.307007,142.400131],"rotationMatrix":[0.00313216448,0.944519401,-0.32854408,-0.977338433,-0.0667020082,-0.201079816,-0.211819902,0.321724445,0.922838569],"scale":0.944100022,"type":"tro_tree_1_filler"}
{"ctxid":0,"pos":[-16.5272007,-850.107971,142.736206],"rotationMatrix":[-0.627241731,-0.778769672,-4.88162041e-05,0.711089671,-0.572753668,0.407703191,-0.317543209,0.255711168,0.913111985],"scale":0.896700025,"type":"tro_tree_1_filler"}
{"ctxid":0,"pos":[-23.8913002,-858.367004,144.285385],"rotationMatrix":[-0.731024981,0.438402981,-0.522874951,-0.514324963,-0.857590914,2.70158052e-05,-0.448402971,0.268947959,0.852409005],"scale":0.85799998,"type":"tro_tree_1_filler"}
{"ctxid":0,"pos":[-24.3227005,-844.567993,144.285385],"rotationMatrix":[-0.102368116,-0.976873934,0.187906995,0.967689335,-0.0540033579,0.246432051,-0.23058404,0.207047805,0.950770915],"scale":0.896799982,"type":"tro_tree_1_filler"}
{"ctxid":0,"pos":[-9.57209969,-836.973022,144.285385],"rotationMatrix":[0.436714947,0.89953655,0,-0.89953655,0.436714947,0,0,0,1],"scale":0.755400002,"type":"tro_tree_1_filler"}
{"ctxid":0,"pos":[-16.6483002,-839.219971,144.285385],"rotationMatrix":[-0.0656846762,0.966723979,-0.247078687,-0.97276634,-0.117156982,-0.199783891,-0.222101003,0.227228135,0.948174298],"scale":1.02989995,"type":"tro_tree_1_filler"}
{"ctxid":0,"pos":[-50.9109993,-861.546021,130.919067],"rotationMatrix":[0.928860068,-0.370448142,0,0.370448142,0.928860068,0,0,0,1],"scale":0.961199999,"type":"tro_tree_1_filler"}
{"ctxid":0,"pos":[-56.3991013,-874.163025,130.628998],"rotationMatrix":[0.813827991,0.581093431,0,-0.581093431,0.813827991,0,0,0,1],"scale":0.973999977,"type":"tro_tree_1_filler"}
{"ctxid":0,"pos":[-82.5305023,-756.851013,134.464996],"rotationMatrix":[-0.299731851,0.931435585,0.206526309,-0.941888332,-0.323358297,0.0913862735,0.151893526,-0.167131469,0.974164605],"scale":0.952199996,"type":"tro_tree_1_filler"}
{"ctxid":0,"pos":[-92.5792999,-764.78302,135.110001],"rotationMatrix":[0.0199209452,0.982713997,0.184191614,-0.98904413,-0.00761520863,0.147598341,0.146441132,-0.185112968,0.97174567],"scale":1.01450002,"type":"tro_tree_1_filler"}
{"ctxid":0,"pos":[-112.614998,-772.458008,142.207993],"rotationMatrix":[-0.574602604,-0.818622947,0,0.818622947,-0.574602604,0,0,0,1],"scale":0.836799979,"type":"tro_tree_1_filler"}
{"ctxid":0,"pos":[-90.1492996,-756.328979,144.938995],"rotationMatrix":[-0.681128263,-0.732156396,5.23999333e-05,0.703778148,-0.654747367,-0.275664538,0.201864541,-0.1877276,0.961253762],"scale":0.977500021,"type":"tro_tree_1_filler"}
{"ctxid":0,"pos":[-82.901001,-750.320984,144.572998],"rotationMatrix":[-0.902420282,0.430497408,0,-0.430497408,-0.902420282,0,0,0,1],"scale":0.720300019,"type":"tro_tree_1_filler"}
{"ctxid":0,"pos":[-110.273003,-761.015015,153.319],"rotationMatrix":[-0.195367336,-0.980754673,0,0.980754673,-0.195367336,0,0,0,1],"scale":0.716300011,"type":"tro_tree_1_filler"}
{"ctxid":0,"pos":[-116.563004,-759.638,160.554993],"rotationMatrix":[0.935559511,-0.353184193,0,0.353184193,0.935559511,0,0,0,1],"scale":0.999000013,"type":"tro_tree_1_filler"}
{"ctxid":0,"pos":[-123.129997,-755.325012,172.919006],"rotationMatrix":[0.769207835,-0.638975739,0,0.638975739,0.769207835,0,0,0,1],"scale":0.962700009,"type":"tro_tree_1_filler"}
{"ctxid":0,"pos":[-101.703003,-801.393005,130.169998],"rotationMatrix":[-0.254211187,0.967068255,0,-0.967068255,-0.254211187,0,0,0,1],"scale":0.740100026,"type":"tro_tree_1_filler"}
{"ctxid":0,"pos":[-112.630997,-804.908997,131.240997],"rotationMatrix":[0.988749981,-0.149580002,0,0.149580002,0.988749981,0,0,0,1],"scale":0.883000016,"type":"tro_tree_1_filler"}
{"ctxid":0,"pos":[-113.190002,-853.882019,132.052002],"rotationMatrix":[-0.783782721,-0.62122637,0,0.62122637,-0.783782721,0,0,0,1],"scale":0.917800009,"type":"tro_tree_1_filler"}
{"ctxid":0,"pos":[-107.541,-840.583008,130.399994],"rotationMatrix":[0.115549922,-0.993244052,0,0.993244052,0.115549922,0,0,0,1],"scale":0.805899978,"type":"tro_tree_1_filler"}
{"ctxid":0,"pos":[-99.5214996,-814.796997,129.455002],"rotationMatrix":[0.616662323,-0.787251949,0,0.787251949,0.616662323,0,0,0,1],"scale":0.952799976,"type":"tro_tree_1_filler"}
{"ctxid":0,"pos":[-120.374001,-816.844971,133.044006],"rotationMatrix":[-0.0445905924,-0.99891597,0,0.99891597,-0.0445905924,0,0,0,1],"scale":0.855199993,"type":"tro_tree_1_filler"}
{"ctxid":0,"pos":[-122.230003,-829.606995,134.436996],"rotationMatrix":[0.487928033,0.872850001,0,-0.872850001,0.487928033,0,0,0,1],"scale":0.870899975,"type":"tro_tree_1_filler"}
{"ctxid":0,"pos":[-117.837997,-853.299011,139.718994],"rotationMatrix":[0.452523589,0.891741991,0,-0.891741991,0.452523589,0,0,0,1],"scale":0.924499989,"type":"tro_tree_1_filler"}
{"ctxid":0,"pos":[-3.61109996,-898.659973,171.439301],"rotationMatrix":[-0.774351239,-0.632768452,0,0.632768452,-0.774351239,0,0,0,1],"scale":1.01160002,"type":"tro_tree_1_filler"}
{"ctxid":0,"pos":[-0.282999992,-876.414978,166.9245],"rotationMatrix":[0.848295808,0.481011033,0.221390471,-0.418693125,0.865273893,-0.275661618,-0.324162662,0.141144007,0.935410678],"scale":0.825800002,"type":"tro_tree_1_filler"}
{"ctxid":0,"pos":[-26.6058006,-953.297974,143.107025],"rotationMatrix":[-0.277206659,0.812953532,0.512029111,-0.896509111,-0.0272467136,-0.442105561,-0.345454395,-0.581629097,0.736444473],"scale":0.977999985,"type":"tro_tree_1_filler"}
{"ctxid":0,"pos":[-30.4344006,-954.458008,138.49115],"rotationMatrix":[-0.820971251,0.571000993,-2.53617764e-05,-0.378342986,-0.544008851,-0.748960257,-0.427666634,-0.614851713,0.662619948],"scale":0.901600003,"type":"tro_tree_1_filler"}
{"ctxid":0,"pos":[-22.8108006,-962.228027,129.904419],"rotationMatrix":[-0.948058724,0.31814152,-0.000100173056,-0.291022003,-0.867370605,-0.403735846,-0.128531069,-0.382730216,0.914876282],"scale":0.859600008,"type":"tro_tree_1_filler"}
{"ctxid":0,"pos":[-1.83519995,-963.69397,129.979355],"rotationMatrix":[0.584071517,0.521340489,0.622132421,-0.802870631,0.483765602,0.348353356,-0.119346023,-0.702961802,0.701134682],"scale":0.88410002,"type":"tro_tree_1_filler"}
{"ctxid":0,"pos":[-57.5710983,-934.004028,131.819672],"rotationMatrix":[0.390150249,-0.920738339,0,0.920738339,0.390150249,0,0,0,1],"scale":0.898500025,"type":"tro_tree_1_filler"}
{"ctxid":0,"pos":[-46.732399,-935.017029,142.342682],"rotationMatrix":[0.800592482,-0.583399892,0.136766553,0.526154041,0.79364121,0.305458248,-0.286744565,-0.172590271,0.942333639],"scale":0.808899999,"type":"tro_tree_1_filler"}
{"ctxid":0,"pos":[-43.4541016,-924.528992,149.363571],"rotationMatrix":[-0.573810697,0.818947613,1.98930502e-05,-0.674659193,-0.472694993,-0.566862047,-0.464230657,-0.325303674,0.823808193],"scale":0.798099995,"type":"tro_tree_1_filler"}
{"ctxid":0,"pos":[-46.1295013,-914.994995,149.216583],"rotationMatrix":[0.761866689,0.59877044,0.247102678,-0.54728812,0.79908365,-0.248924583,-0.346498847,0.0544218644,0.936474204],"scale":0.985499978,"type":"tro_tree_1_filler"}
{"ctxid":0,"pos":[-44.7256012,-901.383972,147.247284],"rotationMatrix":[-0.464101911,0.827530026,-0.315568328,-0.74477756,-0.557446599,-0.36650449,-0.47926569,0.0649100989,0.875255585],"scale":1.04219997,"type":"tro_tree_1_filler"}
{"ctxid":0,"pos":[-55.8939018,-905.080017,138.041687],"rotationMatrix":[0.84095484,-0.0789067373,0.535305679,0.0933835432,0.995629966,5.85205853e-05,-0.532970846,0.0499421209,0.844648838],"scale":0.903699994,"type":"tro_tree_1_filler"}
{"ctxid":0,"pos":[-56.0554008,-916.375977,136.283936],"rotationMatrix":[-0.578620315,0.815570056,-4.76837158e-06,-0.743920267,-0.527788401,-0.409852982,-0.334270984,-0.237154767,0.912150264],"scale":0.872200012,"type":"tro_tree_1_filler"}
{"ctxid":0,"pos":[-121.865997,-885.330994,145.695999],"rotationMatrix":[0.136702001,-0.990624607,0,0.990624607,0.136702001,0,0,0,1],"scale":0.753099978,"type":"tro_tree_1_filler"}
{"ctxid":0,"pos":[-66.1046982,-901.380005,129.287994],"rotationMatrix":[0.909006238,-0.41678822,0,0.41678822,0.909006238,0,0,0,1],"scale":0.701300025,"type":"tro_tree_1_filler"}
{"ctxid":0,"pos":[-53.3793983,-890.744019,136.202148],"rotationMatrix":[-0.19939065,0.979925811,0,-0.979925811,-0.19939065,0,0,0,1],"scale":0.815100014,"type":"tro_tree_1_filler"}
{"ctxid":0,"pos":[-64.6335983,-913.518982,130.519714],"rotationMatrix":[-0.838594913,-0.544790149,0,0.544790149,-0.838594913,0,0,0,1],"scale":1.00769997,"type":"tro_tree_1_filler"}
{"ctxid":0,"pos":[-28.6530991,-957.822021,134.774445],"rotationMatrix":[0.10266161,-0.882270455,-0.459374845,0.992052794,0.0571533442,0.111932412,-0.0725099891,-0.467222035,0.881159067],"scale":0.80309999,"type":"tro_tree_1_filler"}
{"ctxid":0,"pos":[-126.647003,-768.93103,156.326004],"rotationMatrix":[0.205947936,0.978545308,0,-0.978545308,0.205947936,0,0,0,1],"scale":0.947399974,"type":"tro_tree_1_filler"}
{"ctxid":0,"pos":[-140.914001,-767.849976,165.895004],"rotationMatrix":[0.0439320803,0.999073029,0,-0.999073029,0.0439320803,0,0,0,1],"scale":0.844699979,"type":"tro_tree_1_filler"}
{"ctxid":0,"pos":[-136.468002,-759.505981,174.546997],"rotationMatrix":[0.154244781,0.961990118,0.2253865,-0.913641334,0.0520255566,0.40320003,0.376143038,-0.268115163,0.886923194],"scale":0.725700021,"type":"tro_tree_1_filler"}
{"ctxid":0,"pos":[-146.985001,-804.895996,140.225006],"rotationMatrix":[0.834572434,-0.550926566,0,0.550926566,0.834572434,0,0,0,1],"scale":0.923900008,"type":"tro_tree_1_filler"}
{"ctxid":0,"pos":[-125.306,-776.429993,148.871002],"rotationMatrix":[-0.754439235,-0.656369328,0,0.656369328,-0.754439235,0,0,0,1],"scale":1.08179998,"type":"tro_tree_1_filler"}
{"ctxid":0,"pos":[-134.623001,-771.239014,157.147003],"rotationMatrix":[0.159414232,-0.987231195,0,0.987231195,0.159414232,0,0,0,1],"scale":1.03830004,"type":"tro_tree_1_filler"}
{"ctxid":0,"pos":[-128.651993,-862.229004,147.651001],"rotationMatrix":[-0.638411999,-0.769697011,0,0.769697011,-0.638411999,0,0,0,1],"scale":0.743399978,"type":"tro_tree_1_filler"}
{"ctxid":0,"pos":[-155.419998,-817.468018,142.311996],"rotationMatrix":[-0.152161956,-0.988369763,0,0.988369763,-0.152161956,0,0,0,1],"scale":0.786599994,"type":"tro_tree_1_filler"}
{"ctxid":0,"pos":[-158.033005,-856.815002,149.682007],"rotationMatrix":[-0.747211814,0.599517345,0.286819309,-0.544364691,-0.799681544,0.253354907,0.381252497,0.0331744924,0.923875809],"scale":0.896499991,"type":"tro_tree_1_filler"}
{"ctxid":0,"pos":[-158.576996,-867.403015,148.289993],"rotationMatrix":[-0.780007243,0.625851572,0,-0.625851572,-0.780007243,0,0,0,1],"scale":0.9903,"type":"tro_tree_1_filler"}
{"ctxid":0,"pos":[-212.634003,-871.557007,159.667999],"rotationMatrix":[0.990697503,-0.13608627,0,0.13608627,0.990697503,0,0,0,1],"scale":0.750999987,"type":"tro_tree_1_filler"}
{"ctxid":0,"pos":[-242.845001,-865.900024,161.858994],"rotationMatrix":[-0.846025705,0.518488467,0.123630926,-0.497699678,-0.685383558,-0.531441331,-0.190813884,-0.511179566,0.838018179],"scale":0.93779999,"type":"tro_tree_1_filler"}
{"ctxid":0,"pos":[-235.960007,-861.205994,167.457001],"rotationMatrix":[-0.0167380571,-0.999768615,0,0.999768615,-0.0167380571,0,0,0,1],"scale":0.717400014,"type":"tro_tree_1_filler"}
{"ctxid":0,"pos":[-237.212006,-861.539978,167.181],"rotationMatrix":[0.869439483,0.494034767,0,-0.494034767,0.869439483,0,0,0,1],"scale":0.9472,"type":"tro_tree_1_filler"}
{"ctxid":0,"pos":[-126.362,-931.129028,130.542999],"rotationMatrix":[-0.978458285,-0.206081122,0,0.206081122,-0.978458285,0,0,0,1],"scale":0.750400007,"type":"tro_tree_1_filler"}
{"ctxid":0,"pos":[-126.75,-922.892029,132.235001],"rotationMatrix":[0.989103019,0.0134897809,-0.146609902,-0.0136367809,0.999907017,2.30001751e-06,0.146596313,0.00199689995,0.989194989],"scale":0.923500001,"type":"tro_tree_1_filler"}
{"ctxid":0,"pos":[-133.897995,-913.585999,146.427994],"rotationMatrix":[-0.664901972,-0.402754307,0.629235923,0.349133372,-0.912236571,-0.214965165,0.660495818,0.0767666027,0.746919751],"scale":1.02520001,"type":"tro_tree_1_filler"}
{"ctxid":0,"pos":[-140.727997,-920.601013,150.548996],"rotationMatrix":[-0.82404995,0.566697001,0,-0.566697001,-0.82404995,0,0,0,1],"scale":0.926500022,"type":"tro_tree_1_filler"}
{"ctxid":0,"pos":[-144.184006,-905.965027,150.634995],"rotationMatrix":[0.837891817,-0.545826852,0,0.545826852,0.837891817,0,0,0,1],"scale":1.05620003,"type":"tro_tree_1_filler"}
{"ctxid":0,"pos":[-133.292999,-895.401001,142.787003],"rotationMatrix":[-0.800063372,0.599957883,0,-0.599957883,-0.800063372,0,0,0,1],"scale":1.04980004,"type":"tro_tree_1_filler"}
{"ctxid":0,"pos":[-162.382004,-879.817993,151.518997],"rotationMatrix":[0.971487284,0.237080649,0,-0.237080649,0.971487284,0,0,0,1],"scale":0.888400018,"type":"tro_tree_1_filler"}
{"ctxid":0,"pos":[-203.255997,-876.096008,158.690994],"rotationMatrix":[-0.478168249,0.878269553,0,-0.878269553,-0.478168249,0,0,0,1],"scale":0.841600001,"type":"tro_tree_1_filler"}
{"ctxid":0,"pos":[-152.598007,-926.015015,152.755005],"rotationMatrix":[-0.67902422,0.558687329,0.475925267,-0.63522768,-0.772126913,7.56084919e-05,0.367589712,-0.302295625,0.879473925],"scale":0.94630003,"type":"tro_tree_1_filler"}
{"ctxid":0,"pos":[-151.401001,-934.234009,144.798004],"rotationMatrix":[0.333734512,0.580747008,0.742529094,-0.940747261,0.25540024,0.223069519,-0.0600926876,-0.772980213,0.631575704],"scale":0.876900017,"type":"tro_tree_1_filler"}
{"ctxid":0,"pos":[-142.106003,-934.18103,143.432999],"rotationMatrix":[-0.632624626,-0.774299502,0,0.774299502,-0.632624626,0,0,0,1],"scale":0.833199978,"type":"tro_tree_1_filler"}
{"ctxid":0,"pos":[-135.917999,-936.955017,135.408005],"rotationMatrix":[-0.863993049,-0.489443541,0.119219206,0.389260828,-0.798906088,-0.458768398,0.319756478,-0.349910647,0.880530834],"scale":1.08510005,"type":"tro_tree_1_filler"}
{"ctxid":0,"pos":[-161.289001,-943.807007,135.826004],"rotationMatrix":[0.893555045,0.448942184,0,-0.448942184,0.893555045,0,0,0,1],"scale":0.703199983,"type":"tro_tree_1_filler"}
{"ctxid":0,"pos":[-166.949997,-937.653015,141.487],"rotationMatrix":[-0.206728935,0.91051811,0.358177125,-0.960999072,-0.120151639,-0.249219149,-0.183888137,-0.395709723,0.899780452],"scale":1.08389997,"type":"tro_tree_1_filler"}
{"ctxid":0,"pos":[-173.906998,-923.52002,145.725998],"rotationMatrix":[0.747570276,0.576647878,0.32955566,-0.610755801,0.791814327,-4.78774309e-05,-0.260973305,-0.2012458,0.944135129],"scale":1.02419996,"type":"tro_tree_1_filler"}
{"ctxid":0,"pos":[-187.888,-927.159973,129.925995],"rotationMatrix":[0.941634536,0.130131751,0.310483336,-0.22297129,0.9320544,0.285604239,-0.252226055,-0.338159263,0.906667471],"scale":0.708999991,"type":"tro_tree_1_filler"}
{"ctxid":0,"pos":[-244.145996,-915.690979,125.918999],"rotationMatrix":[0.592837095,-0.805301785,0,0.805301785,0.592837095,0,0,0,1],"scale":0.824299991,"type":"tro_tree_1_filler"}
{"ctxid":0,"pos":[-244.740005,-935.55603,126.179001],"rotationMatrix":[-0.888790607,-0.458300889,0,0.458300889,-0.888790607,0,0,0,1],"scale":0.746100008,"type":"tro_tree_1_filler"}
{"ctxid":0,"pos":[-238.031006,-927.241028,119.773003],"rotationMatrix":[0.0938727856,0.995649517,0,-0.995649517,0.0938727856,0,0,0,1],"scale":1.06289995,"type":"tro_tree_1_filler"}
{"ctxid":0,"pos":[-219.516006,-928.620972,122.029999],"rotationMatrix":[0.959955513,-0.280141681,0,0.280141681,0.959955513,0,0,0,1],"scale":1.06900001,"type":"tro_tree_1_filler"}
{"ctxid":0,"pos":[-205.772995,-917.632019,125.802002],"rotationMatrix":[0.121922553,-0.992574811,0,0.992574811,0.121922553,0,0,0,1],"scale":1.08389997,"type":"tro_tree_1_filler"}
{"ctxid":0,"pos":[-200.919006,-934.754028,124.579002],"rotationMatrix":[-0.994403958,-0.104852997,0,0.104852997,-0.994403958,0,0,0,1],"scale":0.756200016,"type":"tro_tree_1_filler"}
{"ctxid":0,"pos":[-212.817001,-905.35498,137.503006],"rotationMatrix":[-0.808718324,-0.507822573,-0.297014892,0.580915987,-0.769085288,-0.266774565,-0.0929419324,-0.388263196,0.916852951],"scale":0.864199996,"type":"tro_tree_1_filler"}
{"ctxid":0,"pos":[-226.294998,-903.640015,131.207001],"rotationMatrix":[-0.367858052,0.929878831,0,-0.929878831,-0.367858052,0,0,0,1],"scale":1.06700003,"type":"tro_tree_1_filler"}
{"ctxid":0,"pos":[-140.389008,-938.52002,129.908997],"rotationMatrix":[0.886558354,0.347601414,-0.305268675,-0.145845994,0.836229265,0.528631866,0.439026922,-0.424141467,0.792061865],"scale":0.851000011,"type":"tro_tree_1_filler"}
{"ctxid":0,"pos":[-160.822998,-943.210999,131.128998],"rotationMatrix":[0.101062894,-0.684969485,-0.721470356,0.993032992,0.0258080959,0.114580959,-0.0599009991,-0.728052258,0.682877898],"scale":0.909500003,"type":"tro_tree_1_filler"}
{"ctxid":0,"pos":[-255.531006,-863.541992,163.203995],"rotationMatrix":[0.168985486,0.912171066,0.373384476,-0.983282745,0.182161212,-1.34110451e-06,-0.0680225641,-0.367136091,0.927677989],"scale":0.901899993,"type":"tro_tree_1_filler"}
{"ctxid":0,"pos":[-265.941986,-864.278015,164.917007],"rotationMatrix":[-0.889956951,0.455914915,0,-0.455914915,-0.889956951,0,0,0,1],"scale":0.830500007,"type":"tro_tree_1_filler"}
{"ctxid":0,"pos":[-281.523987,-864.757019,165.653],"rotationMatrix":[0.465628803,0.884932816,0,-0.884932816,0.465628803,0,0,0,1],"scale":0.787599981,"type":"tro_tree_1_filler"}
{"ctxid":0,"pos":[-282.298004,-864.629028,169.218002],"rotationMatrix":[-0.822799206,-0.485785007,-0.294340551,0.56432271,-0.757994533,-0.326526731,-0.0645239428,-0.434847921,0.898177505],"scale":0.934300005,"type":"tro_tree_1_filler"}
{"ctxid":0,"pos":[-271.838989,-859.190979,173.098999],"rotationMatrix":[0.167175889,0.985889256,0,-0.985889256,0.167175889,0,0,0,1],"scale":0.925800025,"type":"tro_tree_1_filler"}
{"ctxid":0,"pos":[-254.154999,-859.982971,171.589996],"rotationMatrix":[0.89928925,0.437355608,0,-0.437355608,0.89928925,0,0,0,1],"scale":0.840499997,"type":"tro_tree_1_filler"}
{"ctxid":0,"pos":[-285.5,-850.505005,183.647003],"rotationMatrix":[0.302506924,0.808153868,0.505372286,-0.951042771,0.291233599,0.103563175,-0.0634940863,-0.511952102,0.856667101],"scale":1.01230001,"type":"tro_tree_1_filler"}
{"ctxid":0,"pos":[-309.169006,-845.232971,192.205994],"rotationMatrix":[0.110631049,0.932575345,0.343750566,-0.925953388,0.222397566,-0.305348307,-0.361208588,-0.284482688,0.888037503],"scale":0.930299997,"type":"tro_tree_1_filler"}
{"ctxid":0,"pos":[-310.959015,-863.450012,168.654999],"rotationMatrix":[-0.0993486643,-0.962594271,-0.252132088,0.994728088,-0.102687359,8.64118338e-05,-0.0259703323,-0.250791013,0.967693269],"scale":0.768000007,"type":"tro_tree_1_filler"}
{"ctxid":0,"pos":[-323.109009,-860.187988,169.617996],"rotationMatrix":[-0.484612942,0.83765322,0.251835525,-0.863578975,-0.412450075,-0.289919436,-0.138979867,-0.357993066,0.923321247],"scale":0.965900004,"type":"tro_tree_1_filler"}
{"ctxid":0,"pos":[-336.153015,-857.757019,168.755005],"rotationMatrix":[0.99765259,-0.0684752166,-8.51396471e-05,0.0671882182,0.978661895,0.194172055,-0.0132138599,-0.19372192,0.980965734],"scale":1.01880002,"type":"tro_tree_1_filler"}
{"ctxid":0,"pos":[-346.286987,-853.278015,171.031998],"rotationMatrix":[0.56910789,-0.819280744,-0.0697893575,0.800128698,0.532247186,0.276550353,-0.189434648,-0.213225633,0.958460689],"scale":0.959699988,"type":"tro_tree_1_filler"}
{"ctxid":0,"pos":[-344.763,-841.013977,178.559998],"rotationMatrix":[-0.00936448574,-0.973663032,-0.228161126,1.00003612,-0.00962436199,3.58521938e-05,-0.00221200287,-0.228150398,0.9736256],"scale":1.01549995,"type":"tro_tree_1_filler"}
{"ctxid":0,"pos":[-342.70401,-833.68103,187.923004],"rotationMatrix":[0.777822256,-0.62847048,0,0.62847048,0.777822256,0,0,0,1],"scale":0.708999991,"type":"tro_tree_1_filler"}
{"ctxid":0,"pos":[-283.721985,-906.189026,156.421005],"rotationMatrix":[-0.0250256062,-0.999682724,0,0.999682724,-0.0250256062,0,0,0,1],"scale":0.875199974,"type":"tro_tree_1_filler"}
{"ctxid":0,"pos":[-291.424988,-891.455994,163.292007],"rotationMatrix":[0.393018425,0.919562221,0,-0.919562221,0.393018425,0,0,0,1],"scale":0.86650002,"type":"tro_tree_1_filler"}
{"ctxid":0,"pos":[-290.390015,-892.508972,162.990005],"rotationMatrix":[0.992727816,-0.12038292,0,0.12038292,0.992727816,0,0,0,1],"scale":0.902700007,"type":"tro_tree_1_filler"}
{"ctxid":0,"pos":[-317.609985,-884.190979,167.007996],"rotationMatrix":[0.998954833,-0.045707725,5.16395085e-05,0.0444203615,0.970552146,-0.236758426,0.0107717197,0.236513272,0.971568167],"scale":1.07739997,"type":"tro_tree_1_filler"}
{"ctxid":0,"pos":[-305.575989,-897.896973,162.705994],"rotationMatrix":[-0.157937646,0.987496018,0,-0.987496018,-0.157937646,0,0,0,1],"scale":0.756399989,"type":"tro_tree_1_filler"}
{"ctxid":0,"pos":[-304.704987,-898.601013,162.417999],"rotationMatrix":[0.985753298,-0.168192312,0,0.168192312,0.985753298,0,0,0,1],"scale":1.09150004,"type":"tro_tree_1_filler"}
{"ctxid":0,"pos":[-299.488007,-916.163025,159.341995],"rotationMatrix":[-0.680677772,0.732443333,0,-0.732443333,-0.680677772,0,0,0,1],"scale":0.87529999,"type":"tro_tree_1_filler"}
{"ctxid":0,"pos":[-307.053986,-929.814026,156.819],"rotationMatrix":[-0.143374443,0.989734888,0,-0.989734888,-0.143374443,0,0,0,1],"scale":1.05770004,"type":"tro_tree_1_filler"}
{"ctxid":0,"pos":[-289.467987,-920.190002,153.324997],"rotationMatrix":[0.141849279,-0.989891946,1.37761235e-05,0.975779355,0.139824569,-0.168258667,0.166555256,0.0238814205,0.985742927],"scale":1.09309995,"type":"tro_tree_1_filler"}
{"ctxid":0,"pos":[-291.141998,-944.403992,148.046997],"rotationMatrix":[0.390345812,-0.838190198,-0.380896658,0.79303968,0.516266942,-0.323370457,0.467689246,-0.175833717,0.866228938],"scale":1.01189995,"type":"tro_tree_1_filler"}
{"ctxid":0,"pos":[-291.138,-955.338013,152.248001],"rotationMatrix":[-0.543524504,-0.839494586,0,0.839494586,-0.543524504,0,0,0,1],"scale":0.852699995,"type":"tro_tree_1_filler"}
{"ctxid":0,"pos":[-293.584991,-962.911987,153.020004],"rotationMatrix":[0.721294284,-0.692620754,0,0.692620754,0.721294284,0,0,0,1],"scale":0.761500001,"type":"tro_tree_1_filler"}
{"ctxid":0,"pos":[-301.621002,-960.882996,159.477997],"rotationMatrix":[0.799148798,0.601159334,0,-0.601159334,0.799148798,0,0,0,1],"scale":0.991400003,"type":"tro_tree_1_filler"}
{"ctxid":0,"pos":[-300.68399,-944.672974,156.718002],"rotationMatrix":[0.430328667,-0.902700186,0,0.902700186,0.430328667,0,0,0,1],"scale":0.942099988,"type":"tro_tree_1_filler"}
{"ctxid":0,"pos":[-307.536987,-978.289001,154.067993],"rotationMatrix":[-0.631482124,-0.708842516,-0.314493716,0.774241567,-0.599185705,-0.204101726,-0.0437494814,-0.37235707,0.927061021],"scale":0.803600013,"type":"tro_tree_1_filler"}
{"ctxid":0,"pos":[-322.571991,-899.119019,162.25],"rotationMatrix":[0.999981999,-0.00600000005,0,0.00600000005,0.999981999,0,0,0,1],"scale":1.22749996,"type":"tro_tree_1_filler"}
{"ctxid":0,"pos":[-326.928009,-943.893005,153.315002],"rotationMatrix":[0.905463994,0.261323988,0.334437579,-0.277317584,0.96077913,8.00825655e-05,-0.3213,-0.0928160846,0.942419112],"scale":0.855400026,"type":"tro_tree_1_filler"}
{"ctxid":0,"pos":[-324.118011,-955.880005,151.382004],"rotationMatrix":[0.407357931,-0.913287997,-8.04662704e-07,0.857656002,0.382542014,0.343692809,-0.313880801,-0.140012801,0.939084053],"scale":0.931500018,"type":"tro_tree_1_filler"}
{"ctxid":0,"pos":[-333.596985,-894.541992,163.716003],"rotationMatrix":[0.0667487979,0.997735858,0,-0.997735858,0.0667487979,0,0,0,1],"scale":0.757099986,"type":"tro_tree_1_filler"}
{"ctxid":0,"pos":[-339.019012,-915.914001,149.164993],"rotationMatrix":[-0.588921309,-0.774173617,-0.231672347,0.608784795,-0.613552451,0.502769589,-0.531411231,0.155085176,0.832787097],"scale":0.875500023,"type":"tro_tree_1_filler"}
{"ctxid":0,"pos":[-337.053986,-941.510986,145.197998],"rotationMatrix":[0.515538812,0.814262152,0.266958565,-0.771454096,0.576646864,-0.269069076,-0.373025924,-0.0672064349,0.925389528],"scale":1.05669999,"type":"tro_tree_1_filler"}
{"ctxid":0,"pos":[-335.708008,-957.289001,143.542007],"rotationMatrix":[0.885259807,0.257132053,0.387559682,-0.278972149,0.960299969,0.000101555139,-0.372147709,-0.108206242,0.921846211],"scale":0.896600008,"type":"tro_tree_1_filler"}
{"ctxid":0,"pos":[-344.338989,-947.856018,138.246002],"rotationMatrix":[0.164072394,-0.986414552,-1.31428242e-05,0.837359786,0.139278769,0.528546572,-0.521384954,-0.0867132843,0.848897219],"scale":0.877900004,"type":"tro_tree_1_filler"}
{"ctxid":0,"pos":[-340.592987,-970.445984,135.227997],"rotationMatrix":[0.890449286,0.355090737,0.284662604,-0.384270549,0.921749771,0.0522428751,-0.243840858,-0.155896634,0.95720768],"scale":0.993300021,"type":"tro_tree_1_filler"}
{"ctxid":0,"pos":[-349.803009,-916.937012,141.126999],"rotationMatrix":[0.379644573,0.9251436,-3.92347574e-05,-0.814304471,0.334138155,-0.474638999,-0.439088762,0.18023099,0.880182862],"scale":0.826300025,"type":"tro_tree_1_filler"}
{"ctxid":0,"pos":[-355.617004,-923.04303,135.524994],"rotationMatrix":[0.739267111,-0.594078898,0.317120343,0.587212205,0.799206197,0.128295064,-0.329661638,0.0913680643,0.939668834],"scale":0.734700024,"type":"tro_tree_1_filler"}
{"ctxid":0,"pos":[-275.688995,-923.296997,137.507004],"rotationMatrix":[-0.363919854,0.89440155,0.259515762,-0.87185657,-0.425135732,0.242599234,0.327366471,-0.137963876,0.934764564],"scale":0.801599979,"type":"tro_tree_1_filler"}
{"ctxid":0,"pos":[-267.928009,-917.890991,135.557007],"rotationMatrix":[0.389943659,0.881886959,-0.264805526,-0.857208252,0.452692688,0.245307967,0.336215109,0.131367251,0.932572424],"scale":0.767400026,"type":"tro_tree_1_filler"}
{"ctxid":0,"pos":[-271.100006,-929.343994,136.529999],"rotationMatrix":[0.917910755,-0.235349461,-0.319476306,0.248325929,0.968679428,-0.000112563372,0.309497535,-0.0792238414,0.947599173],"scale":0.78609997,"type":"tro_tree_1_filler"}
{"ctxid":0,"pos":[-264.01001,-939.406006,123.789001],"rotationMatrix":[0.358382106,-0.933540463,0,0.933540463,0.358382106,0,0,0,1],"scale":0.969200015,"type":"tro_tree_1_filler"}
{"ctxid":0,"pos":[-372.229004,-882.56897,154.197998],"rotationMatrix":[0.423122406,0.865919471,0.266642004,-0.879167438,0.463536441,-0.110223994,-0.219041198,-0.187798396,0.95747],"scale":0.899100006,"type":"tro_tree_1_filler"}
{"ctxid":0,"pos":[-362.385986,-883.674988,153.623001],"rotationMatrix":[-0.284849524,-0.901782215,-0.324913681,0.957740247,-0.254004717,-0.134671658,0.0389059335,-0.349559277,0.93610394],"scale":0.841300011,"type":"tro_tree_1_filler"}
{"ctxid":0,"pos":[-353.806,-887.61499,148.587006],"rotationMatrix":[0.916210413,0.400681168,-8.9071691e-05,-0.366004795,0.83701539,0.40671885,0.163051873,-0.372604787,0.913545966],"scale":0.986299992,"type":"tro_tree_1_filler"}
{"ctxid":0,"pos":[-371.803986,-888.963989,148.097],"rotationMatrix":[-0.873975039,0.485794634,-3.0323863e-05,-0.404482633,-0.727716565,-0.553773046,-0.269054294,-0.484018952,0.83265847],"scale":0.714600027,"type":"tro_tree_1_filler"}
{"ctxid":0,"pos":[-362.889008,-898.606995,134.416],"rotationMatrix":[-0.606996775,0.722299635,0.331458092,-0.777326524,-0.452824473,-0.436734855,-0.165362433,-0.522739947,0.836301923],"scale":1.02450001,"type":"tro_tree_1_filler"}
{"ctxid":0,"pos":[-351.571991,-897.929016,141.794006],"rotationMatrix":[-0.850337386,0.526377559,-7.84397125e-05,-0.508577585,-0.821622133,-0.25774157,-0.135728434,-0.219108447,0.966215253],"scale":0.978299975,"type":"tro_tree_1_filler"}
{"ctxid":0,"pos":[-359.269012,-913.411011,129.514008],"rotationMatrix":[-0.713840961,0.700384676,0,-0.700384676,-0.713840961,0,0,0,1],"scale":0.819000006,"type":"tro_tree_1_filler"}
{"ctxid":0,"pos":[-360.229004,-922.629028,124.375999],"rotationMatrix":[0.0626865625,0.97058475,0.232359037,-0.855485201,0.172162175,-0.48832947,-0.513975322,-0.168183729,0.841151595],"scale":1.04149997,"type":"tro_tree_1_filler"}
{"ctxid":0,"pos":[-315.028992,-977.14502,149.587997],"rotationMatrix":[-0.213212729,0.952750802,0.216348529,-0.92209208,-0.123039246,-0.366889536,-0.322934926,-0.277718663,0.904757082],"scale":0.733900011,"type":"tro_tree_1_filler"}
{"ctxid":0,"pos":[-325.977997,-981.572021,141.938995],"rotationMatrix":[-0.606348872,-0.795287848,0,0.795287848,-0.606348872,0,0,0,1],"scale":0.890100002,"type":"tro_tree_1_filler"}
{"ctxid":0,"pos":[-318.623993,-985.03302,143.535004],"rotationMatrix":[-0.517630458,-0.855594456,0,0.855594456,-0.517630458,0,0,0,1],"scale":0.747900009,"type":"tro_tree_1_filler"}
{"ctxid":0,"pos":[-318.388,-989.369019,135.046005],"rotationMatrix":[0.156205118,0.806590378,0.570136428,-0.981786549,0.190097451,5.93960285e-05,-0.108345479,-0.5597471,0.821555674],"scale":0.769500017,"type":"tro_tree_1_filler"}
{"ctxid":0,"pos":[-308.165009,-988.797974,131.576996],"rotationMatrix":[0.147557855,0.764833331,0.627048671,-0.981850266,0.189490616,-9.17315483e-05,-0.118870139,-0.61567843,0.77896893],"scale":1.07029998,"type":"tro_tree_1_filler"}
{"ctxid":0,"pos":[-308.395996,-985.830994,143.550995],"rotationMatrix":[0.0299677253,0.907185853,0.41966182,-0.999455273,0.0330057144,2.16364861e-05,-0.0138316602,-0.419433802,0.907680571],"scale":0.998700023,"type":"tro_tree_1_filler"}
{"ctxid":0,"pos":[-288.682007,-983.067017,140.686996],"rotationMatrix":[0.378641367,-0.79659313,-0.471113086,0.903102815,0.429293334,-6.49094582e-05,0.202270925,-0.425480932,0.882059634],"scale":0.82099998,"type":"tro_tree_1_filler"}
{"ctxid":0,"pos":[-286.850006,-986.947021,127.697998],"rotationMatrix":[0.87820673,-0.369739324,-0.30338043,0.464506656,0.81047672,0.356863439,0.113931559,-0.454324543,0.883517385],"scale":1.09560001,"type":"tro_tree_1_filler"}
{"ctxid":0,"pos":[-282.904999,-975.065979,128.591995],"rotationMatrix":[-0.133442044,-0.955133259,-0.26403892,0.901367247,-0.00627923012,-0.432807863,0.411744058,-0.295814157,0.861937821],"scale":1.06260002,"type":"tro_tree_1_filler"}
{"ctxid":0,"pos":[-280.596008,-949.72699,135.091003],"rotationMatrix":[-0.937364817,-0.0244684033,0.347739905,-0.0471812002,-0.979539871,-0.19609639,0.345392078,-0.200202793,0.91685915],"scale":1.06270003,"type":"tro_tree_1_filler"}
{"ctxid":0,"pos":[-282.34201,-914.752991,145.598007],"rotationMatrix":[-0.316116333,0.874574482,0.367753655,-0.846379578,-0.435107708,0.307214022,0.428678006,-0.21414566,0.877713919],"scale":0.736299992,"type":"tro_tree_1_filler"}
{"ctxid":0,"pos":[-317.69101,-988.213989,128.423996],"rotationMatrix":[0.998483479,-0.0550520979,3.92980874e-05,0.0371899791,0.675039291,0.736848891,-0.0405911393,-0.735729992,0.676063001],"scale":0.801400006,"type":"tro_tree_1_filler"}
{"ctxid":0,"pos":[-426.816986,-855.692017,157.606995],"rotationMatrix":[-0.766345263,-0.570643783,-0.294750601,0.544888139,-0.820564032,0.171937793,-0.340013415,-0.0288341939,0.939974785],"scale":0.633300006,"type":"tro_tree_1_filler"}
{"ctxid":0,"pos":[-424.744995,-866.921997,148.850006],"rotationMatrix":[0.288619995,0.834603608,0.469277203,-0.917365253,0.381427109,-0.114144742,-0.274272382,-0.397523284,0.875651121],"scale":0.810699999,"type":"tro_tree_1_filler"}
{"ctxid":0,"pos":[-400.540009,-869.280029,154.682999],"rotationMatrix":[-0.0870711803,0.952264786,0.292619884,-0.973915219,-0.0195727348,-0.226099819,-0.209580123,-0.304669827,0.929114401],"scale":0.770900011,"type":"tro_tree_1_filler"}
{"ctxid":0,"pos":[-464.77301,-784.79303,195.619995],"rotationMatrix":[0.547318995,0.812141418,0.202247187,-0.832855225,0.504639506,0.227442831,0.0826425999,-0.292923838,0.952559471],"scale":0.785399973,"type":"tro_tree_1_filler"}
{"ctxid":0,"pos":[-473.908997,-788.380981,190.692001],"rotationMatrix":[-0.600371838,0.681613564,0.418141663,-0.790906429,-0.583261371,-0.184825093,0.117925689,-0.441697091,0.889375806],"scale":0.981400013,"type":"tro_tree_1_filler"}
{"ctxid":0,"pos":[-490.001007,-792.047974,193.735992],"rotationMatrix":[0.783220708,-0.605901361,-0.13960883,0.61778307,0.732904434,0.285037935,-0.0703647435,-0.309493244,0.948299885],"scale":1.07379997,"type":"tro_tree_1_filler"}
{"ctxid":0,"pos":[-475.792999,-784.60199,195.858002],"rotationMatrix":[0.663800001,-0.747922003,0,0.747922003,0.663800001,0,0,0,1],"scale":1.01520002,"type":"tro_tree_1_filler"}
{"ctxid":0,"pos":[-493.824005,-853.140991,155.322006],"rotationMatrix":[0.940767586,0.339049459,-3.81022692e-05,-0.284320593,0.788973927,0.544679224,0.184706107,-0.512405217,0.838641524],"scale":0.704900026,"type":"tro_tree_1_filler"}
{"ctxid":0,"pos":[-492.912994,-858.497986,146.617996],"rotationMatrix":[0.223695517,-0.770407617,-0.597059309,0.96034044,0.278909087,-7.38203526e-05,0.166595325,-0.573346138,0.802204609],"scale":0.722500026,"type":"tro_tree_1_filler"}
{"ctxid":0,"pos":[-486.274994,-849.541992,152.063004],"rotationMatrix":[0.971236646,0.169165492,-0.167588532,-0.110223293,0.943226516,0.313339025,0.211077482,-0.2858558,0.934740901],"scale":0.743300021,"type":"tro_tree_1_filler"}
{"ctxid":0,"pos":[-481.501007,-857.130981,146.459],"rotationMatrix":[0.643242776,-0.680041134,-0.351872861,0.75053364,0.650953889,0.113970414,0.151557326,-0.337393165,0.929086924],"scale":1.09899998,"type":"tro_tree_1_filler"}
{"ctxid":0,"pos":[-477.562988,-867.544006,133.615005],"rotationMatrix":[-0.760063171,-0.64972806,0,0.64972806,-0.760063171,0,0,0,1],"scale":0.814700007,"type":"tro_tree_1_filler"}
{"ctxid":0,"pos":[-448.437012,-872.138,140.843994],"rotationMatrix":[0.911631942,0.411025077,0,-0.411025077,0.911631942,0,0,0,1],"scale":0.924600005,"type":"tro_tree_1_filler"}
{"ctxid":0,"pos":[-417.007996,-875.513977,149.554001],"rotationMatrix":[0.926403999,0.150076777,0.345347673,-0.293881416,0.861557841,0.413974673,-0.23541829,-0.48499307,0.842250824],"scale":0.961899996,"type":"tro_tree_1_filler"}
{"ctxid":0,"pos":[-405.417999,-875.132019,149.231003],"rotationMatrix":[-0.295340776,0.802633584,0.518257618,-0.951466858,-0.197847843,-0.235800818,-0.0867318213,-0.562734902,0.82207799],"scale":0.90140003,"type":"tro_tree_1_filler"}
{"ctxid":0,"pos":[-423.492004,-876.762024,143.619995],"rotationMatrix":[0.650517702,-0.729291618,-0.212004989,0.753660381,0.585377693,0.298851013,-0.0938528255,-0.3541888,0.930451035],"scale":0.81370002,"type":"tro_tree_1_filler"}
{"ctxid":0,"pos":[-409.985992,-880.078003,140.509995],"rotationMatrix":[0.961187005,-0.0568341874,0.269970745,-0.135064542,0.756344438,0.640053034,-0.240565792,-0.651674867,0.71931231],"scale":0.925000012,"type":"tro_tree_1_filler"}
{"ctxid":0,"pos":[-398.786011,-884.609009,138.119003],"rotationMatrix":[0.990490198,-0.137582347,-1.61677599e-06,0.113733903,0.818794966,0.562702715,-0.0774177015,-0.557351649,0.826656461],"scale":0.936999977,"type":"tro_tree_1_filler"}
{"ctxid":0,"pos":[-480.104004,-875.182007,128.703995],"rotationMatrix":[-0.904951096,-0.312965751,-0.287911952,0.404216647,-0.843331456,-0.353815705,-0.132097542,-0.436610907,0.88989228],"scale":1.0302,"type":"tro_tree_1_filler"}
{"ctxid":0,"pos":[-451.427002,-879.31897,133.697998],"rotationMatrix":[-0.778983951,-0.537682116,-0.322876811,0.61415416,-0.758337975,-0.218869403,-0.127146378,-0.368764222,0.920790017],"scale":1.01010001,"type":"tro_tree_1_filler"}
{"ctxid":0,"pos":[-391.204987,-885.247986,140.065002],"rotationMatrix":[-0.1534096,0.914848804,0.373512119,-0.986229062,-0.165366888,-3.08454037e-05,0.0617394149,-0.368374199,0.92762512],"scale":0.779600024,"type":"tro_tree_1_filler"}
{"ctxid":0,"pos":[-383.230988,-902.486023,126.620003],"rotationMatrix":[0.814987183,-0.579497278,6.61611557e-05,0.526427805,0.740394294,0.417994976,-0.24226208,-0.340630114,0.908455133],"scale":0.764500022,"type":"tro_tree_1_filler"}
{"ctxid":0,"pos":[-624.169006,-28.9503002,187.600006],"rotationMatrix":[-0.996344447,-0.0529013425,-0.0697671175,0.0364776626,-0.975322723,0.218585029,-0.0795951188,0.215201035,0.973323226],"scale":0.935800016,"type":"tro_tree_1_filler"}
{"ctxid":0,"pos":[-587.200989,-27.8048,191.240005],"rotationMatrix":[0.764427543,0.644735515,0,-0.644735515,0.764427543,0,0,0,1],"scale":1.04960001,"type":"tro_tree_1_filler"}
