{"ctxid":0,"pos":[-128.595993,-15.9455004,166.636993],"rotationMatrix":[0.972476125,-0.199703068,-0.119837001,0.226121306,0.932820737,0.280481398,0.055773437,-0.299859166,0.952349305],"scale":1.02960002,"type":"tro_tree_1_huge"}
{"ctxid":0,"pos":[-148.328003,-73.3920975,151.787003],"rotationMatrix":[0.896419823,0.442932367,0,-0.442932367,0.896419823,0,0,0,1],"scale":1.16939998,"type":"tro_tree_1_huge"}
{"ctxid":0,"pos":[-232.158783,-17.3985939,184.675995],"rotationMatrix":[-0.963561356,-0.266955316,0,0.266955316,-0.963561356,0,0,0,1],"scale":1.10039997,"type":"tro_tree_1_huge"}
{"ctxid":0,"pos":[-242.483994,-116.806557,152.085693],"rotationMatrix":[0.973552287,-0.228305817,0,0.228305817,0.973552287,0,0,0,1],"scale":1.09630001,"type":"tro_tree_1_huge"}
{"ctxid":0,"pos":[-44.2448997,-384.121002,132.314529],"rotationMatrix":[0.948927939,-0.315477163,0,0.315477163,0.948927939,0,0,0,1],"scale":0.939599991,"type":"tro_tree_1_huge"}
{"ctxid":0,"pos":[-310.080994,-116.357002,161.955002],"rotationMatrix":[0.947569907,-0.316368937,0.0449083187,0.315119028,0.948482454,0.0328008384,-0.0529723205,-0.0169288404,0.998452425],"scale":1.05690002,"type":"tro_tree_1_huge"}
{"ctxid":0,"pos":[-268.690002,-151.505997,149.695084],"rotationMatrix":[-0.538257957,0.842621565,0,-0.842621565,-0.538257957,0,0,0,1],"scale":1.10570002,"type":"tro_tree_1_huge"}
{"ctxid":0,"pos":[-417.084015,-119.575996,161.080994],"rotationMatrix":[0.986698329,0.154534996,-0.0504555739,-0.154333353,0.987987518,0.00789195392,0.0510690399,0,0.998695135],"scale":1.61269999,"type":"tro_tree_1_huge"}
{"ctxid":0,"pos":[-460.697998,-247.132996,136.914597],"rotationMatrix":[-0.612807989,0.790060401,0,-0.790060401,-0.612807989,0,0,0,1],"scale":1.33050001,"type":"tro_tree_1_huge"}
{"ctxid":0,"pos":[-90.057373,-814.17865,128.615448],"rotationMatrix":[0.680220008,0.731820524,0.0417012982,-0.732926309,0.679890692,0.0238164123,-0.0109231193,-0.0467643589,0.998846173],"scale":1.18620002,"type":"tro_tree_1_huge"}
{"ctxid":0,"pos":[-251.955002,-593.867981,152.199997],"rotationMatrix":[0.943080604,0.332575172,0,-0.332575172,0.943080604,0,0,0,1],"scale":1.09560001,"type":"tro_tree_1_huge"}
{"ctxid":0,"pos":[-304.290985,-753.612976,184.626999],"rotationMatrix":[-0.0355604887,-0.998889685,0.0288516004,0.999305725,-0.0355768204,-5.14397398e-05,0.0010796003,0.028831441,0.999583662],"scale":0.943400025,"type":"tro_tree_1_huge"}
{"ctxid":0,"pos":[-536.579163,-211.876648,148.732712],"rotationMatrix":[-0.394225597,0.918516755,0.0315201581,-0.918931127,-0.394508004,0.00304907933,0.0152342413,-0.0277621206,0.999498487],"scale":0.988600016,"type":"tro_tree_1_huge"}
{"ctxid":0,"pos":[-819.065979,-497.152008,189.033798],"rotationMatrix":[-0.445339918,0.895325303,0,-0.895325303,-0.445339918,0,0,0,1],"scale":1.1473,"type":"tro_tree_1_huge"}
{"ctxid":0,"pos":[-856.778015,-466.113007,190.607788],"rotationMatrix":[-0.942420363,-0.334872901,0,0.334872901,-0.942420363,0,0,0,1],"scale":1.18420005,"type":"tro_tree_1_huge"}
{"ctxid":0,"pos":[-631.848999,-727.211975,197.788635],"rotationMatrix":[-0.027031064,-0.999656975,0,0.999656975,-0.027031064,0,0,0,1],"scale":0.962199986,"type":"tro_tree_1_huge"}
{"ctxid":0,"pos":[-516.750977,-785.153015,188.526993],"rotationMatrix":[-0.919232368,0.393407375,0,-0.393407375,-0.919232368,0,0,0,1],"scale":1.39610004,"type":"tro_tree_1_huge"}
{"ctxid":0,"pos":[-922.945007,-736.257019,137.197006],"rotationMatrix":[-0.613167286,-0.78978914,0,0.78978914,-0.613167286,0,0,0,1],"scale":1.12890005,"type":"tro_tree_1_huge"}
{"ctxid":0,"pos":[-107.551003,681.570984,160.776993],"rotationMatrix":[0.946167409,-0.298536003,-0.125049904,0.302317977,0.953128934,0.011994699,0.115607299,-0.0491558984,0.99207747],"scale":0.98180002,"type":"tro_tree_1_huge"}
{"ctxid":0,"pos":[-167.559006,531.953979,224.455994],"rotationMatrix":[-0.987619281,0.156712681,0,-0.156712681,-0.987619281,0,0,0,1],"scale":0.989000022,"type":"tro_tree_1_huge"}
{"ctxid":0,"pos":[-290.194,722.89801,174.645004],"rotationMatrix":[0.428619504,0.903518796,0,-0.903518796,0.428619504,0,0,0,1],"scale":1.00440001,"type":"tro_tree_1_huge"}
{"ctxid":0,"pos":[-474.472992,500.044006,168.009995],"rotationMatrix":[-0.588118434,0.808940589,0,-0.808940589,-0.588118434,0,0,0,1],"scale":1.02030003,"type":"tro_tree_1_huge"}
{"ctxid":0,"pos":[-27.7266998,428.315002,247.445999],"rotationMatrix":[-0.784160614,-0.620725393,0,0.620725393,-0.784160614,0,0,0,1],"scale":1.04620004,"type":"tro_tree_1_huge"}
{"ctxid":0,"pos":[-22.7691002,351.871002,285.528992],"rotationMatrix":[-0.959803939,-0.281329602,0,0.281329602,-0.959803939,0,0,0,1],"scale":1.18550003,"type":"tro_tree_1_huge"}
{"ctxid":0,"pos":[-102.828003,165.813004,246.136002],"rotationMatrix":[0.909006238,0.41678822,0,-0.41678822,0.909006238,0,0,0,1],"scale":0.968100011,"type":"tro_tree_1_huge"}
{"ctxid":0,"pos":[-174.830994,211.531998,260.846008],"rotationMatrix":[0.162781954,-0.986675024,0,0.986675024,0.162781954,0,0,0,1],"scale":1.10189998,"type":"tro_tree_1_huge"}
{"ctxid":0,"pos":[-126.713013,154.145157,240.379562],"rotationMatrix":[0.875199914,0.483762652,0,-0.483762652,0.875199914,0,0,0,1],"scale":1.01349998,"type":"tro_tree_1_huge"}
{"ctxid":0,"pos":[-258.113678,365.921997,200.905975],"rotationMatrix":[-0.992313743,-0.123695076,-6.91600144e-05,0.12335366,-0.98953259,-0.0748066828,0.00918359309,-0.074240841,0.997197986],"scale":1.16349995,"type":"tro_tree_1_huge"}
{"ctxid":0,"pos":[-374.737061,374.618195,165.48642],"rotationMatrix":[0.454449117,0.889771223,-0.0422497094,-0.89060986,0.4547638,-0.00239479914,0.0170830823,0.0387161598,0.999104261],"scale":1.68519998,"type":"tro_tree_1_huge"}
{"ctxid":0,"pos":[-332.458008,310.345001,206.817993],"rotationMatrix":[0.778626502,0.627512157,5.12795523e-05,-0.626788914,0.777732968,-0.0479361601,-0.0301183201,0.037292961,0.998850465],"scale":1.04630005,"type":"tro_tree_1_huge"}
{"ctxid":0,"pos":[-422.718994,270.717987,163.882004],"rotationMatrix":[-0.750320554,0.661024332,0,-0.661024332,-0.750320554,0,0,0,1],"scale":1.14139998,"type":"tro_tree_1_huge"}
{"ctxid":0,"pos":[-444.041992,369.89801,156.947998],"rotationMatrix":[0.914301991,-0.405016184,0,0.405016184,0.914301991,0,0,0,1],"scale":0.916899979,"type":"tro_tree_1_huge"}
{"ctxid":0,"pos":[-264.466003,9.63436127,192.723007],"rotationMatrix":[-0.973289847,-0.229650959,0,0.229650959,-0.973289847,0,0,0,1],"scale":1.3527,"type":"tro_tree_1_huge"}
{"ctxid":0,"pos":[-431.21463,219.80069,160.215714],"rotationMatrix":[-0.690326333,-0.722856998,0.028170947,0.72335434,-0.690217972,0.0149674285,0.00862507988,0.0307121184,0.999491036],"scale":1.34990001,"type":"tro_tree_1_huge"}
{"ctxid":0,"pos":[-517.343018,606.643982,165.289993],"rotationMatrix":[0.339899421,0.94045651,0,-0.94045651,0.339899421,0,0,0,1],"scale":1.32379997,"type":"tro_tree_1_huge"}
{"ctxid":0,"pos":[-502.30899,261.779999,142.701004],"rotationMatrix":[0.449379861,-0.893354177,0,0.893354177,0.449379861,0,0,0,1],"scale":1.14479995,"type":"tro_tree_1_huge"}
{"ctxid":0,"pos":[880.039978,-361.875,135.552994],"rotationMatrix":[-0.323889971,-0.946054041,0,0.946054041,-0.323889971,0,0,0,1],"scale":1.27129996,"type":"tro_tree_1_huge"}
{"ctxid":0,"pos":[930.715027,-394.55899,164.431],"rotationMatrix":[-0.767951965,-0.640652239,0,0.640652239,-0.767951965,0,0,0,1],"scale":1.30990005,"type":"tro_tree_1_huge"}
{"ctxid":0,"pos":[824.299988,-470.386993,174.026001],"rotationMatrix":[-0.252944469,0.967371285,0,-0.967371285,-0.252944469,0,0,0,1],"scale":0.902499974,"type":"tro_tree_1_huge"}
{"ctxid":0,"pos":[745.283997,-475.028015,184.981003],"rotationMatrix":[-0.363426805,0.931214333,-0.0301579814,-0.931669712,-0.36349535,0.00337258074,-0.00781962089,0.0293211825,0.999539495],"scale":1.09329998,"type":"tro_tree_1_huge"}
{"ctxid":0,"pos":[887.169983,-605.278015,148.929001],"rotationMatrix":[0.233677983,0.972325206,0,-0.972325206,0.233677983,0,0,0,1],"scale":1.14999998,"type":"tro_tree_1_huge"}
{"ctxid":0,"pos":[762.231018,-513.414001,189.852997],"rotationMatrix":[-0.654744387,0.755695701,0,-0.755695701,-0.654744387,0,0,0,1],"scale":1.49419999,"type":"tro_tree_1_huge"}
{"ctxid":0,"pos":[412.428284,-96.9197464,205.984482],"rotationMatrix":[-0.488178372,0.871686339,-0.043990843,-0.870624959,-0.489898056,-0.0458551422,-0.0615187176,0.0159165207,0.997979105],"scale":1.14450002,"type":"tro_tree_1_huge"}
{"ctxid":0,"pos":[339.157013,-5.56716776,233.297775],"rotationMatrix":[0.925460398,0.365966022,0.0979598388,-0.366401613,0.930351198,-0.0141561199,-0.0963177606,-0.0227906797,0.995089829],"scale":1.09329998,"type":"tro_tree_1_huge"}
{"ctxid":0,"pos":[92.7342987,-108.170998,134.404999],"rotationMatrix":[-0.909839511,-0.415309995,0,0.415309995,-0.909839511,0,0,0,1],"scale":1.31060004,"type":"tro_tree_1_huge"}
{"ctxid":0,"pos":[1.05219996,-186.186996,150.004593],"rotationMatrix":[-0.778498054,0.6278494,0,-0.6278494,-0.778498054,0,0,0,1],"scale":1.49419999,"type":"tro_tree_1_huge"}
{"ctxid":0,"pos":[64.7456818,-222.750839,144.042969],"rotationMatrix":[0.477947354,0.878323257,0,-0.878323257,0.477947354,0,0,0,1],"scale":1.19029999,"type":"tro_tree_1_huge"}
{"ctxid":0,"pos":[169.574997,-283.278992,142.949997],"rotationMatrix":[0.931697905,0.363242894,0,-0.363242894,0.931697905,0,0,0,1],"scale":1.00380003,"type":"tro_tree_1_huge"}
{"ctxid":0,"pos":[37.3532982,-271.187012,131.699905],"rotationMatrix":[0.268191993,-0.963363707,0,0.963363707,0.268191993,0,0,0,1],"scale":1.18260002,"type":"tro_tree_1_huge"}
{"ctxid":0,"pos":[353.252991,-649.268982,137.684006],"rotationMatrix":[0.0320030451,0.999442577,0,-0.999442577,0.0320030451,0,0,0,1],"scale":1.08580005,"type":"tro_tree_1_huge"}
{"ctxid":0,"pos":[551.197021,739.906006,147.811005],"rotationMatrix":[0.978987515,0.203913495,0,-0.203913495,0.978987515,0,0,0,1],"scale":1.15620005,"type":"tro_tree_1_huge"}
{"ctxid":0,"pos":[725.075989,283.371002,138.839996],"rotationMatrix":[-0.654016614,0.756620824,0,-0.756620824,-0.654016614,0,0,0,1],"scale":0.900600016,"type":"tro_tree_1_huge"}
{"ctxid":0,"pos":[554.311646,430.260071,171.649673],"rotationMatrix":[0.630999625,0.775635242,0,-0.775635242,0.630999625,0,0,0,1],"scale":1.68439996,"type":"tro_tree_1_huge"}
{"ctxid":0,"pos":[579.65802,346.364014,185.876999],"rotationMatrix":[-0.399464488,-0.916803956,0,0.916803956,-0.399464488,0,0,0,1],"scale":1.08150005,"type":"tro_tree_1_huge"}
{"ctxid":0,"pos":[585.203979,328.825012,183.862],"rotationMatrix":[-0.990411639,-0.138067842,0,0.138067842,-0.990411639,0,0,0,1],"scale":1.03929996,"type":"tro_tree_1_huge"}
{"ctxid":0,"pos":[582.344971,326.958008,183.013],"rotationMatrix":[0.663143635,-0.748487532,0,0.748487532,0.663143635,0,0,0,1],"scale":2.15540004,"type":"tro_tree_1_huge"}
{"ctxid":0,"pos":[460.342987,431.263,193.888],"rotationMatrix":[-0.0780992508,-0.99704361,0,0.99704361,-0.0780992508,0,0,0,1],"scale":1.45060003,"type":"tro_tree_1_huge"}
{"ctxid":0,"pos":[433.289062,345.109955,179.214111],"rotationMatrix":[0.484449267,-0.874824643,0,0.874824643,0.484449267,0,0,0,1],"scale":1.23959994,"type":"tro_tree_1_huge"}
{"ctxid":0,"pos":[426.640015,99.0400009,211.576996],"rotationMatrix":[-0.696850538,-0.717352688,0,0.717352688,-0.696850538,0,0,0,1],"scale":1.477,"type":"tro_tree_1_huge"}
{"ctxid":0,"pos":[432.570007,120.473999,208.304993],"rotationMatrix":[0.00961261988,0.99995774,0,-0.99995774,0.00961261988,0,0,0,1],"scale":1.07809997,"type":"tro_tree_1_huge"}
{"ctxid":0,"pos":[343.288666,44.1484261,242.826508],"rotationMatrix":[0.936204076,0.351449072,0,-0.351449072,0.936204076,0,0,0,1],"scale":1.21270001,"type":"tro_tree_1_huge"}
{"ctxid":0,"pos":[183.75,377.306,248.593002],"rotationMatrix":[0.999885559,-0.00987097621,0,0.00987097621,0.999885559,0,0,0,1],"scale":1.15540004,"type":"tro_tree_1_huge"}
{"ctxid":0,"pos":[140.975998,365.229004,262.011993],"rotationMatrix":[-0.0544425249,0.998532772,0,-0.998532772,-0.0544425249,0,0,0,1],"scale":1.71850002,"type":"tro_tree_1_huge"}
{"ctxid":0,"pos":[24.9407997,371.372009,271.300995],"rotationMatrix":[0.0185994506,-0.999893725,0,0.999893725,0.0185994506,0,0,0,1],"scale":1.42390001,"type":"tro_tree_1_huge"}
{"ctxid":0,"pos":[9.2733984,355.856964,281.367828],"rotationMatrix":[0.99993515,-0.0158099234,0,0.0158099234,0.99993515,0,0,0,1],"scale":1.75080001,"type":"tro_tree_1_huge"}
{"ctxid":0,"pos":[203.900543,78.7538452,231.807999],"rotationMatrix":[0.179263234,-0.983833492,0,0.983833492,0.179263234,0,0,0,1],"scale":1.33290005,"type":"tro_tree_1_huge"}
{"ctxid":0,"pos":[82.9377975,87.5906982,202.077774],"rotationMatrix":[0.279156029,-0.960427582,0,0.960427582,0.279156029,0,0,0,1],"scale":0.976400018,"type":"tro_tree_1_huge"}
{"ctxid":0,"pos":[123.511688,43.6978073,192.871597],"rotationMatrix":[-0.551588833,0.83411473,0,-0.83411473,-0.551588833,0,0,0,1],"scale":1.11290002,"type":"tro_tree_1_huge"}
{"ctxid":0,"pos":[83.5577011,3.97880006,160.235001],"rotationMatrix":[-0.202993512,-0.978909731,-0.0252724197,0.978625298,-0.201888084,-0.0405322835,0.0345748216,-0.0329566821,0.998858631],"scale":1.15910006,"type":"tro_tree_1_huge"}
{"ctxid":0,"pos":[2.5705874,603.950867,156.588745],"rotationMatrix":[-0.965886772,0.258964866,0,-0.258964866,-0.965886772,0,0,0,1],"scale":0.905901194,"type":"tro_tree_1_huge"}
{"ctxid":0,"pos":[93.5446548,670.60083,151.24971],"rotationMatrix":[0.485879421,0.874025881,0,-0.874025881,0.485879421,0,0,0,1],"scale":1.00926054,"type":"tro_tree_1_huge"}
{"ctxid":0,"pos":[-10.0704079,562.680115,157.590317],"rotationMatrix":[0.521391451,0.853317559,0,-0.853317559,0.521391451,0,0,0,1],"scale":1.19811988,"type":"tro_tree_1_huge"}
{"ctxid":0,"pos":[80.2281494,-521.611572,140.991501],"rotationMatrix":[-0.394943863,-0.918705285,0,0.918705285,-0.394943863,0,0,0,1],"scale":0.920949757,"type":"tro_tree_1_huge"}
{"ctxid":0,"pos":[-377.058502,-628.860718,153.978546],"rotationMatrix":[-0.687661409,-0.726031542,0,0.726031542,-0.687661409,0,0,0,1],"scale":1.03788102,"type":"tro_tree_1_huge"}
{"ctxid":0,"pos":[-474.546082,-623.328003,162.705719],"rotationMatrix":[0.05914478,0.998249412,0,-0.998249412,0.05914478,0,0,0,1],"scale":1.07814193,"type":"tro_tree_1_huge"}
{"ctxid":0,"pos":[-464.025238,-637.136047,160.64534],"rotationMatrix":[0.928538382,-0.371236384,0,0.371236384,0.928538382,0,0,0,1],"scale":1.11339664,"type":"tro_tree_1_huge"}
{"ctxid":0,"pos":[-431.790131,-626.010254,161.797028],"rotationMatrix":[-0.549743772,0.835333347,0,-0.835333347,-0.549743772,0,0,0,1],"scale":0.963961601,"type":"tro_tree_1_huge"}
{"ctxid":0,"pos":[-505.381683,-617.253967,159.291229],"rotationMatrix":[-0.0247056819,-0.999694765,0,0.999694765,-0.0247056819,0,0,0,1],"scale":1.0978241,"type":"tro_tree_1_huge"}
{"ctxid":0,"pos":[-399.295013,-622.374634,157.029327],"rotationMatrix":[-0.84018296,-0.542303026,0,0.542303026,-0.84018296,0,0,0,1],"scale":0.924381137,"type":"tro_tree_1_huge"}
{"ctxid":0,"pos":[-535.33728,-542.465149,143.21347],"rotationMatrix":[-0.816003561,-0.578046918,0,0.578046918,-0.816003561,0,0,0,1],"scale":1.10431015,"type":"tro_tree_1_huge"}
{"ctxid":0,"pos":[-483.17395,-554.15686,140.241486],"rotationMatrix":[-0.84556514,-0.533872247,0,0.533872247,-0.84556514,0,0,0,1],"scale":1.09880698,"type":"tro_tree_1_huge"}
{"ctxid":0,"pos":[67.6233673,-472.049255,130.498276],"rotationMatrix":[0.259879649,-0.965641022,0,0.965641022,0.259879649,0,0,0,1],"scale":1.1411413,"type":"tro_tree_1_huge"}
{"ctxid":0,"pos":[-3.44170833,-710.788391,156.545883],"rotationMatrix":[0.502247155,0.8647241,0,-0.8647241,0.502247155,0,0,0,1],"scale":1.06817079,"type":"tro_tree_1_huge"}
{"ctxid":0,"pos":[-319.463898,-414.373688,135.12941],"rotationMatrix":[-0.250211477,0.968191206,0,-0.968191206,-0.250211477,0,0,0,1],"scale":0.904885232,"type":"tro_tree_1_huge"}
{"ctxid":0,"pos":[-467.821991,-313.144043,138.614014],"rotationMatrix":[0.0406701528,0.999172628,0,-0.999172628,0.0406701528,0,0,0,1],"scale":1.13051176,"type":"tro_tree_1_huge"}
{"ctxid":0,"pos":[-537.53363,-247.2621,139.979507],"rotationMatrix":[0.907315552,0.420450389,0,-0.420450389,0.907315552,0,0,0,1],"scale":0.995042324,"type":"tro_tree_1_huge"}
{"ctxid":0,"pos":[-669.732361,-535.100891,151.282318],"rotationMatrix":[-0.971845865,-0.235617504,0,0.235617504,-0.971845865,0,0,0,1],"scale":1.13733459,"type":"tro_tree_1_huge"}
{"ctxid":0,"pos":[-630.888,-503.850616,143.872055],"rotationMatrix":[0.351546407,0.936170459,0,-0.936170459,0.351546407,0,0,0,1],"scale":1.13151622,"type":"tro_tree_1_huge"}
{"ctxid":0,"pos":[-184.953476,-541.707886,140.030884],"rotationMatrix":[-0.384405404,0.923164368,0,-0.923164368,-0.384405404,0,0,0,1],"scale":1.20339,"type":"tro_tree_1_huge"}
{"ctxid":0,"pos":[300.026855,-637.35968,162.358505],"rotationMatrix":[0.547556043,-0.836768985,0,0.836768985,0.547556043,0,0,0,1],"scale":1.26372004,"type":"tro_tree_1_huge"}
{"ctxid":0,"pos":[244.3909,-593.775269,133.781555],"rotationMatrix":[0.993978739,0.109573036,0,-0.109573036,0.993978739,0,0,0,1],"scale":1.38248456,"type":"tro_tree_1_huge"}
{"ctxid":0,"pos":[-54.6149063,-471.433014,130.568771],"rotationMatrix":[-0.933011115,0.359847605,0,-0.359847605,-0.933011115,0,0,0,1],"scale":1.3981216,"type":"tro_tree_1_huge"}
{"ctxid":0,"pos":[-87.7528381,-505.351196,131.361282],"rotationMatrix":[-0.999928117,-0.0119892191,0,0.0119892191,-0.999928117,0,0,0,1],"scale":1.31894898,"type":"tro_tree_1_huge"}
{"ctxid":0,"pos":[-269.12616,-528.537659,139.148438],"rotationMatrix":[-0.845242977,-0.534382164,0,0.534382164,-0.845242977,0,0,0,1],"scale":1.20920265,"type":"tro_tree_1_huge"}
{"ctxid":0,"pos":[-231.822815,-517.496399,135.994263],"rotationMatrix":[0.940544844,0.339669555,0,-0.339669555,0.940544844,0,0,0,1],"scale":1.23864174,"type":"tro_tree_1_huge"}
{"ctxid":0,"pos":[493.756989,-899.305115,154.137665],"rotationMatrix":[-0.496538997,-0.868014395,0,0.868014395,-0.496538997,0,0,0,1],"scale":1.24522901,"type":"tro_tree_1_huge"}
{"ctxid":0,"pos":[201.621918,-683.790344,156.352005],"rotationMatrix":[-0.924650192,0.380817324,0,-0.380817324,-0.924650192,0,0,0,1],"scale":1.38051164,"type":"tro_tree_1_huge"}
{"ctxid":0,"pos":[-545.809998,-455.864929,137.094147],"rotationMatrix":[-0.932689607,0.360680073,0,-0.360680073,-0.932689607,0,0,0,1],"scale":1.3972652,"type":"tro_tree_1_huge"}
{"ctxid":0,"pos":[-840.969971,-613.500061,147.8228],"rotationMatrix":[0.686416149,-0.727208912,0,0.727208912,0.686416149,0,0,0,1],"scale":1.35168898,"type":"tro_tree_1_huge"}
{"ctxid":0,"pos":[916.129211,-794.410339,131.77504],"rotationMatrix":[-0.570864379,0.821044266,0,-0.821044266,-0.570864379,0,0,0,1],"scale":1.12873805,"type":"tro_tree_1_huge"}
{"ctxid":0,"pos":[749.195984,-752.579041,130.245422],"rotationMatrix":[-0.955672741,-0.29443115,0,0.29443115,-0.955672741,0,0,0,1],"scale":1.20208204,"type":"tro_tree_1_huge"}
{"ctxid":0,"pos":[-60.4817581,-688.121643,154.986099],"rotationMatrix":[-0.818116546,0.575052619,0,-0.575052619,-0.818116546,0,0,0,1],"scale":1.29982138,"type":"tro_tree_1_huge"}
{"ctxid":0,"pos":[-382.836914,-737.722717,177.453003],"rotationMatrix":[-0.227086186,-0.973874688,0,0.973874688,-0.227086186,0,0,0,1],"scale":1.30410743,"type":"tro_tree_1_huge"}
{"ctxid":0,"pos":[-34.2473907,-539.822815,130.733429],"rotationMatrix":[-0.522567034,0.85259819,0,-0.85259819,-0.522567034,0,0,0,1],"scale":1.26647043,"type":"tro_tree_1_huge"}
{"ctxid":0,"pos":[-740.411255,-788.058533,169.116714],"rotationMatrix":[0.0148055833,0.996969163,0.0763748959,-0.997853756,0.0196049307,-0.0624774136,-0.0637853816,-0.0752859637,0.99511981],"scale":1.37313509,"type":"tro_tree_1_huge"}
{"ctxid":0,"pos":[-296.80722,-458.482422,140.209213],"rotationMatrix":[-0.756822526,-0.646721244,-0.0947171003,0.653620481,-0.748874128,-0.109397992,-0.000181175768,-0.144703895,0.989475012],"scale":1.35374856,"type":"tro_tree_1_huge"}
{"ctxid":0,"pos":[-681.886597,-107.986748,178.508331],"rotationMatrix":[-0.492192745,0.870486259,0,-0.870486259,-0.492192745,0,0,0,1],"scale":1.34749961,"type":"tro_tree_1_huge"}
{"ctxid":0,"pos":[-24.8383274,-438.578766,132.566055],"rotationMatrix":[-0.312275887,-0.949991465,0,0.949991465,-0.312275887,0,0,0,1],"scale":1.34307671,"type":"tro_tree_1_huge"}
{"ctxid":0,"pos":[626.860962,-963.805847,146.497757],"rotationMatrix":[-0.166900516,-0.985973775,0,0.985973775,-0.166900516,0,0,0,1],"scale":1.31457043,"type":"tro_tree_1_huge"}
{"ctxid":1,"pos":[-162.851883,-159.442505,133.256546],"rotationMatrix":[-0.898722827,0.438517183,0,-0.438517183,-0.898722827,0,0,0,0.999999881],"scale":1.22089303,"type":"tro_tree_1_huge"}
