{"ctxid":0,"pos":[-1.98370004,-49.7733994,146.046997],"rotationMatrix":[-0.317713737,-0.948227942,0,0.948227942,-0.317713737,0,0,0,1],"scale":1.18499994,"type":"tro_bush_huge"}
{"ctxid":0,"pos":[-15.2539997,-51.3334999,149.462997],"rotationMatrix":[0.690630198,0.723200023,0,-0.723200023,0.690630198,0,0,0,1],"scale":0.657400012,"type":"tro_bush_huge"}
{"ctxid":0,"pos":[-1.72440004,-36.0355988,145.210999],"rotationMatrix":[-0.972892523,-0.232011527,0,0.232011527,-0.972892523,0,0,0,1],"scale":0.775399983,"type":"tro_bush_huge"}
{"ctxid":0,"pos":[-15.0101004,-33.3849983,147.348007],"rotationMatrix":[-0.957824826,0.287915409,0,-0.287915409,-0.957824826,0,0,0,1],"scale":1.05299997,"type":"tro_bush_huge"}
{"ctxid":0,"pos":[-22.0466003,-60.3431015,155.876007],"rotationMatrix":[0.84709549,0.531432986,0,-0.531432986,0.84709549,0,0,0,1],"scale":0.951699972,"type":"tro_bush_huge"}
{"ctxid":0,"pos":[-124.333,-49.8535004,151.802994],"rotationMatrix":[0.95007199,-0.312018424,0,0.312018424,0.95007199,0,0,0,1],"scale":0.745700002,"type":"tro_bush_huge"}
{"ctxid":0,"pos":[-88.5634995,-34.7653008,163.218002],"rotationMatrix":[0.857528806,-0.514423072,0,0.514423072,0.857528806,0,0,0,1],"scale":0.716499984,"type":"tro_bush_huge"}
{"ctxid":0,"pos":[-96.6557007,-31.6464005,159.709],"rotationMatrix":[-0.743217945,-0.669017792,0,0.669017792,-0.743217945,0,0,0,1],"scale":0.9278,"type":"tro_bush_huge"}
{"ctxid":0,"pos":[-82.1373978,-44.9919014,166.496994],"rotationMatrix":[0.134598255,-0.990909934,0,0.990909934,0.134598255,0,0,0,1],"scale":0.787500024,"type":"tro_bush_huge"}
{"ctxid":0,"pos":[-114.704002,-69.1734009,143.727005],"rotationMatrix":[0.521562338,-0.853186071,0,0.853186071,0.521562338,0,0,0,1],"scale":0.893100023,"type":"tro_bush_huge"}
{"ctxid":0,"pos":[-144.832993,-46.5182991,156.434006],"rotationMatrix":[-0.812227249,-0.583324313,0,0.583324313,-0.812227249,0,0,0,1],"scale":0.913299978,"type":"tro_bush_huge"}
{"ctxid":0,"pos":[-234.897995,-61.5145988,163.748001],"rotationMatrix":[-0.107667208,0.994251192,0,-0.994251192,-0.107667208,0,0,0,1],"scale":0.995700002,"type":"tro_bush_huge"}
{"ctxid":0,"pos":[-225.190002,-101.139,150.945007],"rotationMatrix":[0.55026871,-0.834971368,0,0.834971368,0.55026871,0,0,0,1],"scale":0.613600016,"type":"tro_bush_huge"}
{"ctxid":0,"pos":[-222.376999,-95.4411011,150.494995],"rotationMatrix":[0.697980106,-0.716112077,0,0.716112077,0.697980106,0,0,0,1],"scale":0.851899981,"type":"tro_bush_huge"}
{"ctxid":0,"pos":[-213.617004,-71.7349014,153.076004],"rotationMatrix":[0.990615487,-0.136684895,0,0.136684895,0.990615487,0,0,0,1],"scale":0.863499999,"type":"tro_bush_huge"}
{"ctxid":0,"pos":[-215.216995,-103.521004,145.774002],"rotationMatrix":[-0.744338393,-0.667738497,0,0.667738497,-0.744338393,0,0,0,1],"scale":0.952700019,"type":"tro_bush_huge"}
{"ctxid":0,"pos":[-135.576996,-153.479996,131.563004],"rotationMatrix":[-0.935724854,0.352200419,0,-0.352200419,-0.935724854,0,0,0,1],"scale":1.19690001,"type":"tro_bush_huge"}
{"ctxid":0,"pos":[-207.903,-145.039993,137.778],"rotationMatrix":[-0.0161677599,-0.999915838,0,0.999915838,-0.0161677599,0,0,0,1],"scale":0.714699984,"type":"tro_bush_huge"}
{"ctxid":0,"pos":[-221.018997,-230.205002,131.72847],"rotationMatrix":[0.943013132,0.332772315,0,-0.332772315,0.943013132,0,0,0,1],"scale":1.07309997,"type":"tro_bush_huge"}
{"ctxid":0,"pos":[-20.4440002,-303.044006,133.222626],"rotationMatrix":[-0.931398511,-0.363795549,0,0.363795549,-0.931398511,0,0,0,1],"scale":0.972299993,"type":"tro_bush_huge"}
{"ctxid":0,"pos":[-8.69999981,-310.285004,132.594986],"rotationMatrix":[0.0640144348,0.997965038,0,-0.997965038,0.0640144348,0,0,0,1],"scale":1.14429998,"type":"tro_bush_huge"}
{"ctxid":0,"pos":[-9.29640007,-311.264008,132.914795],"rotationMatrix":[0.99962461,0.0273972601,0,-0.0273972601,0.99962461,0,0,0,1],"scale":0.661899984,"type":"tro_bush_huge"}
{"ctxid":0,"pos":[-26.5179996,-362.388,134.600601],"rotationMatrix":[0.861451507,0.507818103,0,-0.507818103,0.861451507,0,0,0,1],"scale":1.05190003,"type":"tro_bush_huge"}
{"ctxid":0,"pos":[-33.4258003,-360.759003,133.156433],"rotationMatrix":[-0.940055966,-0.340578437,0,0.340578437,-0.940055966,0,0,0,1],"scale":1.1006,"type":"tro_bush_huge"}
{"ctxid":0,"pos":[-7.83330011,-361.016998,133.043747],"rotationMatrix":[0.888702393,-0.458495259,0,0.458495259,0.888702393,0,0,0,1],"scale":0.886399984,"type":"tro_bush_huge"}
{"ctxid":0,"pos":[-13.7793999,-350.567993,133.689102],"rotationMatrix":[-0.363891244,-0.931337237,0,0.931337237,-0.363891244,0,0,0,1],"scale":1.11240005,"type":"tro_bush_huge"}
{"ctxid":0,"pos":[-12.7420998,-318.082001,134.129364],"rotationMatrix":[0.856673419,-0.515857875,0,0.515857875,0.856673419,0,0,0,1],"scale":0.834500015,"type":"tro_bush_huge"}
{"ctxid":0,"pos":[-11.2751999,-315.122986,133.869934],"rotationMatrix":[-0.565388203,-0.824894249,0,0.824894249,-0.565388203,0,0,0,1],"scale":1.08200002,"type":"tro_bush_huge"}
{"ctxid":0,"pos":[-52.8297997,-339.649994,137.693787],"rotationMatrix":[-0.898131371,0.439559042,0,-0.439559042,-0.898131371,0,0,0,1],"scale":0.913500011,"type":"tro_bush_huge"}
{"ctxid":0,"pos":[-47.8140984,-343.687988,137.083344],"rotationMatrix":[0.0922566652,0.995728612,0,-0.995728612,0.0922566652,0,0,0,1],"scale":1.14199996,"type":"tro_bush_huge"}
{"ctxid":0,"pos":[-40.7639008,-347.980011,135.399078],"rotationMatrix":[-0.974000335,-0.191903308,0.121041417,0.22688742,-0.823768497,0.519682944,-2.35028565e-05,0.53359288,0.845748603],"scale":1.18439996,"type":"tro_bush_huge"}
{"ctxid":0,"pos":[-4.77960014,-352.286011,132.475998],"rotationMatrix":[0.482448578,0.875879645,0,-0.875879645,0.482448578,0,0,0,1],"scale":0.648899972,"type":"tro_bush_huge"}
{"ctxid":0,"pos":[-120.287003,-290.664001,132.900696],"rotationMatrix":[-0.420960784,-0.90712899,0,0.90712899,-0.420960784,0,0,0,1],"scale":1.03390002,"type":"tro_bush_huge"}
{"ctxid":0,"pos":[-70.8235016,-337.457001,133.930542],"rotationMatrix":[0.0356172323,-0.999380529,0,0.999380529,0.0356172323,0,0,0,1],"scale":0.94599998,"type":"tro_bush_huge"}
{"ctxid":0,"pos":[-67.6856003,-340.700989,134.106934],"rotationMatrix":[0.394779921,0.918777049,0,-0.918777049,0.394779921,0,0,0,1],"scale":1.14919996,"type":"tro_bush_huge"}
{"ctxid":0,"pos":[-72.3154984,-336.695007,133.685928],"rotationMatrix":[-0.652561903,-0.757742345,0,0.757742345,-0.652561903,0,0,0,1],"scale":0.87650001,"type":"tro_bush_huge"}
{"ctxid":0,"pos":[-57.4137001,-384.984985,132.344421],"rotationMatrix":[0.426479518,0.904459476,0,-0.904459476,0.426479518,0,0,0,1],"scale":0.759000003,"type":"tro_bush_huge"}
{"ctxid":0,"pos":[-52.5679016,-385.704987,132.22023],"rotationMatrix":[0.389929473,-0.920904994,0,0.920904994,0.389929473,0,0,0,1],"scale":1.04100001,"type":"tro_bush_huge"}
{"ctxid":0,"pos":[-54.6871986,-388.812988,132.521637],"rotationMatrix":[0.770700097,-0.637177527,0,0.637177527,0.770700097,0,0,0,1],"scale":0.967100024,"type":"tro_bush_huge"}
{"ctxid":0,"pos":[-63.3362999,-377.427002,132.533798],"rotationMatrix":[-0.157633305,0.98751837,0,-0.98751837,-0.157633305,0,0,0,1],"scale":1.14260006,"type":"tro_bush_huge"}
{"ctxid":0,"pos":[-67.0720978,-393.100006,133.455597],"rotationMatrix":[0.0697520375,-0.997493148,0,0.997493148,0.0697520375,0,0,0,1],"scale":0.802299976,"type":"tro_bush_huge"}
{"ctxid":0,"pos":[-189.369781,-267.148102,131.799316],"rotationMatrix":[-0.880248427,-0.47491011,0,0.47491011,-0.880248427,0,0,0,1],"scale":0.860300004,"type":"tro_bush_huge"}
{"ctxid":0,"pos":[-140.393005,-264.119995,132.796234],"rotationMatrix":[-0.263414025,-0.964728177,0,0.964728177,-0.263414025,0,0,0,1],"scale":0.951600015,"type":"tro_bush_huge"}
{"ctxid":0,"pos":[-142.792999,-264.790009,132.740265],"rotationMatrix":[-0.465814471,-0.884693801,0,0.884693801,-0.465814471,0,0,0,1],"scale":0.60619998,"type":"tro_bush_huge"}
{"ctxid":0,"pos":[-155.182999,-277.231995,132.763504],"rotationMatrix":[-0.290903091,0.956849337,0,-0.956849337,-0.290903091,0,0,0,1],"scale":1.04540002,"type":"tro_bush_huge"}
{"ctxid":0,"pos":[-165.139008,-270.792999,133.363297],"rotationMatrix":[-0.544578791,0.838550985,0,-0.838550985,-0.544578791,0,0,0,1],"scale":1.19910002,"type":"tro_bush_huge"}
{"ctxid":0,"pos":[-177.832001,-263.789001,132.778931],"rotationMatrix":[-0.38944459,-0.921017528,0,0.921017528,-0.38944459,0,0,0,1],"scale":0.702499986,"type":"tro_bush_huge"}
{"ctxid":0,"pos":[-278.803009,-49.1977997,174.843994],"rotationMatrix":[-0.852042556,-0.523683667,0,0.523683667,-0.852042556,0,0,0,1],"scale":1.16129994,"type":"tro_bush_huge"}
{"ctxid":0,"pos":[-286.020996,-43.1785011,175.229996],"rotationMatrix":[0.770022392,0.638050556,0,-0.638050556,0.770022392,0,0,0,1],"scale":1.17939997,"type":"tro_bush_huge"}
{"ctxid":0,"pos":[-251.886002,-69.603302,161.927994],"rotationMatrix":[-0.445339918,0.895325303,0,-0.895325303,-0.445339918,0,0,0,1],"scale":1.13999999,"type":"tro_bush_huge"}
{"ctxid":0,"pos":[-256.747986,-168.966995,142.283997],"rotationMatrix":[-0.966541052,-0.25622943,0,0.25622943,-0.966541052,0,0,0,1],"scale":0.778900027,"type":"tro_bush_huge"}
{"ctxid":0,"pos":[-272.681,-345.022003,131.612671],"rotationMatrix":[-0.722367883,-0.691731215,0,0.691731215,-0.722367883,0,0,0,1],"scale":0.931999981,"type":"tro_bush_huge"}
{"ctxid":0,"pos":[-286.463989,-338.003998,132.896011],"rotationMatrix":[-0.357622385,-0.933808208,0,0.933808208,-0.357622385,0,0,0,1],"scale":1.18120003,"type":"tro_bush_huge"}
{"ctxid":0,"pos":[-294.058014,-347.442993,133.547852],"rotationMatrix":[-0.942420363,0.334872901,0,-0.334872901,-0.942420363,0,0,0,1],"scale":0.748600006,"type":"tro_bush_huge"}
{"ctxid":0,"pos":[-295.324005,-355.744995,133.752441],"rotationMatrix":[-0.999200225,-0.0405918844,0,0.0405918844,-0.999200225,0,0,0,1],"scale":0.635100007,"type":"tro_bush_huge"}
{"ctxid":0,"pos":[-157.789993,-701.515015,156.712906],"rotationMatrix":[0.868620634,-0.495479167,0,0.495479167,0.868620634,0,0,0,1],"scale":0.897899985,"type":"tro_bush_huge"}
{"ctxid":0,"pos":[-163.143997,-700.81897,154.860214],"rotationMatrix":[0.999394476,-0.0347930416,0,0.0347930416,0.999394476,0,0,0,1],"scale":0.675700009,"type":"tro_bush_huge"}
{"ctxid":0,"pos":[-168.525299,-703.710083,154.384689],"rotationMatrix":[0.756397963,0.654095829,0,-0.654095829,0.756397963,0,0,0,1],"scale":0.712700009,"type":"tro_bush_huge"}
{"ctxid":0,"pos":[-169.72197,-714.71698,154.209335],"rotationMatrix":[-0.882187963,0.471274585,0,-0.471274585,-0.882187963,0,0,0,1],"scale":0.851800025,"type":"tro_bush_huge"}
{"ctxid":0,"pos":[-60.8115005,-795.851013,132.528],"rotationMatrix":[-0.0828033686,0.996567607,0,-0.996567607,-0.0828033686,0,0,0,1],"scale":0.756799996,"type":"tro_bush_huge"}
{"ctxid":0,"pos":[-45.2739983,-764.106018,134.843994],"rotationMatrix":[-0.613526344,-0.78951776,0,0.78951776,-0.613526344,0,0,0,1],"scale":0.653699994,"type":"tro_bush_huge"}
{"ctxid":0,"pos":[-45.1721992,-768.427002,134.916],"rotationMatrix":[0.0149535537,-0.99992466,0,0.99992466,0.0149535537,0,0,0,1],"scale":0.747500002,"type":"tro_bush_huge"}
{"ctxid":0,"pos":[-46.9230003,-770.296997,134.520004],"rotationMatrix":[-0.286728859,-0.958028197,0,0.958028197,-0.286728859,0,0,0,1],"scale":0.921299994,"type":"tro_bush_huge"}
{"ctxid":0,"pos":[-40.8522987,-790.958984,130.494995],"rotationMatrix":[-0.981244206,0.193287253,0,-0.193287253,-0.981244206,0,0,0,1],"scale":0.935100019,"type":"tro_bush_huge"}
{"ctxid":0,"pos":[-37.0045013,-789.630981,130.195007],"rotationMatrix":[0.976585507,-0.215123236,0,0.215123236,0.976585507,0,0,0,1],"scale":0.649800003,"type":"tro_bush_huge"}
{"ctxid":0,"pos":[-2.2105999,-779.91803,129.141006],"rotationMatrix":[0.403549552,0.914936006,0,-0.914936006,0.403549552,0,0,0,1],"scale":0.652100027,"type":"tro_bush_huge"}
{"ctxid":0,"pos":[-58.4966011,-853.343018,126.802002],"rotationMatrix":[-0.0801559687,-0.996818364,0,0.996818364,-0.0801559687,0,0,0,1],"scale":0.637199998,"type":"tro_bush_huge"}
{"ctxid":0,"pos":[-46.6375008,-828.61499,126.817001],"rotationMatrix":[-0.668233752,0.743974149,0,-0.743974149,-0.668233752,0,0,0,1],"scale":0.944700003,"type":"tro_bush_huge"}
{"ctxid":0,"pos":[-70.5995026,-805.971008,129.365005],"rotationMatrix":[0.0258712173,0.999671936,0,-0.999671936,0.0258712173,0,0,0,1],"scale":0.75029999,"type":"tro_bush_huge"}
{"ctxid":0,"pos":[-64.3115005,-789.325012,131.996994],"rotationMatrix":[0.984476805,0.17551282,0,-0.17551282,0.984476805,0,0,0,1],"scale":1.16569996,"type":"tro_bush_huge"}
{"ctxid":0,"pos":[-77.5963974,-815.744995,126.570999],"rotationMatrix":[-0.195985794,0.980544388,0,-0.980544388,-0.195985794,0,0,0,1],"scale":0.731899977,"type":"tro_bush_huge"}
{"ctxid":0,"pos":[-95.0771027,-822.827026,128.923996],"rotationMatrix":[0.911967933,0.410242915,0,-0.410242915,0.911967933,0,0,0,1],"scale":0.836799979,"type":"tro_bush_huge"}
{"ctxid":0,"pos":[-106.169998,-852.677002,126.755997],"rotationMatrix":[-0.958616376,-0.28460896,0,0.28460896,-0.958616376,0,0,0,1],"scale":1.10350001,"type":"tro_bush_huge"}
{"ctxid":0,"pos":[-99.9554977,-867.017029,126.371002],"rotationMatrix":[0.793661118,-0.60835284,0,0.60835284,0.793661118,0,0,0,1],"scale":0.864799976,"type":"tro_bush_huge"}
{"ctxid":0,"pos":[-77.3097992,-854.603027,127.386002],"rotationMatrix":[-0.66494751,0.746890664,0,-0.746890664,-0.66494751,0,0,0,1],"scale":0.792299986,"type":"tro_bush_huge"}
{"ctxid":0,"pos":[-71.4673004,-837.69397,125.400002],"rotationMatrix":[0.568479478,-0.822722375,0,0.822722375,0.568479478,0,0,0,1],"scale":1.10650003,"type":"tro_bush_huge"}
{"ctxid":0,"pos":[-64.5687027,-869.70697,126.449997],"rotationMatrix":[-0.00479495525,-0.999975026,0,0.999975026,-0.00479495525,0,0,0,1],"scale":1.06620002,"type":"tro_bush_huge"}
{"ctxid":0,"pos":[-3.2421,-932.63501,164.408127],"rotationMatrix":[-0.997200966,0.0765463784,0,-0.0765463784,-0.997200966,0,0,0,1],"scale":0.685100019,"type":"tro_bush_huge"}
{"ctxid":0,"pos":[-6.47679996,-922.460999,167.224945],"rotationMatrix":[0.992847919,-0.119384721,0,0.119384721,0.992847919,0,0,0,1],"scale":0.836399972,"type":"tro_bush_huge"}
{"ctxid":0,"pos":[-7.76690006,-915.041016,170.367004],"rotationMatrix":[-0.169226289,-0.985569417,0,0.985569417,-0.169226289,0,0,0,1],"scale":1.09259999,"type":"tro_bush_huge"}
{"ctxid":0,"pos":[-5.14239979,-932.255981,163.78302],"rotationMatrix":[-0.437190533,-0.899409711,0,0.899409711,-0.437190533,0,0,0,1],"scale":1.0402,"type":"tro_bush_huge"}
{"ctxid":0,"pos":[-9.60659981,-910.465027,167.935425],"rotationMatrix":[-0.435495615,-0.900234699,0,0.900234699,-0.435495615,0,0,0,1],"scale":0.747900009,"type":"tro_bush_huge"}
{"ctxid":0,"pos":[-12.6587,-886.127014,161.472076],"rotationMatrix":[-0.943997502,-0.330079317,0,0.330079317,-0.943997502,0,0,0,1],"scale":1.18420005,"type":"tro_bush_huge"}
{"ctxid":0,"pos":[-4.94850016,-957.474976,136.782211],"rotationMatrix":[-0.997600794,0.0689586028,0,-0.0689586028,-0.997600794,0,0,0,1],"scale":1.02390003,"type":"tro_bush_huge"}
{"ctxid":0,"pos":[-21.7674007,-954.119995,143.220612],"rotationMatrix":[-0.746580362,0.665550888,0,-0.665550888,-0.746580362,0,0,0,1],"scale":0.953599989,"type":"tro_bush_huge"}
{"ctxid":0,"pos":[-30.5674992,-943.982971,148.207489],"rotationMatrix":[-0.746302605,-0.602493048,-0.282379895,0.618431687,-0.784643531,0.0396760702,-0.245516866,-0.145031273,0.958478153],"scale":1.03100002,"type":"tro_bush_huge"}
{"ctxid":0,"pos":[-100.504997,-878.901978,126.355003],"rotationMatrix":[0.338059843,0.941075683,0,-0.941075683,0.338059843,0,0,0,1],"scale":0.621599972,"type":"tro_bush_huge"}
{"ctxid":0,"pos":[-101.889,-883.780029,126.450996],"rotationMatrix":[0.841064811,0.540909708,0,-0.540909708,0.841064811,0,0,0,1],"scale":0.936999977,"type":"tro_bush_huge"}
{"ctxid":0,"pos":[-114.817001,-924.635986,126.085999],"rotationMatrix":[0.979799509,-0.199974909,0,0.199974909,0.979799509,0,0,0,1],"scale":0.990100026,"type":"tro_bush_huge"}
{"ctxid":0,"pos":[-83.2080994,-876.809021,125.344002],"rotationMatrix":[-1,-0.0118000004,0,0.0118000004,-1,0,0,0,1],"scale":0.817300022,"type":"tro_bush_huge"}
{"ctxid":0,"pos":[-140.751999,-841.487976,140.410995],"rotationMatrix":[0.328591287,0.944537878,0,-0.944537878,0.328591287,0,0,0,1],"scale":0.930100024,"type":"tro_bush_huge"}
{"ctxid":0,"pos":[-140.636993,-867.84198,144.203003],"rotationMatrix":[0.588312626,0.808584154,0,-0.808584154,0.588312626,0,0,0,1],"scale":0.627300024,"type":"tro_bush_huge"}
{"ctxid":0,"pos":[-141.084,-865.968018,143.983994],"rotationMatrix":[0.396758735,-0.917932868,0,0.917932868,0.396758735,0,0,0,1],"scale":0.647199988,"type":"tro_bush_huge"}
{"ctxid":0,"pos":[-258.356995,-684.237,165.164001],"rotationMatrix":[-0.464444995,-0.885649502,0,0.885649502,-0.464444995,0,0,0,1],"scale":0.941900015,"type":"tro_bush_huge"}
{"ctxid":0,"pos":[-256.312012,-673.919983,165.873001],"rotationMatrix":[0.740079522,-0.672548831,0,0.672548831,0.740079522,0,0,0,1],"scale":1.10029995,"type":"tro_bush_huge"}
{"ctxid":0,"pos":[-255.533005,-660.445984,166.628998],"rotationMatrix":[-0.191659212,0.981548071,0,-0.981548071,-0.191659212,0,0,0,1],"scale":0.889800012,"type":"tro_bush_huge"}
{"ctxid":0,"pos":[-277.937988,-634.844971,167.964005],"rotationMatrix":[0.96196717,0.273152322,0,-0.273152322,0.96196717,0,0,0,1],"scale":0.840399981,"type":"tro_bush_huge"}
{"ctxid":0,"pos":[-282.942993,-632.651001,168.755005],"rotationMatrix":[-0.403482556,0.915103436,0,-0.915103436,-0.403482556,0,0,0,1],"scale":1.05729997,"type":"tro_bush_huge"}
{"ctxid":0,"pos":[-280.074005,-625.744019,168.796997],"rotationMatrix":[-0.968127966,0.250975996,0,-0.250975996,-0.968127966,0,0,0,1],"scale":1.00520003,"type":"tro_bush_huge"}
{"ctxid":0,"pos":[-284.72699,-650.471985,168.802002],"rotationMatrix":[0.928557992,-0.371196002,0,0.371196002,0.928557992,0,0,0,1],"scale":1.18069994,"type":"tro_bush_huge"}
{"ctxid":0,"pos":[-273.845001,-720.416992,164.878998],"rotationMatrix":[-0.726453543,-0.686976552,0,0.686976552,-0.726453543,0,0,0,1],"scale":1.13240004,"type":"tro_bush_huge"}
{"ctxid":0,"pos":[-250.847,-688.945984,162.404999],"rotationMatrix":[-0.00451135635,0.999975741,0,-0.999975741,-0.00451135635,0,0,0,1],"scale":0.970499992,"type":"tro_bush_huge"}
{"ctxid":0,"pos":[-250.940002,-692.281006,162.190002],"rotationMatrix":[-0.972097874,-0.233950794,0,0.233950794,-0.972097874,0,0,0,1],"scale":1.07079995,"type":"tro_bush_huge"}
{"ctxid":0,"pos":[-402.75,-857.112976,168.600006],"rotationMatrix":[-0.763817668,0.645349562,0,-0.645349562,-0.763817668,0,0,0,1],"scale":1.13170004,"type":"tro_bush_huge"}
{"ctxid":0,"pos":[-396.076996,-851.997986,169.069],"rotationMatrix":[-0.762315512,-0.647139788,0,0.647139788,-0.762315512,0,0,0,1],"scale":1.01030004,"type":"tro_bush_huge"}
{"ctxid":0,"pos":[-668.27301,-103.984001,176.044998],"rotationMatrix":[0.370558023,-0.928791583,0,0.928791583,0.370558023,0,0,0,1],"scale":0.987900019,"type":"tro_bush_huge"}
{"ctxid":0,"pos":[-514.268005,-283.559998,130.830002],"rotationMatrix":[0.849957585,0.526874006,0,-0.526874006,0.849957585,0,0,0,1],"scale":0.870999992,"type":"tro_bush_huge"}
{"ctxid":0,"pos":[-518.81897,-274.42099,130.985001],"rotationMatrix":[0.345174313,0.938522458,0,-0.938522458,0.345174313,0,0,0,1],"scale":0.704599977,"type":"tro_bush_huge"}
{"ctxid":0,"pos":[-507.016998,-281.838013,131.774002],"rotationMatrix":[0.702779472,-0.711401701,0,0.711401701,0.702779472,0,0,0,1],"scale":0.763599992,"type":"tro_bush_huge"}
{"ctxid":0,"pos":[-500.006012,-301.388,126.376999],"rotationMatrix":[0.581936359,0.81326735,0,-0.81326735,0.581936359,0,0,0,1],"scale":0.693300009,"type":"tro_bush_huge"}
{"ctxid":0,"pos":[-511.377014,-255.845993,138.216003],"rotationMatrix":[-0.505459547,-0.862914979,0,0.862914979,-0.505459547,0,0,0,1],"scale":0.838999987,"type":"tro_bush_huge"}
{"ctxid":0,"pos":[-926.21698,-4.80259991,129.942001],"rotationMatrix":[0.999865532,-0.0164000001,0,0.0164000001,0.999865532,0,0,0,1],"scale":0.926699996,"type":"tro_bush_huge"}
{"ctxid":0,"pos":[-912.215027,-6.06809998,129.582993],"rotationMatrix":[-0.941632152,-0.337169677,0,0.337169677,-0.941632152,0,0,0,1],"scale":0.880200028,"type":"tro_bush_huge"}
{"ctxid":0,"pos":[-900.112976,-23.8199997,131.207001],"rotationMatrix":[0.252380073,0.967601657,0,-0.967601657,0.252380073,0,0,0,1],"scale":1.03890002,"type":"tro_bush_huge"}
{"ctxid":0,"pos":[-917.939026,-234.278,173.041],"rotationMatrix":[0.205524445,0.978625774,-5.01126051e-05,-0.907419324,0.190553308,-0.374469519,-0.366467774,0.0769985318,0.927236676],"scale":1.02499998,"type":"tro_bush_huge"}
{"ctxid":0,"pos":[-911.872009,-212.621002,170.531998],"rotationMatrix":[0.729274988,0.684222281,2.99662352e-05,-0.650106013,0.692925751,-0.31179899,-0.213359714,0.227368057,0.950148284],"scale":1.16390002,"type":"tro_bush_huge"}
{"ctxid":0,"pos":[-822.737976,-303.032013,164.471603],"rotationMatrix":[-0.986423016,0.164638311,0,-0.164638311,-0.986423016,0,0,0,1],"scale":0.780499995,"type":"tro_bush_huge"}
{"ctxid":0,"pos":[-897.609985,-372.243988,126.335999],"rotationMatrix":[0.876892805,-0.480668932,0,0.480668932,0.876892805,0,0,0,1],"scale":1.1631,"type":"tro_bush_huge"}
{"ctxid":0,"pos":[-897.619019,-364.911011,126.281998],"rotationMatrix":[0.297887564,0.954635918,0,-0.954635918,0.297887564,0,0,0,1],"scale":0.995599985,"type":"tro_bush_huge"}
{"ctxid":0,"pos":[-915.476013,-335.455994,125.459999],"rotationMatrix":[0.0191598535,-0.999888361,0,0.999888361,0.0191598535,0,0,0,1],"scale":0.932799995,"type":"tro_bush_huge"}
{"ctxid":0,"pos":[-915.156006,-334.300995,125.514999],"rotationMatrix":[-0.478855968,-0.87795794,0,0.87795794,-0.478855968,0,0,0,1],"scale":0.829400003,"type":"tro_bush_huge"}
{"ctxid":0,"pos":[-906.408997,-329.471008,126.321999],"rotationMatrix":[0.895117998,-0.445817202,0,0.445817202,0.895117998,0,0,0,1],"scale":0.861100018,"type":"tro_bush_huge"}
{"ctxid":0,"pos":[-915.390015,-316.511993,126.023003],"rotationMatrix":[0.25775069,0.966191173,0,-0.966191173,0.25775069,0,0,0,1],"scale":1.03289998,"type":"tro_bush_huge"}
{"ctxid":0,"pos":[-915.580017,-313.140991,126.251999],"rotationMatrix":[-0.858977675,0.511937141,0,-0.511937141,-0.858977675,0,0,0,1],"scale":0.762700021,"type":"tro_bush_huge"}
{"ctxid":0,"pos":[-911.646973,-327.020996,126.134003],"rotationMatrix":[-0.853197455,-0.521729171,0,0.521729171,-0.853197455,0,0,0,1],"scale":0.825699985,"type":"tro_bush_huge"}
{"ctxid":0,"pos":[-896.690002,-349.841003,127.425003],"rotationMatrix":[-0.319987416,0.947420895,0,-0.947420895,-0.319987416,0,0,0,1],"scale":0.674700022,"type":"tro_bush_huge"}
{"ctxid":0,"pos":[-940.674011,-258.253998,161.529999],"rotationMatrix":[0.420840383,0.728144169,0.540961504,-0.82569325,0.554422259,-0.103924766,-0.375584722,-0.40295887,0.834591627],"scale":0.775399983,"type":"tro_bush_huge"}
{"ctxid":0,"pos":[-891.494019,-383.687988,127.550003],"rotationMatrix":[0.896942019,0.442150593,0,-0.442150593,0.896942019,0,0,0,1],"scale":1.01639998,"type":"tro_bush_huge"}
{"ctxid":0,"pos":[-891.320007,-384.682007,127.713997],"rotationMatrix":[-0.274565816,-0.961632192,0,0.961632192,-0.274565816,0,0,0,1],"scale":0.950500011,"type":"tro_bush_huge"}
{"ctxid":0,"pos":[-895.502991,-387.23999,127.521004],"rotationMatrix":[0.690630198,0.723200023,0,-0.723200023,0.690630198,0,0,0,1],"scale":0.723800004,"type":"tro_bush_huge"}
{"ctxid":0,"pos":[-898.119995,-397.661011,128.748993],"rotationMatrix":[0.513112903,0.858318627,0,-0.858318627,0.513112903,0,0,0,1],"scale":1.07720006,"type":"tro_bush_huge"}
{"ctxid":0,"pos":[-912.05603,-411.316986,125.700996],"rotationMatrix":[-0.529150844,-0.848517776,0,0.848517776,-0.529150844,0,0,0,1],"scale":0.95480001,"type":"tro_bush_huge"}
{"ctxid":0,"pos":[-744.926025,-635.120972,185.030396],"rotationMatrix":[0.00595003366,0.999971986,0,-0.999971986,0.00595003366,0,0,0,1],"scale":1.12080002,"type":"tro_bush_huge"}
{"ctxid":0,"pos":[-520.572998,-837.547974,171.520996],"rotationMatrix":[-0.0707697868,0.997453392,0,-0.997453392,-0.0707697868,0,0,0,1],"scale":1.07439995,"type":"tro_bush_huge"}
{"ctxid":0,"pos":[-531.934021,-838.999023,172.231995],"rotationMatrix":[0.839028597,0.54407984,0,-0.54407984,0.839028597,0,0,0,1],"scale":0.879499972,"type":"tro_bush_huge"}
{"ctxid":0,"pos":[-615.39502,-914.031006,126.459999],"rotationMatrix":[0.648207307,-0.761462688,0,0.761462688,0.648207307,0,0,0,1],"scale":1.0855,"type":"tro_bush_huge"}
{"ctxid":0,"pos":[-717.703003,-949.588013,125.530998],"rotationMatrix":[0.808543324,-0.588416934,0,0.588416934,0.808543324,0,0,0,1],"scale":1.14119995,"type":"tro_bush_huge"}
{"ctxid":0,"pos":[-720.744995,-945.763,126.620003],"rotationMatrix":[-1,-0.0046000001,0,0.0046000001,-1,0,0,0,1],"scale":0.664699972,"type":"tro_bush_huge"}
{"ctxid":0,"pos":[-724.125,-943.61499,126.456001],"rotationMatrix":[-0.780761957,0.62504065,0,-0.62504065,-0.780761957,0,0,0,1],"scale":0.975700021,"type":"tro_bush_huge"}
{"ctxid":0,"pos":[-752.435974,-617.63501,178.034302],"rotationMatrix":[0.146659613,0.989206016,0,-0.989206016,0.146659613,0,0,0,1],"scale":0.672299981,"type":"tro_bush_huge"}
{"ctxid":0,"pos":[-754.393005,-612.471985,176.864761],"rotationMatrix":[-0.385446548,-0.922687829,0,0.922687829,-0.385446548,0,0,0,1],"scale":0.671000004,"type":"tro_bush_huge"}
{"ctxid":0,"pos":[-756.85498,-604.330017,174.611694],"rotationMatrix":[-1,0.00999999978,0,-0.00999999978,-1,0,0,0,1],"scale":1.11930001,"type":"tro_bush_huge"}
{"ctxid":0,"pos":[-866.809021,-665.632996,131.856995],"rotationMatrix":[0.547038376,0.837108076,0,-0.837108076,0.547038376,0,0,0,1],"scale":0.724300027,"type":"tro_bush_huge"}
{"ctxid":0,"pos":[-900.383972,-548.257996,126.697998],"rotationMatrix":[0.410953462,0.911627471,0,-0.911627471,0.410953462,0,0,0,1],"scale":1.11539996,"type":"tro_bush_huge"}
{"ctxid":0,"pos":[-903.362976,-552.239014,126.644997],"rotationMatrix":[-0.970906496,-0.240034848,0,0.240034848,-0.970906496,0,0,0,1],"scale":0.644200027,"type":"tro_bush_huge"}
{"ctxid":0,"pos":[-905.276978,-534.044006,127.072998],"rotationMatrix":[0.650719166,-0.759324312,0,0.759324312,0.650719166,0,0,0,1],"scale":1.12380004,"type":"tro_bush_huge"}
{"ctxid":0,"pos":[-893.260986,-577.73999,127.001999],"rotationMatrix":[-0.263096213,-0.964765847,0,0.964765847,-0.263096213,0,0,0,1],"scale":0.827700019,"type":"tro_bush_huge"}
{"ctxid":0,"pos":[-902.369019,-580.935974,126.515999],"rotationMatrix":[-0.477136612,0.878822446,0,-0.878822446,-0.477136612,0,0,0,1],"scale":0.961199999,"type":"tro_bush_huge"}
{"ctxid":0,"pos":[-910.916016,-523.638,127.578003],"rotationMatrix":[-1,0.00939999986,0,-0.00939999986,-1,0,0,0,1],"scale":0.86500001,"type":"tro_bush_huge"}
{"ctxid":0,"pos":[-898.698975,-703.065979,131.809998],"rotationMatrix":[-0.942058444,0.22276026,-0.250468343,-0.230083615,-0.973082423,-4.61600721e-05,-0.243758172,0.0575876832,0.968123376],"scale":0.711199999,"type":"tro_bush_huge"}
{"ctxid":0,"pos":[-878.799988,-694.507019,135.908005],"rotationMatrix":[0.624848843,0.780792654,0,-0.780792654,0.624848843,0,0,0,1],"scale":0.708500028,"type":"tro_bush_huge"}
{"ctxid":0,"pos":[-907.504028,-703.242004,128.824005],"rotationMatrix":[0.114219546,-0.99345839,0,0.99345839,0.114219546,0,0,0,1],"scale":1.15530002,"type":"tro_bush_huge"}
{"ctxid":0,"pos":[-916.947998,-703.851013,126.702003],"rotationMatrix":[0.688581705,-0.725116968,0,0.725116968,0.688581705,0,0,0,1],"scale":0.863799989,"type":"tro_bush_huge"}
{"ctxid":0,"pos":[-916.124023,-715.612976,129.382004],"rotationMatrix":[-0.999200225,-0.0409918018,0,0.0409918018,-0.999200225,0,0,0,1],"scale":0.848800004,"type":"tro_bush_huge"}
{"ctxid":0,"pos":[-905.754028,-715.85199,131.322998],"rotationMatrix":[-0.0810379982,-0.996637106,0,0.996637106,-0.0810379982,0,0,0,1],"scale":0.66079998,"type":"tro_bush_huge"}
{"ctxid":0,"pos":[-881.427979,-697.02002,136.315002],"rotationMatrix":[-0.978856206,-0.20411244,0,0.20411244,-0.978856206,0,0,0,1],"scale":0.997699976,"type":"tro_bush_huge"}
{"ctxid":0,"pos":[-934.341003,-747.385986,135.076996],"rotationMatrix":[-0.183952689,-0.982831597,0,0.982831597,-0.183952689,0,0,0,1],"scale":0.67019999,"type":"tro_bush_huge"}
{"ctxid":0,"pos":[-928.054016,-748.783997,136.298996],"rotationMatrix":[-0.90788579,0.419590324,0,-0.419590324,-0.90788579,0,0,0,1],"scale":0.980300009,"type":"tro_bush_huge"}
{"ctxid":0,"pos":[-890.216003,-724.429016,134.373001],"rotationMatrix":[-0.82404995,0.566314995,0,-0.566314995,-0.82404995,0,0,0,1],"scale":0.977599978,"type":"tro_bush_huge"}
{"ctxid":0,"pos":[-941.257019,-788.986023,134.783005],"rotationMatrix":[0.59607923,-0.802898049,0,0.802898049,0.59607923,0,0,0,1],"scale":0.632099986,"type":"tro_bush_huge"}
{"ctxid":0,"pos":[-950.054993,-788.322998,135.130005],"rotationMatrix":[-0.209634542,0.977724433,0,-0.977724433,-0.209634542,0,0,0,1],"scale":0.88410002,"type":"tro_bush_huge"}
{"ctxid":0,"pos":[-938.421997,-801.353027,135.026001],"rotationMatrix":[0.950827539,-0.309711367,0,0.309711367,0.950827539,0,0,0,1],"scale":0.654900014,"type":"tro_bush_huge"}
{"ctxid":0,"pos":[-934.575989,-820.770996,138.227997],"rotationMatrix":[-0.999263287,0.0327774622,-4.68604267e-05,-0.0312384628,-0.95190537,0.304156631,0.00992585998,0.303994626,0.952617109],"scale":1.10950005,"type":"tro_bush_huge"}
{"ctxid":0,"pos":[-926.195984,-803.76001,138.490997],"rotationMatrix":[-0.929826498,-0.367773116,0,0.367773116,-0.929826498,0,0,0,1],"scale":1.13479996,"type":"tro_bush_huge"}
{"ctxid":0,"pos":[-929.129028,-776.122986,137.556],"rotationMatrix":[-0.0141729116,0.999930859,0,-0.999930859,-0.0141729116,0,0,0,1],"scale":1.13619995,"type":"tro_bush_huge"}
{"ctxid":0,"pos":[-927.801025,-819.562988,138.639008],"rotationMatrix":[-0.746584892,0.528379917,-0.404402375,-0.647152662,-0.717914462,0.256721735,-0.154661179,0.45335114,0.877815902],"scale":0.941699982,"type":"tro_bush_huge"}
{"ctxid":0,"pos":[-25.2401009,778.528992,129.720993],"rotationMatrix":[-0.424671888,0.905443192,0,-0.905443192,-0.424671888,0,0,0,1],"scale":0.615100026,"type":"tro_bush_huge"}
{"ctxid":0,"pos":[-46.0369987,780.98999,130.628998],"rotationMatrix":[0.997291505,-0.0735484809,0,0.0735484809,0.997291505,0,0,0,1],"scale":1.18920004,"type":"tro_bush_huge"}
{"ctxid":0,"pos":[-47.4253006,783.085999,129.322006],"rotationMatrix":[-0.702012539,0.711985469,0,-0.711985469,-0.702012539,0,0,0,1],"scale":1.19589996,"type":"tro_bush_huge"}
{"ctxid":0,"pos":[-83.9580994,795.864014,129.311996],"rotationMatrix":[0.884511828,-0.466518432,0,0.466518432,0.884511828,0,0,0,1],"scale":0.647199988,"type":"tro_bush_huge"}
{"ctxid":0,"pos":[-15.2158003,750.612,131.850998],"rotationMatrix":[-0.863608241,-0.50388664,0,0.50388664,-0.863608241,0,0,0,1],"scale":0.646700025,"type":"tro_bush_huge"}
{"ctxid":0,"pos":[-21.1149998,777.619019,130.472],"rotationMatrix":[0.753738403,-0.657165527,0,0.657165527,0.753738403,0,0,0,1],"scale":1.03579998,"type":"tro_bush_huge"}
{"ctxid":0,"pos":[-19.3994007,774.953003,131.858994],"rotationMatrix":[0.80205369,0.597236633,0,-0.597236633,0.80205369,0,0,0,1],"scale":0.974099994,"type":"tro_bush_huge"}
{"ctxid":0,"pos":[-113.137001,815.177979,127.610001],"rotationMatrix":[0.999278009,0.0379923992,0,-0.0379923992,0.999278009,0,0,0,1],"scale":1.18509996,"type":"tro_bush_huge"}
{"ctxid":0,"pos":[-121.106003,820.208008,127.942001],"rotationMatrix":[-0.526004434,-0.850439548,0,0.850439548,-0.526004434,0,0,0,1],"scale":1.19560003,"type":"tro_bush_huge"}
{"ctxid":0,"pos":[-59.0211983,704.593018,145.332993],"rotationMatrix":[-0.125900149,-0.992046595,0,0.992046595,-0.125900149,0,0,0,1],"scale":1.17659998,"type":"tro_bush_huge"}
{"ctxid":0,"pos":[-61.7841988,706.486023,145.440994],"rotationMatrix":[-0.87327373,-0.487384081,0,0.487384081,-0.87327373,0,0,0,1],"scale":0.836600006,"type":"tro_bush_huge"}
{"ctxid":0,"pos":[-106.253998,720.723022,145.548996],"rotationMatrix":[-0.323889971,-0.946054041,0,0.946054041,-0.323889971,0,0,0,1],"scale":0.903599977,"type":"tro_bush_huge"}
{"ctxid":0,"pos":[-107.719002,704.414001,150.472],"rotationMatrix":[0.285270274,0.958512545,0,-0.958512545,0.285270274,0,0,0,1],"scale":0.747900009,"type":"tro_bush_huge"}
{"ctxid":0,"pos":[-103.82,706.247009,148.057999],"rotationMatrix":[0.973916709,0.226915404,0,-0.226915404,0.973916709,0,0,0,1],"scale":0.684300005,"type":"tro_bush_huge"}
{"ctxid":0,"pos":[-99.4033966,704.856018,147.975998],"rotationMatrix":[0.927343309,-0.374224037,0,0.374224037,0.927343309,0,0,0,1],"scale":0.80250001,"type":"tro_bush_huge"}
{"ctxid":0,"pos":[-72.6167984,700.677002,147.434006],"rotationMatrix":[-0.675548196,-0.737365663,0,0.737365663,-0.675548196,0,0,0,1],"scale":0.870100021,"type":"tro_bush_huge"}
{"ctxid":0,"pos":[-69.2829971,702.210999,146.809006],"rotationMatrix":[-0.388777733,-0.921296477,0,0.921296477,-0.388777733,0,0,0,1],"scale":1.13540006,"type":"tro_bush_huge"}
{"ctxid":0,"pos":[-69.3834,703.218994,146.621994],"rotationMatrix":[-0.31966269,-0.947466731,0,0.947466731,-0.31966269,0,0,0,1],"scale":0.606100023,"type":"tro_bush_huge"}
{"ctxid":0,"pos":[-78.8327026,710.695984,145.533997],"rotationMatrix":[-0.682878494,-0.730537713,0,0.730537713,-0.682878494,0,0,0,1],"scale":0.717199981,"type":"tro_bush_huge"}
{"ctxid":0,"pos":[-75.0366974,708.935974,145.731995],"rotationMatrix":[-0.96336937,-0.268110484,0,0.268110484,-0.96336937,0,0,0,1],"scale":0.896200001,"type":"tro_bush_huge"}
{"ctxid":0,"pos":[-155.621002,516.934021,226.593994],"rotationMatrix":[-0.488502502,0.872534752,0,-0.872534752,-0.488502502,0,0,0,1],"scale":0.62559998,"type":"tro_bush_huge"}
{"ctxid":0,"pos":[-148.283005,509.924988,228.253998],"rotationMatrix":[0.942878008,0.333132803,0,-0.333132803,0.942878008,0,0,0,1],"scale":1.10889995,"type":"tro_bush_huge"}
{"ctxid":0,"pos":[-134.216995,505.533997,228.783005],"rotationMatrix":[0.942335904,-0.334675789,0,0.334675789,0.942335904,0,0,0,1],"scale":0.897800028,"type":"tro_bush_huge"}
{"ctxid":0,"pos":[-135.440002,513.231018,227.619995],"rotationMatrix":[0.98853904,-0.150960937,0,0.150960937,0.98853904,0,0,0,1],"scale":1.08329999,"type":"tro_bush_huge"}
{"ctxid":0,"pos":[-147.709,502.854004,230.132004],"rotationMatrix":[-0.954659939,0.297964036,0,-0.297964036,-0.954659939,0,0,0,1],"scale":1.05519998,"type":"tro_bush_huge"}
{"ctxid":0,"pos":[-161.643997,523.046997,224.697998],"rotationMatrix":[0.737912059,0.67491281,0,-0.67491281,0.737912059,0,0,0,1],"scale":0.780499995,"type":"tro_bush_huge"}
{"ctxid":0,"pos":[-170.927994,516.911987,228.475998],"rotationMatrix":[-0.992806435,0.120582566,0,-0.120582566,-0.992806435,0,0,0,1],"scale":1.00999999,"type":"tro_bush_huge"}
{"ctxid":0,"pos":[-157.776001,514.737976,228.731003],"rotationMatrix":[0.995749593,0.0920985863,0,-0.0920985863,0.995749593,0,0,0,1],"scale":0.692099988,"type":"tro_bush_huge"}
{"ctxid":0,"pos":[-164.606995,505.743011,236.039001],"rotationMatrix":[-0.0414130688,-0.999127388,0,0.999127388,-0.0414130688,0,0,0,1],"scale":1.13699996,"type":"tro_bush_huge"}
{"ctxid":0,"pos":[-168.123001,513.593018,230.25],"rotationMatrix":[0.999561906,0.0295970403,0,-0.0295970403,0.999561906,0,0,0,1],"scale":0.810699999,"type":"tro_bush_huge"}
{"ctxid":0,"pos":[-170.567001,505.653992,236.712997],"rotationMatrix":[0.474687517,-0.880167484,0,0.880167484,0.474687517,0,0,0,1],"scale":0.984399974,"type":"tro_bush_huge"}
{"ctxid":0,"pos":[-164.281006,511.51001,231.406998],"rotationMatrix":[-0.77661252,0.629778504,0,-0.629778504,-0.77661252,0,0,0,1],"scale":1.06289995,"type":"tro_bush_huge"}
{"ctxid":0,"pos":[-178.867996,522.840027,227.207993],"rotationMatrix":[-0.524956465,0.851020753,0,-0.851020753,-0.524956465,0,0,0,1],"scale":0.825900018,"type":"tro_bush_huge"}
{"ctxid":0,"pos":[-183.804993,526.106018,226.223007],"rotationMatrix":[-0.073405385,0.9973616,0,-0.9973616,-0.073405385,0,0,0,1],"scale":1.09689999,"type":"tro_bush_huge"}
{"ctxid":0,"pos":[-286.720001,878.661011,131.404999],"rotationMatrix":[-0.970509648,0.241400331,0,-0.241400331,-0.970509648,0,0,0,1],"scale":0.895399988,"type":"tro_bush_huge"}
{"ctxid":0,"pos":[-280.852997,872.955017,134.578995],"rotationMatrix":[0.794943929,-0.606714964,0,0.606714964,0.794943929,0,0,0,1],"scale":1.01639998,"type":"tro_bush_huge"}
{"ctxid":0,"pos":[-285.713989,874.700012,132.981003],"rotationMatrix":[0.050557971,-0.998774409,0,0.998774409,0.050557971,0,0,0,1],"scale":1.09280002,"type":"tro_bush_huge"}
{"ctxid":0,"pos":[-292.070007,869.271973,132.513],"rotationMatrix":[0.481634319,0.876364768,0,-0.876364768,0.481634319,0,0,0,1],"scale":0.924600005,"type":"tro_bush_huge"}
{"ctxid":0,"pos":[-305.063995,872.843994,131.604996],"rotationMatrix":[-0.255161762,-0.966959357,0,0.966959357,-0.255161762,0,0,0,1],"scale":1.06640005,"type":"tro_bush_huge"}
{"ctxid":0,"pos":[-374.046997,870.31897,127.268997],"rotationMatrix":[-0.749572158,0.662192404,0,-0.662192404,-0.749572158,0,0,0,1],"scale":0.769699991,"type":"tro_bush_huge"}
{"ctxid":0,"pos":[-323.716003,860.958984,130.934006],"rotationMatrix":[-0.214928746,0.97658819,0,-0.97658819,-0.214928746,0,0,0,1],"scale":0.786199987,"type":"tro_bush_huge"}
{"ctxid":0,"pos":[-327.281006,861.140015,131.181],"rotationMatrix":[0.847979009,0.530005693,0,-0.530005693,0.847979009,0,0,0,1],"scale":0.814100027,"type":"tro_bush_huge"}
{"ctxid":0,"pos":[-330.914001,856.948975,131.880997],"rotationMatrix":[0.999531806,-0.0305969398,0,0.0305969398,0.999531806,0,0,0,1],"scale":0.849600017,"type":"tro_bush_huge"}
{"ctxid":0,"pos":[-337.154999,868.882996,130.714005],"rotationMatrix":[-0.872499466,-0.488444507,0,0.488444507,-0.872499466,0,0,0,1],"scale":0.754000008,"type":"tro_bush_huge"}
{"ctxid":0,"pos":[-339.807007,860.562988,132.348007],"rotationMatrix":[-0.628651619,0.777688324,0,-0.777688324,-0.628651619,0,0,0,1],"scale":1.05069995,"type":"tro_bush_huge"}
{"ctxid":0,"pos":[-343.246002,860.567017,131.985992],"rotationMatrix":[-0.951102495,-0.30895254,0,0.30895254,-0.951102495,0,0,0,1],"scale":1.11679995,"type":"tro_bush_huge"}
{"ctxid":0,"pos":[-404.217987,863.56897,126.728996],"rotationMatrix":[-0.99200809,0.126346797,0,-0.126346797,-0.99200809,0,0,0,1],"scale":0.792999983,"type":"tro_bush_huge"}
{"ctxid":0,"pos":[-407.069,863.552002,126.698997],"rotationMatrix":[-0.808421731,-0.588607132,0,0.588607132,-0.808421731,0,0,0,1],"scale":0.633599997,"type":"tro_bush_huge"}
{"ctxid":0,"pos":[-408.007996,846.218018,129.901001],"rotationMatrix":[-0.802720785,0.596602976,0,-0.596602976,-0.802720785,0,0,0,1],"scale":1.15209997,"type":"tro_bush_huge"}
{"ctxid":0,"pos":[-437.299988,845.755005,127.900002],"rotationMatrix":[0.179263234,0.983833492,0,-0.983833492,0.179263234,0,0,0,1],"scale":1.00150001,"type":"tro_bush_huge"}
{"ctxid":0,"pos":[-436.795013,850.617981,127.001999],"rotationMatrix":[-0.436512589,-0.899875522,0,0.899875522,-0.436512589,0,0,0,1],"scale":0.793299973,"type":"tro_bush_huge"}
{"ctxid":0,"pos":[-423.769012,841.450012,129.253006],"rotationMatrix":[0.178494334,0.983909726,0,-0.983909726,0.178494334,0,0,0,1],"scale":0.820200026,"type":"tro_bush_huge"}
{"ctxid":0,"pos":[-391.585999,866.796021,126.690002],"rotationMatrix":[0.249197483,0.968433619,0,-0.968433619,0.249197483,0,0,0,1],"scale":0.669099987,"type":"tro_bush_huge"}
{"ctxid":0,"pos":[-396.774994,865.146973,126.565002],"rotationMatrix":[0.711807728,0.702335894,0,-0.702335894,0.711807728,0,0,0,1],"scale":0.816699982,"type":"tro_bush_huge"}
{"ctxid":0,"pos":[-379.31601,856.593018,132.578003],"rotationMatrix":[0.311096787,-0.950308442,0,0.950308442,0.311096787,0,0,0,1],"scale":0.616699994,"type":"tro_bush_huge"}
{"ctxid":0,"pos":[-386.737,865.630005,127.427002],"rotationMatrix":[-0.936512113,0.351091206,0,-0.351091206,-0.936512113,0,0,0,1],"scale":1.02129996,"type":"tro_bush_huge"}
{"ctxid":0,"pos":[-388.971008,753.526001,168.546997],"rotationMatrix":[-0.922760487,0.385728717,0,-0.385728717,-0.922760487,0,0,0,1],"scale":0.66109997,"type":"tro_bush_huge"}
{"ctxid":0,"pos":[-489.766998,828.643005,128.268997],"rotationMatrix":[-0.0848646164,0.996337235,0,-0.996337235,-0.0848646164,0,0,0,1],"scale":0.99119997,"type":"tro_bush_huge"}
{"ctxid":0,"pos":[-448.479004,836.997986,128.927994],"rotationMatrix":[0.318588614,0.947928786,0,-0.947928786,0.318588614,0,0,0,1],"scale":0.617299974,"type":"tro_bush_huge"}
