{"ctxid":0,"pos":[-119.133003,-8.34589958,174.774002],"rotationMatrix":[-0.309544206,-0.928190708,0.206637442,0.948658705,-0.316388249,-8.32304358e-05,0.0654492378,0.195998549,0.978418052],"scale":1.04789996,"type":"tro_tree_2_bush_huge"}
{"ctxid":0,"pos":[-112.487,-8.48659992,173.404007],"rotationMatrix":[-0.167377472,0.739302456,0.652280807,-0.975333631,-0.220863104,6.32405281e-05,0.144093186,-0.636166215,0.757984698],"scale":1.12870002,"type":"tro_tree_2_bush_huge"}
{"ctxid":0,"pos":[-105.999001,-9.29039955,173.705994],"rotationMatrix":[-0.387444735,-0.921853662,0,0.921853662,-0.387444735,0,0,0,1],"scale":1.14919996,"type":"tro_tree_2_bush_huge"}
{"ctxid":0,"pos":[-98.9644012,-10.0017996,173.167999],"rotationMatrix":[-0.325191975,-0.945542395,0,0.945542395,-0.325191975,0,0,0,1],"scale":1.08379996,"type":"tro_tree_2_bush_huge"}
{"ctxid":0,"pos":[-92.7352982,-10.2756004,173.281998],"rotationMatrix":[-0.979254007,-0.201745436,0,0.201745436,-0.979254007,0,0,0,1],"scale":0.830299973,"type":"tro_tree_2_bush_huge"}
{"ctxid":0,"pos":[-185.115997,-0.0909999982,208.167999],"rotationMatrix":[0.986975014,0.160867378,0,-0.160867378,0.986975014,0,0,0,1],"scale":0.944000006,"type":"tro_tree_2_bush_huge"}
{"ctxid":0,"pos":[-137.904007,-10.2702999,178.033997],"rotationMatrix":[0.868518114,-0.495672464,0,0.495672464,0.868518114,0,0,0,1],"scale":0.95660001,"type":"tro_tree_2_bush_huge"}
{"ctxid":0,"pos":[-148.899994,-17.2978992,176.654007],"rotationMatrix":[-0.165559173,0.986160159,0,-0.986160159,-0.165559173,0,0,0,1],"scale":0.934800029,"type":"tro_tree_2_bush_huge"}
{"ctxid":0,"pos":[-157.468994,-21.8234997,176.119003],"rotationMatrix":[0.529744029,0.848187089,0,-0.848187089,0.529744029,0,0,0,1],"scale":0.832499981,"type":"tro_tree_2_bush_huge"}
{"ctxid":0,"pos":[-158.233002,-22.8185005,175.692993],"rotationMatrix":[-0.103503704,-0.994609177,0,0.994609177,-0.103503704,0,0,0,1],"scale":0.82160002,"type":"tro_tree_2_bush_huge"}
{"ctxid":0,"pos":[-166.244995,-28.1723003,175.121002],"rotationMatrix":[-0.109454036,0.994010031,0,-0.994010031,-0.109454036,0,0,0,1],"scale":1.04040003,"type":"tro_tree_2_bush_huge"}
{"ctxid":0,"pos":[-162.214005,-26.4316006,174.098999],"rotationMatrix":[-0.595612407,0.803165436,0,-0.803165436,-0.595612407,0,0,0,1],"scale":0.863200009,"type":"tro_tree_2_bush_huge"}
{"ctxid":0,"pos":[-153.561005,-23.8668995,172.714996],"rotationMatrix":[0.547989666,-0.836513877,0,0.836513877,0.547989666,0,0,0,1],"scale":1.17690003,"type":"tro_tree_2_bush_huge"}
{"ctxid":0,"pos":[-151.850998,-21.1303997,174.766006],"rotationMatrix":[-0.0801559687,-0.996818364,0,0.996818364,-0.0801559687,0,0,0,1],"scale":1.06359994,"type":"tro_tree_2_bush_huge"}
{"ctxid":0,"pos":[-168.272995,-31.4006996,173.330994],"rotationMatrix":[0.154739976,-0.987891972,0,0.987891972,0.154739976,0,0,0,1],"scale":1.19529998,"type":"tro_tree_2_bush_huge"}
{"ctxid":0,"pos":[-174.324997,-35.7818985,173.932999],"rotationMatrix":[-0.830932379,0.556666195,0,-0.556666195,-0.830932379,0,0,0,1],"scale":1.14320004,"type":"tro_tree_2_bush_huge"}
{"ctxid":0,"pos":[-179.117004,-39.8536987,173.205002],"rotationMatrix":[0.692044497,0.721859038,0,-0.721859038,0.692044497,0,0,0,1],"scale":0.840300024,"type":"tro_tree_2_bush_huge"}
{"ctxid":0,"pos":[-132.699997,-10.6348,176.382996],"rotationMatrix":[0.58813113,0.808762312,0,-0.808762312,0.58813113,0,0,0,1],"scale":0.921599984,"type":"tro_tree_2_bush_huge"}
{"ctxid":0,"pos":[-126.011002,-9.75599957,174.998001],"rotationMatrix":[0.626060486,-0.779790163,0,0.779790163,0.626060486,0,0,0,1],"scale":1.14690006,"type":"tro_tree_2_bush_huge"}
{"ctxid":0,"pos":[-186.367004,-58.2358017,158.354004],"rotationMatrix":[-0.928647995,-0.371392399,0,0.371392399,-0.928647995,0,0,0,1],"scale":0.885999978,"type":"tro_tree_2_bush_huge"}
{"ctxid":0,"pos":[-200.664001,-60.5181999,166.013],"rotationMatrix":[0.937341988,0.348406792,0,-0.348406792,0.937341988,0,0,0,1],"scale":0.84740001,"type":"tro_tree_2_bush_huge"}
{"ctxid":0,"pos":[-194.492004,-56.6931,167.585007],"rotationMatrix":[0.471089184,0.882036328,2.12788582e-05,-0.867297173,0.463214099,0.182044595,0.160573274,-0.0857698023,0.983288884],"scale":1.07579994,"type":"tro_tree_2_bush_huge"}
{"ctxid":0,"pos":[-192.794006,-57.5452995,163.880005],"rotationMatrix":[-0.897351861,0.441222012,0,-0.441222012,-0.897351861,0,0,0,1],"scale":0.875800014,"type":"tro_tree_2_bush_huge"}
{"ctxid":0,"pos":[-197.641998,-61.0816002,162.138],"rotationMatrix":[-0.656928062,0.754009724,0,-0.754009724,-0.656928062,0,0,0,1],"scale":0.817399979,"type":"tro_tree_2_bush_huge"}
{"ctxid":0,"pos":[-193.705002,-61.9225006,156.459],"rotationMatrix":[-0.918840528,-0.394346684,0,0.394346684,-0.918840528,0,0,0,1],"scale":1.10570002,"type":"tro_tree_2_bush_huge"}
{"ctxid":0,"pos":[-189.406006,-60.1498985,156.798996],"rotationMatrix":[-0.597399354,-0.80182761,0,0.80182761,-0.597399354,0,0,0,1],"scale":1.08930004,"type":"tro_tree_2_bush_huge"}
{"ctxid":0,"pos":[-227.826004,-80.2581024,159.595993],"rotationMatrix":[0.975269139,-0.221021116,0,0.221021116,0.975269139,0,0,0,1],"scale":1.04770005,"type":"tro_tree_2_bush_huge"}
{"ctxid":0,"pos":[-224.707001,-78.1458969,160.048996],"rotationMatrix":[0.712869585,-0.701268137,0,0.701268137,0.712869585,0,0,0,1],"scale":0.898999989,"type":"tro_tree_2_bush_huge"}
{"ctxid":0,"pos":[-219.695007,-75.1097031,159.990005],"rotationMatrix":[0.126157939,0.992028832,0,-0.992028832,0.126157939,0,0,0,1],"scale":0.844200015,"type":"tro_tree_2_bush_huge"}
{"ctxid":0,"pos":[-207.307007,-65.1107025,164.503998],"rotationMatrix":[-0.749572158,-0.662192404,0,0.662192404,-0.749572158,0,0,0,1],"scale":0.806400001,"type":"tro_tree_2_bush_huge"}
{"ctxid":0,"pos":[-203.134003,-65.1592026,160.729004],"rotationMatrix":[-0.712360144,0.701932549,0,-0.701932549,-0.712360144,0,0,0,1],"scale":0.863799989,"type":"tro_tree_2_bush_huge"}
{"ctxid":0,"pos":[-209.578003,-69.7652969,157.923004],"rotationMatrix":[0.459823847,0.887959421,0,-0.887959421,0.459823847,0,0,0,1],"scale":1.07420003,"type":"tro_tree_2_bush_huge"}
{"ctxid":0,"pos":[-215.559006,-73.7136002,157.822006],"rotationMatrix":[0.995119274,-0.0986814424,0,0.0986814424,0.995119274,0,0,0,1],"scale":1.10109997,"type":"tro_tree_2_bush_huge"}
{"ctxid":0,"pos":[-226.725006,-83.197197,153.932007],"rotationMatrix":[0.982998312,0.183607087,0,-0.183607087,0.982998312,0,0,0,1],"scale":0.998700023,"type":"tro_tree_2_bush_huge"}
{"ctxid":0,"pos":[-107.016998,-305.895996,132.733154],"rotationMatrix":[-0.287691474,-0.957744658,0,0.957744658,-0.287691474,0,0,0,1],"scale":0.829599977,"type":"tro_tree_2_bush_huge"}
{"ctxid":0,"pos":[-79.1427002,-372.641998,132.383987],"rotationMatrix":[0.881804764,-0.471614033,0,0.471614033,0.881804764,0,0,0,1],"scale":1.12450004,"type":"tro_tree_2_bush_huge"}
{"ctxid":0,"pos":[-86.5206985,-362.812012,132.661774],"rotationMatrix":[-0.978856206,0.204908207,0,-0.204908207,-0.978856206,0,0,0,1],"scale":1.1013,"type":"tro_tree_2_bush_huge"}
{"ctxid":0,"pos":[-78.8430023,-358.722992,132.882721],"rotationMatrix":[0.75541985,-0.655267894,0,0.655267894,0.75541985,0,0,0,1],"scale":0.896499991,"type":"tro_tree_2_bush_huge"}
{"ctxid":0,"pos":[-67.5740967,-370.960999,132.51767],"rotationMatrix":[-0.783027172,0.62203896,0,-0.62203896,-0.783027172,0,0,0,1],"scale":0.835799992,"type":"tro_tree_2_bush_huge"}
{"ctxid":0,"pos":[-101.156998,-359.005005,131.863312],"rotationMatrix":[0.824175477,-0.566314995,0,0.566314995,0.824175477,0,0,0,1],"scale":0.940100014,"type":"tro_tree_2_bush_huge"}
{"ctxid":0,"pos":[-102.805,-338.425995,132.941849],"rotationMatrix":[0.968899846,-0.247454688,0,0.247454688,0.968899846,0,0,0,1],"scale":1.01909995,"type":"tro_tree_2_bush_huge"}
{"ctxid":0,"pos":[-340.015991,-230.494995,142.804001],"rotationMatrix":[-0.239997506,-0.970706761,0,0.970706761,-0.239997506,0,0,0,1],"scale":0.946799994,"type":"tro_tree_2_bush_huge"}
{"ctxid":0,"pos":[-343.933014,-231.779999,142.371002],"rotationMatrix":[0.822511196,-0.56875062,0,0.56875062,0.822511196,0,0,0,1],"scale":1.14049995,"type":"tro_tree_2_bush_huge"}
{"ctxid":0,"pos":[-348.329987,-231.600998,144.723999],"rotationMatrix":[0.673083007,-0.739545584,0,0.739545584,0.673083007,0,0,0,1],"scale":0.842499971,"type":"tro_tree_2_bush_huge"}
{"ctxid":0,"pos":[-354.459991,-231.949005,146.565002],"rotationMatrix":[0.303800046,-0.952731967,0,0.952731967,0.303800046,0,0,0,1],"scale":1.00940001,"type":"tro_tree_2_bush_huge"}
{"ctxid":0,"pos":[-360.971008,-232.528,148.270996],"rotationMatrix":[0.355433345,0.934661329,0,-0.934661329,0.355433345,0,0,0,1],"scale":1.17939997,"type":"tro_tree_2_bush_huge"}
{"ctxid":0,"pos":[-371.506989,-231.487,148.481003],"rotationMatrix":[0.70077157,0.713413894,0,-0.713413894,0.70077157,0,0,0,1],"scale":0.922500014,"type":"tro_tree_2_bush_huge"}
{"ctxid":0,"pos":[-366.846008,-232.494003,148.414993],"rotationMatrix":[-0.877921939,-0.47887978,0,0.47887978,-0.877921939,0,0,0,1],"scale":0.959999979,"type":"tro_tree_2_bush_huge"}
{"ctxid":0,"pos":[-360.389008,-234.513,143.309006],"rotationMatrix":[0.20140475,0.979444981,0,-0.979444981,0.20140475,0,0,0,1],"scale":1.02789998,"type":"tro_tree_2_bush_huge"}
{"ctxid":0,"pos":[-358.088989,-235.503998,140.259003],"rotationMatrix":[-0.986024618,0.165418997,0,-0.165418997,-0.986024618,0,0,0,1],"scale":0.92049998,"type":"tro_tree_2_bush_huge"}
{"ctxid":0,"pos":[-350.190002,-234.091003,140.123001],"rotationMatrix":[-0.590971231,0.806812763,0,-0.806812763,-0.590971231,0,0,0,1],"scale":0.918900013,"type":"tro_tree_2_bush_huge"}
{"ctxid":0,"pos":[-344.903015,-234.141006,138.112],"rotationMatrix":[0.509752035,0.860285759,0,-0.860285759,0.509752035,0,0,0,1],"scale":0.923200011,"type":"tro_tree_2_bush_huge"}
{"ctxid":0,"pos":[-338.601013,-228.621002,146.268005],"rotationMatrix":[-0.957824826,0.287321776,0,-0.287321776,-0.957824826,0,0,0,1],"scale":1.05449998,"type":"tro_tree_2_bush_huge"}
{"ctxid":0,"pos":[-278.447998,-299.847992,132.51619],"rotationMatrix":[0.756118715,-0.654400826,0,0.654400826,0.756118715,0,0,0,1],"scale":1.28639996,"type":"tro_tree_2_bush_huge"}
{"ctxid":0,"pos":[-288.854004,-252.328003,132.520508],"rotationMatrix":[0.336448073,-0.941644728,0,0.941644728,0.336448073,0,0,0,1],"scale":1.05910003,"type":"tro_tree_2_bush_huge"}
{"ctxid":0,"pos":[-272.018005,-293.524994,132.502899],"rotationMatrix":[-0.191041827,0.981602371,0,-0.981602371,-0.191041827,0,0,0,1],"scale":1.14970005,"type":"tro_tree_2_bush_huge"}
{"ctxid":0,"pos":[-297.433014,-350.108002,133.042908],"rotationMatrix":[-0.00791609287,0.999965131,0,-0.999965131,-0.00791609287,0,0,0,1],"scale":1.07459998,"type":"tro_tree_2_bush_huge"}
{"ctxid":0,"pos":[-280.380005,-330.282013,132.228455],"rotationMatrix":[-0.970112562,-0.243360996,0,0.243360996,-0.970112562,0,0,0,1],"scale":0.992600024,"type":"tro_tree_2_bush_huge"}
{"ctxid":0,"pos":[-277.390015,-315.610992,132.466156],"rotationMatrix":[-0.037664175,0.999200165,0,-0.999200165,-0.037664175,0,0,0,1],"scale":1.03840005,"type":"tro_tree_2_bush_huge"}
{"ctxid":0,"pos":[-365.05899,-392.294006,130.267136],"rotationMatrix":[0.0171980858,-0.999766171,0,0.999766171,0.0171980858,0,0,0,1],"scale":1.14880002,"type":"tro_tree_2_bush_huge"}
{"ctxid":0,"pos":[-426.062012,-359.851013,131.725998],"rotationMatrix":[0.276154876,-0.961116135,0,0.961116135,0.276154876,0,0,0,1],"scale":1.05540001,"type":"tro_tree_2_bush_huge"}
{"ctxid":0,"pos":[-431.64801,-352.625,132.108994],"rotationMatrix":[-0.990810513,-0.136684895,0,0.136684895,-0.990810513,0,0,0,1],"scale":0.957300007,"type":"tro_tree_2_bush_huge"}
{"ctxid":0,"pos":[-436.446014,-347.020996,132.595993],"rotationMatrix":[0.884223282,0.467052728,0,-0.467052728,0.884223282,0,0,0,1],"scale":0.945299983,"type":"tro_tree_2_bush_huge"}
{"ctxid":0,"pos":[-442.556,-337.753998,133.136002],"rotationMatrix":[-0.914924502,0.403337717,0,-0.403337717,-0.914924502,0,0,0,1],"scale":0.836300015,"type":"tro_tree_2_bush_huge"}
{"ctxid":0,"pos":[-433.644989,-355.466003,130.302994],"rotationMatrix":[-0.993605018,-0.111621119,0,0.111621119,-0.993605018,0,0,0,1],"scale":1.04180002,"type":"tro_tree_2_bush_huge"}
{"ctxid":0,"pos":[-463.186005,-313.136993,134.889999],"rotationMatrix":[0.0590824485,0.998258829,0,-0.998258829,0.0590824485,0,0,0,1],"scale":0.887000024,"type":"tro_tree_2_bush_huge"}
{"ctxid":0,"pos":[-451.411011,-327.846985,132.677994],"rotationMatrix":[0.986584783,-0.16324307,0,0.16324307,0.986584783,0,0,0,1],"scale":1.19579995,"type":"tro_tree_2_bush_huge"}
{"ctxid":0,"pos":[-402.832001,-374.640015,130.072998],"rotationMatrix":[-0.996801257,0.0813348815,0,-0.0813348815,-0.996801257,0,0,0,1],"scale":0.891300023,"type":"tro_tree_2_bush_huge"}
{"ctxid":0,"pos":[-422.949005,-261.571014,135.128998],"rotationMatrix":[0.153439224,0.988131344,0,-0.988131344,0.153439224,0,0,0,1],"scale":0.952700019,"type":"tro_tree_2_bush_huge"}
{"ctxid":0,"pos":[-410.915985,-269.13501,139.487],"rotationMatrix":[-0.958616376,-0.285004795,0,0.285004795,-0.958616376,0,0,0,1],"scale":1.08039999,"type":"tro_tree_2_bush_huge"}
{"ctxid":0,"pos":[-425.532013,-268.251007,138.395996],"rotationMatrix":[0.57771945,0.816255808,0,-0.816255808,0.57771945,0,0,0,1],"scale":0.969600022,"type":"tro_tree_2_bush_huge"}
{"ctxid":0,"pos":[-430.923004,-268.226013,139.701004],"rotationMatrix":[-0.304112554,0.952688515,0,-0.952688515,-0.304112554,0,0,0,1],"scale":0.962899983,"type":"tro_tree_2_bush_huge"}
{"ctxid":0,"pos":[-49.717701,-662.937012,151.468002],"rotationMatrix":[-0.530574322,0.710895777,-0.461420387,-0.801335573,-0.598032475,7.70688057e-05,-0.275939971,0.369818747,0.887172937],"scale":0.943000019,"type":"tro_tree_2_bush_huge"}
{"ctxid":0,"pos":[-55.2056999,-666.377014,150.931],"rotationMatrix":[-0.937396526,-0.347865999,1.14887953e-05,0.292165995,-0.787271976,0.542757988,-0.188811496,0.508857965,0.839875519],"scale":0.970700026,"type":"tro_tree_2_bush_huge"}
{"ctxid":0,"pos":[-53.0983009,-661.526978,151.658005],"rotationMatrix":[-0.523210526,0.852278769,0,-0.852278769,-0.523210526,0,0,0,1],"scale":0.921199977,"type":"tro_tree_2_bush_huge"}
{"ctxid":0,"pos":[-46.3736,-657.546997,151.588638],"rotationMatrix":[-0.571764469,0.820544422,0,-0.820544422,-0.571764469,0,0,0,1],"scale":1.00820005,"type":"tro_tree_2_bush_huge"}
{"ctxid":0,"pos":[-40.7448006,-656.237976,151.868027],"rotationMatrix":[0.999049544,0.0435912833,0,-0.0435912833,0.999049544,0,0,0,1],"scale":0.987800002,"type":"tro_tree_2_bush_huge"}
{"ctxid":0,"pos":[-0.612500012,-741.630005,139.201004],"rotationMatrix":[0.632261157,0.774755836,0,-0.774755836,0.632261157,0,0,0,1],"scale":0.86589998,"type":"tro_tree_2_bush_huge"}
{"ctxid":0,"pos":[-1.23020005,-748.747009,139.078995],"rotationMatrix":[-0.149431109,0.988865554,0,-0.988865554,-0.149431109,0,0,0,1],"scale":1.04680002,"type":"tro_tree_2_bush_huge"}
{"ctxid":0,"pos":[-121.706001,-694.35199,157.559006],"rotationMatrix":[-0.999599934,-0.0233976599,0,0.0233976599,-0.999599934,0,0,0,1],"scale":1.15779996,"type":"tro_tree_2_bush_huge"}
{"ctxid":0,"pos":[-117.950996,-697.538025,160.220001],"rotationMatrix":[-0.890734553,0.454453021,0,-0.454453021,-0.890734553,0,0,0,1],"scale":1.02620006,"type":"tro_tree_2_bush_huge"}
{"ctxid":0,"pos":[-93.3225021,-694.880005,157.466919],"rotationMatrix":[0.481023252,-0.876677394,0,0.876677394,0.481023252,0,0,0,1],"scale":0.837400019,"type":"tro_tree_2_bush_huge"}
{"ctxid":0,"pos":[-91.7242966,-694.35498,156.848663],"rotationMatrix":[-0.739112496,-0.673451483,0,0.673451483,-0.739112496,0,0,0,1],"scale":1.04100001,"type":"tro_tree_2_bush_huge"}
{"ctxid":0,"pos":[-98.3467026,-700.606995,163.011002],"rotationMatrix":[-0.138238788,0.990376353,0,-0.990376353,-0.138238788,0,0,0,1],"scale":0.834900022,"type":"tro_tree_2_bush_huge"}
{"ctxid":0,"pos":[-96.8742981,-700.989014,163.033997],"rotationMatrix":[0.897214234,0.441611588,0,-0.441611588,0.897214234,0,0,0,1],"scale":1.16659999,"type":"tro_tree_2_bush_huge"}
{"ctxid":0,"pos":[-102.415001,-706.562988,164.496002],"rotationMatrix":[0.438200057,0.898879945,0,-0.898879945,0.438200057,0,0,0,1],"scale":0.816699982,"type":"tro_tree_2_bush_huge"}
{"ctxid":0,"pos":[-103.774002,-706.348999,164.528],"rotationMatrix":[0.984476805,-0.17551282,0,0.17551282,0.984476805,0,0,0,1],"scale":0.807699978,"type":"tro_tree_2_bush_huge"}
{"ctxid":0,"pos":[-117.900002,-705.500977,165.251999],"rotationMatrix":[-0.810323834,0.585681796,0,-0.585681796,-0.810323834,0,0,0,1],"scale":1.19579995,"type":"tro_tree_2_bush_huge"}
{"ctxid":0,"pos":[-116.811996,-698.620972,161.169006],"rotationMatrix":[0.782859504,-0.622227788,0,0.622227788,0.782859504,0,0,0,1],"scale":1.05110002,"type":"tro_tree_2_bush_huge"}
{"ctxid":0,"pos":[-119.806,-711.840027,168.542999],"rotationMatrix":[0.139065623,-0.990317285,0,0.990317285,0.139065623,0,0,0,1],"scale":0.878099978,"type":"tro_tree_2_bush_huge"}
{"ctxid":0,"pos":[-119.540001,-710.484009,167.727005],"rotationMatrix":[-0.999599934,0.0319968015,0,-0.0319968015,-0.999599934,0,0,0,1],"scale":1.15260005,"type":"tro_tree_2_bush_huge"}
{"ctxid":0,"pos":[-66.7944031,-690.361023,154.986984],"rotationMatrix":[0.986222029,0.165418997,0,-0.165418997,0.986222029,0,0,0,1],"scale":0.970099986,"type":"tro_tree_2_bush_huge"}
{"ctxid":0,"pos":[-65.6295013,-692.791016,156.305878],"rotationMatrix":[0.843311965,-0.537407994,0,0.537407994,0.843311965,0,0,0,1],"scale":0.901499987,"type":"tro_tree_2_bush_huge"}
{"ctxid":0,"pos":[-75.4866028,-694.781006,156.748291],"rotationMatrix":[0.869235039,-0.494421482,0,0.494421482,0.869235039,0,0,0,1],"scale":0.899600029,"type":"tro_tree_2_bush_huge"}
{"ctxid":0,"pos":[-80.9420013,-696.104004,157.573425],"rotationMatrix":[0.774342358,-0.632768452,0,0.632768452,0.774342358,0,0,0,1],"scale":0.902400017,"type":"tro_tree_2_bush_huge"}
{"ctxid":0,"pos":[-87.7600021,-694.872009,157.003021],"rotationMatrix":[-0.997600794,0.0689586028,0,-0.0689586028,-0.997600794,0,0,0,1],"scale":0.870400012,"type":"tro_tree_2_bush_huge"}
{"ctxid":0,"pos":[-91.2306976,-692.770996,155.409271],"rotationMatrix":[-0.903590679,-0.428483546,0,0.428483546,-0.903590679,0,0,0,1],"scale":0.992299974,"type":"tro_tree_2_bush_huge"}
{"ctxid":0,"pos":[-138.212006,-673.95697,151.79129],"rotationMatrix":[0.523711979,0.851852775,0,-0.851852775,0.523711979,0,0,0,1],"scale":0.832199991,"type":"tro_tree_2_bush_huge"}
{"ctxid":0,"pos":[-146.220001,-673.625,153.197006],"rotationMatrix":[-0.529150844,-0.848517776,0,0.848517776,-0.529150844,0,0,0,1],"scale":0.832700014,"type":"tro_tree_2_bush_huge"}
{"ctxid":0,"pos":[-151.651993,-672.40802,151.02002],"rotationMatrix":[-0.731288314,0.682169318,0,-0.682169318,-0.731288314,0,0,0,1],"scale":0.989600003,"type":"tro_tree_2_bush_huge"}
{"ctxid":0,"pos":[-158.434998,-673.437988,151.014557],"rotationMatrix":[0.462730229,0.886500299,0,-0.886500299,0.462730229,0,0,0,1],"scale":0.8477,"type":"tro_tree_2_bush_huge"}
{"ctxid":0,"pos":[-164.078995,-675.432983,151.088165],"rotationMatrix":[-0.510697484,-0.859828532,-4.36045229e-06,0.859401047,-0.510443807,0.0315263607,-0.0271084402,0.0160948411,0.999502957],"scale":1.09790003,"type":"tro_tree_2_bush_huge"}
{"ctxid":0,"pos":[-168.033997,-678.375,151.644928],"rotationMatrix":[-0.12530005,0.992082298,0,-0.992082298,-0.12530005,0,0,0,1],"scale":0.87349999,"type":"tro_tree_2_bush_huge"}
{"ctxid":0,"pos":[-172.576996,-681.06897,151.538132],"rotationMatrix":[0.365611553,-0.93074435,0,0.93074435,0.365611553,0,0,0,1],"scale":1.10020006,"type":"tro_tree_2_bush_huge"}
{"ctxid":0,"pos":[-169.483994,-677.210022,150.429092],"rotationMatrix":[0.332987547,-0.942941964,0,0.942941964,0.332987547,0,0,0,1],"scale":1.1408,"type":"tro_tree_2_bush_huge"}
{"ctxid":0,"pos":[-179.447998,-683.710999,149.573792],"rotationMatrix":[0.0743838549,0.99718374,0,-0.99718374,0.0743838549,0,0,0,1],"scale":1.01549995,"type":"tro_tree_2_bush_huge"}
{"ctxid":0,"pos":[-166.882996,-748.491028,157.280701],"rotationMatrix":[-0.401181698,0.916028738,4.68194485e-05,-0.676611662,-0.296297908,-0.674133182,-0.617499232,-0.27046293,0.738616824],"scale":0.951499999,"type":"tro_tree_2_bush_huge"}
{"ctxid":0,"pos":[-161.835007,-749.630981,164.085022],"rotationMatrix":[-0.914924502,0.403924823,0,-0.403924823,-0.914924502,0,0,0,1],"scale":1.18130004,"type":"tro_tree_2_bush_huge"}
{"ctxid":0,"pos":[-168.873993,-740.721008,155.940689],"rotationMatrix":[-0.307991505,-0.951354682,0,0.951354682,-0.307991505,0,0,0,1],"scale":0.996399999,"type":"tro_tree_2_bush_huge"}
{"ctxid":0,"pos":[-166.567001,-742.666016,158.130539],"rotationMatrix":[-0.740231633,0.672362208,0,-0.672362208,-0.740231633,0,0,0,1],"scale":0.830799997,"type":"tro_tree_2_bush_huge"}
{"ctxid":0,"pos":[-163.813004,-742.335022,161.87059],"rotationMatrix":[-0.322588444,-0.946564853,0,0.946564853,-0.322588444,0,0,0,1],"scale":0.851999998,"type":"tro_tree_2_bush_huge"}
{"ctxid":0,"pos":[-163.960999,-736.846985,161.655411],"rotationMatrix":[0.978284717,0.207274631,0,-0.207274631,0.978284717,0,0,0,1],"scale":0.93690002,"type":"tro_tree_2_bush_huge"}
{"ctxid":0,"pos":[-165.289001,-733.817993,159.864059],"rotationMatrix":[-0.44296062,-0.896456778,0,0.896456778,-0.44296062,0,0,0,1],"scale":0.852199972,"type":"tro_tree_2_bush_huge"}
{"ctxid":0,"pos":[-168.615005,-732.047974,156.443436],"rotationMatrix":[-0.406499863,0.913570881,0,-0.913570881,-0.406499863,0,0,0,1],"scale":0.925899982,"type":"tro_tree_2_bush_huge"}
{"ctxid":0,"pos":[-160.044998,-748.781006,166.888885],"rotationMatrix":[-0.281280398,-0.959519506,0,0.959519506,-0.281280398,0,0,0,1],"scale":1.08749998,"type":"tro_tree_2_bush_huge"}
{"ctxid":0,"pos":[-159.343002,-740.812988,170.727997],"rotationMatrix":[-0.548447967,0.836080968,0,-0.836080968,-0.548447967,0,0,0,1],"scale":0.990800023,"type":"tro_tree_2_bush_huge"}
{"ctxid":0,"pos":[-158.110001,-731.112,168.186005],"rotationMatrix":[0.98853904,0.150960937,0,-0.150960937,0.98853904,0,0,0,1],"scale":1.04550004,"type":"tro_tree_2_bush_huge"}
{"ctxid":0,"pos":[-159.729004,-736.390015,167.180374],"rotationMatrix":[0.993132055,-0.117000766,0,0.117000766,0.993132055,0,0,0,1],"scale":0.976800025,"type":"tro_tree_2_bush_huge"}
{"ctxid":0,"pos":[-162.802002,-731.554016,167.180374],"rotationMatrix":[0.264800608,-0.964259505,0,0.964259505,0.264800608,0,0,0,1],"scale":0.916000009,"type":"tro_tree_2_bush_huge"}
{"ctxid":0,"pos":[-163.666,-728.966003,161.664856],"rotationMatrix":[-0.784160614,0.620725393,0,-0.620725393,-0.784160614,0,0,0,1],"scale":1.09430003,"type":"tro_tree_2_bush_huge"}
{"ctxid":0,"pos":[-162.669006,-707.518982,157.400528],"rotationMatrix":[-0.975276828,-0.221617401,0,0.221617401,-0.975276828,0,0,0,1],"scale":0.975799978,"type":"tro_tree_2_bush_huge"}
{"ctxid":0,"pos":[-159.391998,-710.416992,161.113983],"rotationMatrix":[-0.261825085,-0.965074539,0,0.965074539,-0.261825085,0,0,0,1],"scale":1.05499995,"type":"tro_tree_2_bush_huge"}
{"ctxid":0,"pos":[-156.964005,-713.10199,164.542831],"rotationMatrix":[0.257506967,-0.966349781,0,0.966349781,0.257506967,0,0,0,1],"scale":0.968100011,"type":"tro_tree_2_bush_huge"}
{"ctxid":0,"pos":[-151.701996,-716.815979,170.068695],"rotationMatrix":[0.965310216,-0.261108398,0,0.261108398,0.965310216,0,0,0,1],"scale":0.925100029,"type":"tro_tree_2_bush_huge"}
{"ctxid":0,"pos":[-147.666,-718.437012,172.621399],"rotationMatrix":[0.782068014,0.623162746,0,-0.623162746,0.782068014,0,0,0,1],"scale":0.901899993,"type":"tro_tree_2_bush_huge"}
{"ctxid":0,"pos":[-157.473007,-725.215027,168.522934],"rotationMatrix":[0.701390028,-0.712753475,0,0.712753475,0.701390028,0,0,0,1],"scale":0.843800008,"type":"tro_tree_2_bush_huge"}
{"ctxid":0,"pos":[-157.014999,-726.354004,169.283997],"rotationMatrix":[0.248216808,0.968698025,0,-0.968698025,0.248216808,0,0,0,1],"scale":1.16110003,"type":"tro_tree_2_bush_huge"}
{"ctxid":0,"pos":[-163.945999,-721.067993,160.190277],"rotationMatrix":[0.965204775,-0.261504918,0,0.261504918,0.965204775,0,0,0,1],"scale":0.880200028,"type":"tro_tree_2_bush_huge"}
{"ctxid":0,"pos":[-163.393997,-720.039001,160.849548],"rotationMatrix":[-0.328449965,-0.944422007,0,0.944422007,-0.328449965,0,0,0,1],"scale":0.96390003,"type":"tro_tree_2_bush_huge"}
{"ctxid":0,"pos":[-169.981003,-719.080017,154.674515],"rotationMatrix":[-0.344144106,0.938998997,0,-0.938998997,-0.344144106,0,0,0,1],"scale":1.03340006,"type":"tro_tree_2_bush_huge"}
{"ctxid":0,"pos":[-160.582001,-715.453003,162.196518],"rotationMatrix":[-0.586692929,-0.810002565,0,0.810002565,-0.586692929,0,0,0,1],"scale":1.13999999,"type":"tro_tree_2_bush_huge"}
{"ctxid":0,"pos":[-143.220993,-706.067017,162.990997],"rotationMatrix":[0.998015523,-0.0629685,0,0.0629685,0.998015523,0,0,0,1],"scale":0.853100002,"type":"tro_tree_2_bush_huge"}
{"ctxid":0,"pos":[-143.175995,-705.031006,162.255997],"rotationMatrix":[-0.261507273,0.965270698,0,-0.965270698,-0.261507273,0,0,0,1],"scale":0.926500022,"type":"tro_tree_2_bush_huge"}
{"ctxid":0,"pos":[-143.539993,-691.310974,153.813202],"rotationMatrix":[0.624155521,0.781340361,0,-0.781340361,0.624155521,0,0,0,1],"scale":0.824000001,"type":"tro_tree_2_bush_huge"}
{"ctxid":0,"pos":[-144.477997,-692.150024,154.041351],"rotationMatrix":[-0.223986506,0.974589348,0,-0.974589348,-0.223986506,0,0,0,1],"scale":1.04200006,"type":"tro_tree_2_bush_huge"}
{"ctxid":0,"pos":[-129.399994,-698.981018,159.227997],"rotationMatrix":[0.535159171,-0.844735622,0,0.844735622,0.535159171,0,0,0,1],"scale":0.855199993,"type":"tro_tree_2_bush_huge"}
{"ctxid":0,"pos":[-130.348007,-697.903015,157.860992],"rotationMatrix":[0.869949996,0.493118972,0,-0.493118972,0.869949996,0,0,0,1],"scale":0.938300014,"type":"tro_tree_2_bush_huge"}
{"ctxid":0,"pos":[-136.962006,-703.796997,162.136993],"rotationMatrix":[-0.874435306,-0.484824508,0,0.484824508,-0.874435306,0,0,0,1],"scale":0.98150003,"type":"tro_tree_2_bush_huge"}
{"ctxid":0,"pos":[-148.132996,-700.517029,158.774994],"rotationMatrix":[0.780613124,0.62504065,0,-0.62504065,0.780613124,0,0,0,1],"scale":0.814599991,"type":"tro_tree_2_bush_huge"}
{"ctxid":0,"pos":[-147.190002,-700.041992,158.389008],"rotationMatrix":[-0.222735167,0.974872887,0,-0.974872887,-0.222735167,0,0,0,1],"scale":1.05869997,"type":"tro_tree_2_bush_huge"}
{"ctxid":0,"pos":[-140.617996,-698.127014,157.164139],"rotationMatrix":[-0.988416791,-0.151958048,0,0.151958048,-0.988416791,0,0,0,1],"scale":1.05089998,"type":"tro_tree_2_bush_huge"}
{"ctxid":0,"pos":[-136.057007,-699.86499,159.067993],"rotationMatrix":[-0.743591428,-0.668902695,0,0.668902695,-0.743591428,0,0,0,1],"scale":1.079,"type":"tro_tree_2_bush_huge"}
{"ctxid":0,"pos":[-135.376999,-690.817993,154.233002],"rotationMatrix":[0.265285552,0.964183927,0,-0.964183927,0.265285552,0,0,0,1],"scale":0.83950001,"type":"tro_tree_2_bush_huge"}
{"ctxid":0,"pos":[-133.373001,-710.309998,168.229996],"rotationMatrix":[-0.409520507,0.912200689,0,-0.912200689,-0.409520507,0,0,0,1],"scale":0.932399988,"type":"tro_tree_2_bush_huge"}
{"ctxid":0,"pos":[-135.302002,-715.13501,172.987],"rotationMatrix":[0.858594418,-0.512655139,0,0.512655139,0.858594418,0,0,0,1],"scale":0.960200012,"type":"tro_tree_2_bush_huge"}
{"ctxid":0,"pos":[-138.016006,-718.642029,175.641998],"rotationMatrix":[0.357248724,-0.934024513,0,0.934024513,0.357248724,0,0,0,1],"scale":0.988300025,"type":"tro_tree_2_bush_huge"}
{"ctxid":0,"pos":[-144.570007,-717.452026,172.659912],"rotationMatrix":[-0.710510015,-0.703772783,0,0.703772783,-0.710510015,0,0,0,1],"scale":1.00300002,"type":"tro_tree_2_bush_huge"}
{"ctxid":0,"pos":[-142.723007,-720.911011,176.100357],"rotationMatrix":[-0.050090313,-0.998788655,0,0.998788655,-0.050090313,0,0,0,1],"scale":0.949599981,"type":"tro_tree_2_bush_huge"}
{"ctxid":0,"pos":[-151.014999,-722.458008,173.762131],"rotationMatrix":[-0.698693037,-0.715345919,0,0.715345919,-0.698693037,0,0,0,1],"scale":1.03750002,"type":"tro_tree_2_bush_huge"}
{"ctxid":0,"pos":[-156.296005,-702.304993,157.72525],"rotationMatrix":[-0.160983205,0.986965299,0,-0.986965299,-0.160983205,0,0,0,1],"scale":0.819899976,"type":"tro_tree_2_bush_huge"}
{"ctxid":0,"pos":[-149.714005,-706.072021,163.17067],"rotationMatrix":[-0.948732853,0.315871984,0,-0.315871984,-0.948732853,0,0,0,1],"scale":0.921700001,"type":"tro_tree_2_bush_huge"}
{"ctxid":0,"pos":[-171.406006,-725.986023,154.946579],"rotationMatrix":[0.987423003,0.158108339,0,-0.158108339,0.987423003,0,0,0,1],"scale":0.89230001,"type":"tro_tree_2_bush_huge"}
{"ctxid":0,"pos":[-168.050995,-725.119019,155.895828],"rotationMatrix":[0.937129438,0.348997325,0,-0.348997325,0.937129438,0,0,0,1],"scale":1.0467,"type":"tro_tree_2_bush_huge"}
{"ctxid":0,"pos":[-163.608002,-727.857971,162.522003],"rotationMatrix":[0.949437976,-0.313961387,0,0.313961387,0.949437976,0,0,0,1],"scale":0.837100029,"type":"tro_tree_2_bush_huge"}
{"ctxid":0,"pos":[-160.287994,-724.922974,165.379486],"rotationMatrix":[-0.867858052,-0.496536344,0,0.496536344,-0.867858052,0,0,0,1],"scale":0.989400029,"type":"tro_tree_2_bush_huge"}
{"ctxid":0,"pos":[-168.757996,-738.176025,155.472137],"rotationMatrix":[0.954277098,-0.29892239,0,0.29892239,0.954277098,0,0,0,1],"scale":1.03209996,"type":"tro_tree_2_bush_huge"}
{"ctxid":0,"pos":[-184.73233,-699.489197,152.344864],"rotationMatrix":[-0.269780517,-0.963012516,0,0.963012516,-0.269780517,0,0,0,1],"scale":0.808499992,"type":"tro_tree_2_bush_huge"}
{"ctxid":0,"pos":[-219.132996,-686.97998,146.540375],"rotationMatrix":[-0.995602369,0.0920985863,0,-0.0920985863,-0.995602369,0,0,0,1],"scale":1.11329997,"type":"tro_tree_2_bush_huge"}
{"ctxid":0,"pos":[-219.903,-675.41803,148.318237],"rotationMatrix":[0.648375034,-0.761364877,0,0.761364877,0.648375034,0,0,0,1],"scale":0.805700004,"type":"tro_tree_2_bush_huge"}
{"ctxid":0,"pos":[-220.401001,-670.185974,148.280487],"rotationMatrix":[0.89775759,0.440488011,0,-0.440488011,0.89775759,0,0,0,1],"scale":1.05519998,"type":"tro_tree_2_bush_huge"}
{"ctxid":0,"pos":[-223.541,-663.273987,146.70163],"rotationMatrix":[0.600203156,0.799861968,0,-0.799861968,0.600203156,0,0,0,1],"scale":1.18780005,"type":"tro_tree_2_bush_huge"}
{"ctxid":0,"pos":[-225.671997,-653.663025,148.009064],"rotationMatrix":[0.753738403,0.657165527,0,-0.657165527,0.753738403,0,0,0,1],"scale":1.00189996,"type":"tro_tree_2_bush_huge"}
{"ctxid":0,"pos":[-226.651993,-648.364014,148.718323],"rotationMatrix":[-0.503724813,0.863978446,0,-0.863978446,-0.503724813,0,0,0,1],"scale":0.854900002,"type":"tro_tree_2_bush_huge"}
{"ctxid":0,"pos":[-227.813004,-642.114014,149.383575],"rotationMatrix":[0.303327918,0.95281893,0,-0.95281893,0.303327918,0,0,0,1],"scale":0.97390002,"type":"tro_tree_2_bush_huge"}
{"ctxid":0,"pos":[-229.207993,-636.502014,148.793304],"rotationMatrix":[0.18182373,0.983321011,0,-0.983321011,0.18182373,0,0,0,1],"scale":0.88349998,"type":"tro_tree_2_bush_huge"}
{"ctxid":0,"pos":[-225.084,-645.757019,149.45871],"rotationMatrix":[-0.982836962,-0.183407947,0,0.183407947,-0.982836962,0,0,0,1],"scale":1.14590001,"type":"tro_tree_2_bush_huge"}
{"ctxid":0,"pos":[-224.201996,-651.218018,148.635162],"rotationMatrix":[0.839255512,0.543752968,0,-0.543752968,0.839255512,0,0,0,1],"scale":0.958100021,"type":"tro_tree_2_bush_huge"}
{"ctxid":0,"pos":[-222.953003,-657.682007,147.35025],"rotationMatrix":[0.357248724,-0.934024513,0,0.934024513,0.357248724,0,0,0,1],"scale":1.10450006,"type":"tro_tree_2_bush_huge"}
{"ctxid":0,"pos":[-219.261993,-668.190979,148.307159],"rotationMatrix":[-0.50927949,0.860707998,0,-0.860707998,-0.50927949,0,0,0,1],"scale":0.963699996,"type":"tro_tree_2_bush_huge"}
{"ctxid":0,"pos":[-217.225006,-673.697021,148.019669],"rotationMatrix":[0.713626862,0.700494051,0,-0.700494051,0.713626862,0,0,0,1],"scale":0.815299988,"type":"tro_tree_2_bush_huge"}
{"ctxid":0,"pos":[-216.531998,-683.468994,144.953629],"rotationMatrix":[0.827363133,0.561686814,0,-0.561686814,0.827363133,0,0,0,1],"scale":1.11090004,"type":"tro_tree_2_bush_huge"}
{"ctxid":0,"pos":[-218.110001,-679.697021,147.106567],"rotationMatrix":[-0.451126575,0.892516017,0,-0.892516017,-0.451126575,0,0,0,1],"scale":0.819700003,"type":"tro_tree_2_bush_huge"}
{"ctxid":0,"pos":[-216.473999,-679.65802,146.355255],"rotationMatrix":[-0.992806435,-0.12038292,0,0.12038292,-0.992806435,0,0,0,1],"scale":0.940199971,"type":"tro_tree_2_bush_huge"}
{"ctxid":0,"pos":[-213.539993,-676.656006,146.270706],"rotationMatrix":[0.388160825,0.921575248,0,-0.921575248,0.388160825,0,0,0,1],"scale":0.859200001,"type":"tro_tree_2_bush_huge"}
{"ctxid":0,"pos":[-215.623993,-670.754028,148.885208],"rotationMatrix":[0.918876052,-0.394542605,0,0.394542605,0.918876052,0,0,0,1],"scale":0.959500015,"type":"tro_tree_2_bush_huge"}
{"ctxid":0,"pos":[-217.391006,-663.291992,149.140549],"rotationMatrix":[0.271092653,0.962539256,0,-0.962539256,0.271092653,0,0,0,1],"scale":0.873099983,"type":"tro_tree_2_bush_huge"}
{"ctxid":0,"pos":[-220.860001,-658.629028,148.134186],"rotationMatrix":[0.649045587,-0.760722399,0,0.760722399,0.649045587,0,0,0,1],"scale":1.04709995,"type":"tro_tree_2_bush_huge"}
{"ctxid":0,"pos":[-248.856995,-636.424988,160.285995],"rotationMatrix":[-0.877921939,0.4784922,0,-0.4784922,-0.877921939,0,0,0,1],"scale":1.0984,"type":"tro_tree_2_bush_huge"}
{"ctxid":0,"pos":[-249.026993,-644.281006,160.856003],"rotationMatrix":[0.249197483,-0.968433619,0,0.968433619,0.249197483,0,0,0,1],"scale":0.825399995,"type":"tro_tree_2_bush_huge"}
{"ctxid":0,"pos":[-249.074005,-679.630005,166.190994],"rotationMatrix":[0.989861131,-0.142043993,0,0.142043993,0.989861131,0,0,0,1],"scale":1.06500006,"type":"tro_tree_2_bush_huge"}
{"ctxid":0,"pos":[-246.901001,-681.622986,161.610001],"rotationMatrix":[0.0253128409,-0.999679208,0,0.999679208,0.0253128409,0,0,0,1],"scale":1.17069995,"type":"tro_tree_2_bush_huge"}
{"ctxid":0,"pos":[-249.266998,-673.525024,166.035004],"rotationMatrix":[0.224987507,-0.974336982,0,0.974336982,0.224987507,0,0,0,1],"scale":1.00880003,"type":"tro_tree_2_bush_huge"}
{"ctxid":0,"pos":[-247.209,-667.552979,164.848007],"rotationMatrix":[0.668864787,0.743406296,0,-0.743406296,0.668864787,0,0,0,1],"scale":1.10160005,"type":"tro_tree_2_bush_huge"}
{"ctxid":0,"pos":[-249.710007,-655.322998,164.438004],"rotationMatrix":[0.969347119,-0.245693475,0,0.245693475,0.969347119,0,0,0,1],"scale":1.07360005,"type":"tro_tree_2_bush_huge"}
{"ctxid":0,"pos":[-234.199997,-739.632996,150.514999],"rotationMatrix":[0.535737514,0.844402611,0,-0.844402611,0.535737514,0,0,0,1],"scale":0.906400025,"type":"tro_tree_2_bush_huge"}
{"ctxid":0,"pos":[-233.770996,-733.703003,151.059006],"rotationMatrix":[0.969099045,-0.246660933,0,0.246660933,0.969099045,0,0,0,1],"scale":0.894900024,"type":"tro_tree_2_bush_huge"}
{"ctxid":0,"pos":[-233.718002,-727.419983,150.996002],"rotationMatrix":[0.991807997,0.127731204,0,-0.127731204,0.991807997,0,0,0,1],"scale":0.992500007,"type":"tro_tree_2_bush_huge"}
{"ctxid":0,"pos":[-237.576004,-726.664978,155.860992],"rotationMatrix":[-0.92080009,-0.39043203,0,0.39043203,-0.92080009,0,0,0,1],"scale":1.13119996,"type":"tro_tree_2_bush_huge"}
{"ctxid":0,"pos":[-237.789993,-733.900024,155.395004],"rotationMatrix":[0.706468761,0.707738936,0,-0.707738936,0.706468761,0,0,0,1],"scale":0.869700015,"type":"tro_tree_2_bush_huge"}
{"ctxid":0,"pos":[-236.709,-739.797974,153.417007],"rotationMatrix":[0.945219517,0.326432198,0,-0.326432198,0.945219517,0,0,0,1],"scale":0.989600003,"type":"tro_tree_2_bush_huge"}
{"ctxid":0,"pos":[-239.845001,-742.033997,156.371002],"rotationMatrix":[0.798514485,0.601980865,0,-0.601980865,0.798514485,0,0,0,1],"scale":1.15639997,"type":"tro_tree_2_bush_huge"}
{"ctxid":0,"pos":[-241.248001,-732.258972,158.830002],"rotationMatrix":[-0.994803429,-0.100069739,0,0.100069739,-0.994803429,0,0,0,1],"scale":0.941500008,"type":"tro_tree_2_bush_huge"}
{"ctxid":0,"pos":[-233.832001,-716.879028,151.313995],"rotationMatrix":[-0.82099545,0.570993304,0,-0.570993304,-0.82099545,0,0,0,1],"scale":0.909600019,"type":"tro_tree_2_bush_huge"}
{"ctxid":0,"pos":[-232.878998,-710.629028,150.078003],"rotationMatrix":[-0.938086629,0.346311897,0,-0.346311897,-0.938086629,0,0,0,1],"scale":1.04869998,"type":"tro_tree_2_bush_huge"}
{"ctxid":0,"pos":[-216.613007,-746.799011,145.115997],"rotationMatrix":[0.687001288,0.726638079,0,-0.726638079,0.687001288,0,0,0,1],"scale":0.930400014,"type":"tro_tree_2_bush_huge"}
{"ctxid":0,"pos":[-216.347,-740.664001,145.474594],"rotationMatrix":[-0.443980098,0.896093607,0,-0.896093607,-0.443980098,0,0,0,1],"scale":0.808099985,"type":"tro_tree_2_bush_huge"}
{"ctxid":0,"pos":[-214.082001,-745.91803,142.785995],"rotationMatrix":[0.887282491,0.461220711,0,-0.461220711,0.887282491,0,0,0,1],"scale":0.9551,"type":"tro_tree_2_bush_huge"}
{"ctxid":0,"pos":[-217.084,-735.799988,146.270889],"rotationMatrix":[-0.871725559,0.490278333,0,-0.490278333,-0.871725559,0,0,0,1],"scale":1.13039994,"type":"tro_tree_2_bush_huge"}
{"ctxid":0,"pos":[-216.567001,-719.606995,144.991241],"rotationMatrix":[0.935415804,-0.353541762,0,0.353541762,0.935415804,0,0,0,1],"scale":1.16939998,"type":"tro_tree_2_bush_huge"}
{"ctxid":0,"pos":[-217.436005,-711.721985,144.669403],"rotationMatrix":[-0.172899246,0.984972,0,-0.984972,-0.172899246,0,0,0,1],"scale":1.14470005,"type":"tro_tree_2_bush_huge"}
{"ctxid":0,"pos":[-213.014008,-715.916992,139.982849],"rotationMatrix":[0.848419845,-0.529346824,0,0.529346824,0.848419845,0,0,0,1],"scale":0.936399996,"type":"tro_tree_2_bush_huge"}
{"ctxid":0,"pos":[-212.539993,-721.638,140.500885],"rotationMatrix":[-0.726453543,0.68716234,0,-0.68716234,-0.726453543,0,0,0,1],"scale":1.07050002,"type":"tro_tree_2_bush_huge"}
{"ctxid":0,"pos":[-208.722,-722.892029,136.573029],"rotationMatrix":[0.596977592,-0.802274108,0,0.802274108,0.596977592,0,0,0,1],"scale":0.940599978,"type":"tro_tree_2_bush_huge"}
{"ctxid":0,"pos":[-187.998993,-713.080994,154.684006],"rotationMatrix":[0.156559289,-0.987607539,0,0.987607539,0.156559289,0,0,0,1],"scale":1.01730001,"type":"tro_tree_2_bush_huge"}
{"ctxid":0,"pos":[-184.690521,-706.371216,153.176239],"rotationMatrix":[-0.603306949,-0.757457972,-0.249662206,0.728028059,-0.650868773,0.215404317,-0.32565707,-0.0518061817,0.944070816],"scale":1.06589997,"type":"tro_tree_2_bush_huge"}
{"ctxid":0,"pos":[-247.531006,-705.221008,163.070999],"rotationMatrix":[-0.19784236,0.980221689,0,-0.980221689,-0.19784236,0,0,0,1],"scale":0.851499975,"type":"tro_tree_2_bush_huge"}
{"ctxid":0,"pos":[-249.748001,-700.132019,162.817001],"rotationMatrix":[-0.318038464,-0.948019981,0,0.948019981,-0.318038464,0,0,0,1],"scale":0.883700013,"type":"tro_tree_2_bush_huge"}
{"ctxid":0,"pos":[-249.966003,-697.271973,161.964996],"rotationMatrix":[0.895392597,0.445278913,0,-0.445278913,0.895392597,0,0,0,1],"scale":0.818599999,"type":"tro_tree_2_bush_huge"}
{"ctxid":0,"pos":[-246.164001,-687.75,158.324997],"rotationMatrix":[-0.998000383,0.0633682981,0,-0.0633682981,-0.998000383,0,0,0,1],"scale":1.16859996,"type":"tro_tree_2_bush_huge"}
{"ctxid":0,"pos":[-244.953003,-697.677002,159.354996],"rotationMatrix":[-0.694640398,-0.719462812,0,0.719462812,-0.694640398,0,0,0,1],"scale":0.827499986,"type":"tro_tree_2_bush_huge"}
{"ctxid":0,"pos":[-242.438995,-691.632996,156.018005],"rotationMatrix":[0.689527988,0.724250793,0,-0.724250793,0.689527988,0,0,0,1],"scale":0.922200024,"type":"tro_tree_2_bush_huge"}
{"ctxid":0,"pos":[-45.6376991,-756.734009,133.151001],"rotationMatrix":[0.930733562,0.365686506,0,-0.365686506,0.930733562,0,0,0,1],"scale":1.15579998,"type":"tro_tree_2_bush_huge"}
{"ctxid":0,"pos":[-52.6962013,-760.098022,132.065994],"rotationMatrix":[-0.727568865,-0.686268985,0,0.686268985,-0.727568865,0,0,0,1],"scale":1.05480003,"type":"tro_tree_2_bush_huge"}
{"ctxid":0,"pos":[-60.8620987,-767.143982,132.171005],"rotationMatrix":[0.0903693438,0.995953858,0,-0.995953858,0.0903693438,0,0,0,1],"scale":0.935199976,"type":"tro_tree_2_bush_huge"}
{"ctxid":0,"pos":[-57.1842003,-772.127991,133.792999],"rotationMatrix":[0.298361421,0.954432249,0,-0.954432249,0.298361421,0,0,0,1],"scale":1.18499994,"type":"tro_tree_2_bush_huge"}
{"ctxid":0,"pos":[-49.3788986,-765.197021,134.886002],"rotationMatrix":[-0.563265681,-0.826279879,0,0.826279879,-0.563265681,0,0,0,1],"scale":0.939800024,"type":"tro_tree_2_bush_huge"}
