{"ctxid":0,"pos":[-552.02002,-510.987518,138.530304],"rotationMatrix":[0.42578578,-0.904824018,0,0.904824018,0.42578578,0,0,0,1],"scale":0.718766212,"type":"tro_tree_2_filler_04"}
{"ctxid":0,"pos":[-512.640015,-587.045349,151.199646],"rotationMatrix":[0.993559897,0.11330805,0,-0.11330805,0.993559897,0,0,0,1],"scale":0.799006104,"type":"tro_tree_2_filler_04"}
{"ctxid":0,"pos":[-425.481567,-598.306641,151.207581],"rotationMatrix":[0.960272789,-0.279062927,0,0.279062927,0.960272789,0,0,0,1],"scale":0.895769477,"type":"tro_tree_2_filler_04"}
{"ctxid":0,"pos":[-508.345154,-564.165283,147.096008],"rotationMatrix":[0.50329864,0.864112496,0,-0.864112496,0.50329864,0,0,0,1],"scale":0.800884485,"type":"tro_tree_2_filler_04"}
{"ctxid":0,"pos":[-490.576294,-565.050598,146.447968],"rotationMatrix":[0.0286320765,0.999590039,0,-0.999590039,0.0286320765,0,0,0,1],"scale":0.870838165,"type":"tro_tree_2_filler_04"}
{"ctxid":0,"pos":[-371.720703,-541.936768,137.484131],"rotationMatrix":[-0.0229572039,0.999736428,0,-0.999736428,-0.0229572039,0,0,0,1],"scale":0.78019166,"type":"tro_tree_2_filler_04"}
{"ctxid":0,"pos":[-390.729309,-658.241821,155.453857],"rotationMatrix":[-0.90026319,-0.435346097,0,0.435346097,-0.90026319,0,0,0,1],"scale":0.829141319,"type":"tro_tree_2_filler_04"}
{"ctxid":0,"pos":[-444.117035,-645.965332,160.645248],"rotationMatrix":[-0.700950861,0.713209569,0,-0.713209569,-0.700950861,0,0,0,1],"scale":0.841772318,"type":"tro_tree_2_filler_04"}
{"ctxid":0,"pos":[-433.61908,-667.064819,161.37616],"rotationMatrix":[-0.967960477,-0.251102567,0,0.251102567,-0.967960477,0,0,0,1],"scale":0.841555059,"type":"tro_tree_2_filler_04"}
{"ctxid":0,"pos":[63.9804802,-552.882202,149.49646],"rotationMatrix":[0.5052163,0.862992764,0,-0.862992764,0.5052163,0,0,0,1],"scale":0.806379437,"type":"tro_tree_2_filler_04"}
{"ctxid":0,"pos":[31.1981068,-588.621582,145.636719],"rotationMatrix":[0.74788332,-0.663830221,0,0.663830221,0.74788332,0,0,0,1],"scale":0.819288611,"type":"tro_tree_2_filler_04"}
{"ctxid":0,"pos":[31.2676353,-550.373962,142.62265],"rotationMatrix":[-0.318934411,0.947776794,0,-0.947776794,-0.318934411,0,0,0,1],"scale":0.735270321,"type":"tro_tree_2_filler_04"}
{"ctxid":0,"pos":[-1.27142489,-554.649658,139.806198],"rotationMatrix":[-0.0240941457,0.999709666,0,-0.999709666,-0.0240941457,0,0,0,1],"scale":0.815525651,"type":"tro_tree_2_filler_04"}
{"ctxid":0,"pos":[-29.5143051,-615.127991,143.854782],"rotationMatrix":[0.96160841,0.274425358,0,-0.274425358,0.96160841,0,0,0,1],"scale":0.830012739,"type":"tro_tree_2_filler_04"}
{"ctxid":0,"pos":[-13.0998468,-620.833984,144.542114],"rotationMatrix":[0.840531468,-0.54176271,0,0.54176271,0.840531468,0,0,0,1],"scale":0.741939306,"type":"tro_tree_2_filler_04"}
{"ctxid":0,"pos":[-194.00354,-472.307648,142.593689],"rotationMatrix":[-0.886859536,0.462039143,0,-0.462039143,-0.886859536,0,0,0,1],"scale":0.833398879,"type":"tro_tree_2_filler_04"}
{"ctxid":0,"pos":[-168.85881,-465.869507,141.813568],"rotationMatrix":[0.426842541,-0.904325962,0,0.904325962,0.426842541,0,0,0,1],"scale":0.834248126,"type":"tro_tree_2_filler_04"}
{"ctxid":0,"pos":[-173.714417,-472.826691,143.101898],"rotationMatrix":[0.0540311113,-0.998539269,0,0.998539269,0.0540311113,0,0,0,1],"scale":0.822227776,"type":"tro_tree_2_filler_04"}
{"ctxid":0,"pos":[-182.606064,-672.62146,142.075577],"rotationMatrix":[-0.358096659,0.933684528,0,-0.933684528,-0.358096659,0,0,0,1],"scale":0.719368577,"type":"tro_tree_2_filler_04"}
{"ctxid":0,"pos":[-178.43309,-651.889648,145.987915],"rotationMatrix":[-0.9992401,0.0389778465,0,-0.0389778465,-0.9992401,0,0,0,1],"scale":0.784775615,"type":"tro_tree_2_filler_04"}
{"ctxid":0,"pos":[-166.593521,-632.4245,150.229874],"rotationMatrix":[-0.367137134,0.930166841,0,-0.930166841,-0.367137134,0,0,0,1],"scale":0.879377127,"type":"tro_tree_2_filler_04"}
{"ctxid":0,"pos":[-136.560349,-616.011047,147.359695],"rotationMatrix":[-0.987493038,0.157662779,0,-0.157662779,-0.987493038,0,0,0,1],"scale":0.897618711,"type":"tro_tree_2_filler_04"}
{"ctxid":0,"pos":[-132.036789,-579.331299,140.570618],"rotationMatrix":[-0.689472139,0.724312186,0,-0.724312186,-0.689472139,0,0,0,1],"scale":0.823099971,"type":"tro_tree_2_filler_04"}
{"ctxid":0,"pos":[-156.029785,-597.743103,150.41835],"rotationMatrix":[0.354016006,0.935239375,0,-0.935239375,0.354016006,0,0,0,1],"scale":0.767992735,"type":"tro_tree_2_filler_04"}
{"ctxid":0,"pos":[-140.229507,-567.576904,140.278366],"rotationMatrix":[-0.171281829,0.985222101,0,-0.985222101,-0.171281829,0,0,0,1],"scale":0.732079506,"type":"tro_tree_2_filler_04"}
{"ctxid":0,"pos":[-168.626572,-598.618042,152.275131],"rotationMatrix":[0.99406296,0.108806603,0,-0.108806603,0.99406296,0,0,0,1],"scale":0.733613133,"type":"tro_tree_2_filler_04"}
{"ctxid":0,"pos":[-175.111038,-609.341797,151.526855],"rotationMatrix":[0.896246791,0.443555713,0,-0.443555713,0.896246791,0,0,0,1],"scale":0.888267457,"type":"tro_tree_2_filler_04"}
{"ctxid":0,"pos":[-179.636429,-558.007751,149.003189],"rotationMatrix":[-0.198545754,0.980091631,0,-0.980091631,-0.198545754,0,0,0,1],"scale":0.855863988,"type":"tro_tree_2_filler_04"}
{"ctxid":0,"pos":[-206.10434,-597.89093,155.012238],"rotationMatrix":[-0.0798266754,0.996808767,0,-0.996808767,-0.0798266754,0,0,0,1],"scale":0.721087933,"type":"tro_tree_2_filler_04"}
{"ctxid":0,"pos":[-208.090561,-608.256226,154.743866],"rotationMatrix":[-0.510222733,0.860042274,0,-0.860042274,-0.510222733,0,0,0,1],"scale":0.707072377,"type":"tro_tree_2_filler_04"}
{"ctxid":0,"pos":[-211.419296,-555.476196,149.576782],"rotationMatrix":[0.858774722,-0.51235342,0,0.51235342,0.858774722,0,0,0,1],"scale":0.770901084,"type":"tro_tree_2_filler_04"}
{"ctxid":0,"pos":[-206.316162,-544.670898,143.371277],"rotationMatrix":[-0.62134105,0.783540249,0,-0.783540249,-0.62134105,0,0,0,1],"scale":0.858501613,"type":"tro_tree_2_filler_04"}
{"ctxid":0,"pos":[-229.938065,-570.882263,154.197113],"rotationMatrix":[0.994029522,0.109111384,0,-0.109111384,0.994029522,0,0,0,1],"scale":0.763440132,"type":"tro_tree_2_filler_04"}
{"ctxid":0,"pos":[-239.505981,-563.171448,151.264496],"rotationMatrix":[-0.963390589,0.268101871,0,-0.268101871,-0.963390589,0,0,0,1],"scale":0.790650129,"type":"tro_tree_2_filler_04"}
{"ctxid":0,"pos":[-240.545486,-585.756958,154.155182],"rotationMatrix":[-0.691575468,-0.722304165,0,0.722304165,-0.691575468,0,0,0,1],"scale":0.883944213,"type":"tro_tree_2_filler_04"}
{"ctxid":0,"pos":[-255.03569,-555.120911,147.85202],"rotationMatrix":[0.973807991,0.227371901,0,-0.227371901,0.973807991,0,0,0,1],"scale":0.754670203,"type":"tro_tree_2_filler_04"}
{"ctxid":0,"pos":[-258.798004,-540.740845,140.999496],"rotationMatrix":[-0.961224437,-0.275767297,0,0.275767297,-0.961224437,0,0,0,1],"scale":0.876960337,"type":"tro_tree_2_filler_04"}
{"ctxid":0,"pos":[11.5271139,-581.379761,140.006653],"rotationMatrix":[0.594419956,-0.804154813,0,0.804154813,0.594419956,0,0,0,1],"scale":0.764740288,"type":"tro_tree_2_filler_04"}
{"ctxid":0,"pos":[197.115982,-538.414795,126.269882],"rotationMatrix":[-0.0050554499,-0.999987245,0,0.999987245,-0.0050554499,0,0,0,1],"scale":0.899030387,"type":"tro_tree_2_filler_04"}
{"ctxid":0,"pos":[183.30394,-549.228333,126.424843],"rotationMatrix":[-0.730388999,0.68303144,0,-0.68303144,-0.730388999,0,0,0,1],"scale":0.807600021,"type":"tro_tree_2_filler_04"}
{"ctxid":0,"pos":[606.966614,-709.830566,141.34903],"rotationMatrix":[0.0888470411,0.995154679,-0.0421041809,-0.993120253,0.0917440057,0.0727644265,0.0762746781,0.0353496447,0.996460021],"scale":0.72145015,"type":"tro_tree_2_filler_04"}
{"ctxid":0,"pos":[612.68634,-699.518188,141.802582],"rotationMatrix":[0.725079477,0.68866533,0,-0.68866533,0.725079477,0,0,0,1],"scale":0.845157266,"type":"tro_tree_2_filler_04"}
{"ctxid":0,"pos":[606.414246,-719.723572,142.459854],"rotationMatrix":[0.699555039,0.714578748,0,-0.714578748,0.699555039,0,0,0,1],"scale":0.737452149,"type":"tro_tree_2_filler_04"}
{"ctxid":0,"pos":[625.44104,-741.304138,133.431717],"rotationMatrix":[0.827251792,0.468689471,0.309814036,-0.507041156,0.860329747,0.0523642302,-0.241999671,-0.200406864,0.949354112],"scale":0.864086032,"type":"tro_tree_2_filler_04"}
{"ctxid":0,"pos":[631.891541,-744.016724,134.236938],"rotationMatrix":[-0.269430578,0.835488975,0.478920877,-0.963019788,-0.233750433,-0.133990943,0,-0.497311532,0.86757195],"scale":0.839164793,"type":"tro_tree_2_filler_04"}
{"ctxid":0,"pos":[643.880493,-745.837341,133.056519],"rotationMatrix":[-0.75097096,-0.643197358,-0.149463743,0.659345865,-0.718001485,-0.223016873,0.0361286774,-0.26602754,0.963288128],"scale":0.845992804,"type":"tro_tree_2_filler_04"}
{"ctxid":0,"pos":[850.957886,-772.453552,141.538818],"rotationMatrix":[0.0843790546,0.930078208,0.357539505,-0.996433675,0.0787600055,0.0302768219,0,-0.358819157,0.933407068],"scale":0.848459363,"type":"tro_tree_2_filler_04"}
{"ctxid":0,"pos":[835.967529,-771.660706,139.291138],"rotationMatrix":[0.990301609,-0.116845712,-0.0751647875,0.138934031,0.832859278,0.535763681,0,-0.541010618,0.841015756],"scale":0.829377949,"type":"tro_tree_2_filler_04"}
{"ctxid":0,"pos":[800.322205,-755.467407,136.299347],"rotationMatrix":[0.618169665,0.749184847,0.237883195,-0.786044776,0.5891819,0.187078625,0,-0.302633137,0.953107119],"scale":0.869894683,"type":"tro_tree_2_filler_04"}
{"ctxid":0,"pos":[805.884094,-762.538635,137.955917],"rotationMatrix":[-0.644361794,0.759626806,0.0881202072,-0.76333487,-0.631974757,-0.133895218,-0.0460206307,-0.153542161,0.987069845],"scale":0.709868312,"type":"tro_tree_2_filler_04"}
{"ctxid":0,"pos":[790.06012,-755.605164,134.685791],"rotationMatrix":[-0.791604757,0.382064104,-0.476852953,-0.36969462,-0.920832038,-0.124073476,-0.486505628,0.0780728161,0.870182037],"scale":0.750281036,"type":"tro_tree_2_filler_04"}
{"ctxid":0,"pos":[987.719421,-645.606445,129.125534],"rotationMatrix":[0.644662678,-0.764467061,0,0.764467061,0.644662678,0,0,0,1],"scale":0.479227781,"type":"tro_tree_2_filler_04"}
{"ctxid":0,"pos":[946.855164,-438.603485,139.585922],"rotationMatrix":[-0.349196166,0.937049627,0,-0.937049627,-0.349196166,0,0,0,1],"scale":0.875300944,"type":"tro_tree_2_filler_04"}
{"ctxid":0,"pos":[953.018982,-436.927521,146.472885],"rotationMatrix":[0.683733821,-0.729731321,0,0.729731321,0.683733821,0,0,0,1],"scale":0.737616718,"type":"tro_tree_2_filler_04"}
{"ctxid":0,"pos":[965.537292,-442.520203,133.592789],"rotationMatrix":[0.918303549,0.384380132,0.0947107971,-0.392240882,0.915796638,0.0863911733,-0.0535288304,-0.116482876,0.991749048],"scale":0.815820396,"type":"tro_tree_2_filler_04"}
{"ctxid":0,"pos":[966.389587,-372.427734,132.35289],"rotationMatrix":[0.0117931962,-0.976023614,0.21734412,0.851729453,-0.104066133,-0.513543308,0.523848712,0.191174626,0.830081165],"scale":0.897202492,"type":"tro_tree_2_filler_04"}
{"ctxid":0,"pos":[959.008789,-366.211853,133.578461],"rotationMatrix":[-0.11304532,0.883377552,-0.454823971,-0.986687958,-0.0459470153,0.155998677,0.116907924,0.466404289,0.87681216],"scale":0.892453611,"type":"tro_tree_2_filler_04"}
{"ctxid":0,"pos":[975.895142,-385.712036,135.286957],"rotationMatrix":[-0.583435416,-0.760940909,0.283852041,0.712112665,-0.647354066,-0.271713525,0.390510708,0.0436073616,0.919564962],"scale":0.735225916,"type":"tro_tree_2_filler_04"}
{"ctxid":0,"pos":[732.749573,595.192749,135.362686],"rotationMatrix":[-0.183815539,0.982960701,0,-0.982960701,-0.183815539,0,0,0,1],"scale":0.800589561,"type":"tro_tree_2_filler_04"}
{"ctxid":0,"pos":[724.43689,580.056213,137.721283],"rotationMatrix":[-0.909417152,0.415885299,0,-0.415885299,-0.909417152,0,0,0,1],"scale":0.731981456,"type":"tro_tree_2_filler_04"}
{"ctxid":0,"pos":[729.15387,586.709167,138.219467],"rotationMatrix":[-0.183208048,0.983074069,0,-0.983074069,-0.183208048,0,0,0,1],"scale":0.889126241,"type":"tro_tree_2_filler_04"}
{"ctxid":0,"pos":[-707.205505,805.740967,146.291504],"rotationMatrix":[0.797652781,-0.603116989,0,0.603116989,0.797652781,0,0,0,1],"scale":0.683121562,"type":"tro_tree_2_filler_04"}
{"ctxid":0,"pos":[-728.069702,782.232727,147.525879],"rotationMatrix":[0.626782417,0.779194415,0,-0.779194415,0.626782417,0,0,0,1],"scale":0.561192751,"type":"tro_tree_2_filler_04"}
{"ctxid":0,"pos":[-735.996948,792.590759,151.404251],"rotationMatrix":[0.49779129,0.867296696,0,-0.867296696,0.49779129,0,0,0,1],"scale":0.80529958,"type":"tro_tree_2_filler_04"}
{"ctxid":0,"pos":[-730.509644,789.06958,150.01445],"rotationMatrix":[0.938233078,-0.340456665,-0.0617102683,0.305273503,0.898468316,-0.315536112,0.162871033,0.277207851,0.946904838],"scale":0.581553221,"type":"tro_tree_2_filler_04"}
{"ctxid":0,"pos":[-879.450928,954.255249,137.075836],"rotationMatrix":[0.262393415,0.964961052,0,-0.964961052,0.262393415,0,0,0,1],"scale":0.566646218,"type":"tro_tree_2_filler_04"}
{"ctxid":0,"pos":[-906.755005,942.85614,127.558472],"rotationMatrix":[-0.929127812,-0.369751841,0.00220495462,0.362356037,-0.909323573,0.20452033,-0.0736167729,0.190824524,0.978859842],"scale":0.571381807,"type":"tro_tree_2_filler_04"}
{"ctxid":0,"pos":[-891.152954,952.699219,127.717667],"rotationMatrix":[0.468340516,-0.819473505,0.330333382,0.883547962,0.434376717,-0.175099164,0,0.373871475,0.927480519],"scale":0.51857698,"type":"tro_tree_2_filler_04"}
{"ctxid":0,"pos":[-899.675049,948.424866,129.78093],"rotationMatrix":[-0.986044943,-0.136090815,0.0958877206,0.106804103,-0.958946764,-0.262704998,0.127702966,-0.248797774,0.960099816],"scale":0.543385148,"type":"tro_tree_2_filler_04"}
{"ctxid":0,"pos":[-891.798279,950.075867,128.706024],"rotationMatrix":[-0.533079863,0.846064866,0,-0.846064866,-0.533079863,0,0,0,1],"scale":0.636052847,"type":"tro_tree_2_filler_04"}
{"ctxid":0,"pos":[-917.09668,934.950256,128.936234],"rotationMatrix":[0.895903945,0.444247901,0,-0.444247901,0.895903945,0,0,0,1],"scale":0.583443642,"type":"tro_tree_2_filler_04"}
{"ctxid":0,"pos":[-749.78064,868.755676,140.725403],"rotationMatrix":[-0.98737824,0.158379644,0,-0.158379644,-0.98737824,0,0,0,1],"scale":0.51800406,"type":"tro_tree_2_filler_04"}
{"ctxid":0,"pos":[-736.073303,855.156189,140.057587],"rotationMatrix":[-0.470370561,0.882468939,0,-0.882468939,-0.470370561,0,0,0,1],"scale":0.681050241,"type":"tro_tree_2_filler_04"}
{"ctxid":0,"pos":[-734.434265,845.019226,140.872391],"rotationMatrix":[0.309261829,-0.940623462,0.139945209,0.856966734,0.33945182,0.38778919,-0.412268251,0,0.911062479],"scale":0.510230541,"type":"tro_tree_2_filler_04"}
{"ctxid":0,"pos":[-731.871338,840.442688,138.644913],"rotationMatrix":[0.773786128,-0.633446872,0,0.633446872,0.773786128,0,0,0,1],"scale":0.658915162,"type":"tro_tree_2_filler_04"}
{"ctxid":0,"pos":[-743.553833,860.184387,140.65712],"rotationMatrix":[-0.568628967,0.60061872,-0.562065959,-0.807800531,-0.536721587,0.243696854,-0.155304059,0.5926103,0.79037565],"scale":0.665081739,"type":"tro_tree_2_filler_04"}
{"ctxid":0,"pos":[-923.941589,816.848389,131.098892],"rotationMatrix":[-0.443676233,-0.896187186,0,0.896187186,-0.443676233,0,0,0,1],"scale":0.637819171,"type":"tro_tree_2_filler_04"}
{"ctxid":0,"pos":[-922.287903,824.723816,132.319611],"rotationMatrix":[0.988438666,0.131979123,-0.0746355951,-0.151621118,0.860389888,-0.4865596,0,0.492250681,0.870453477],"scale":0.558159471,"type":"tro_tree_2_filler_04"}
{"ctxid":0,"pos":[-923.882507,808.897461,129.362],"rotationMatrix":[-0.389823705,-0.84324199,-0.370108575,0.920889497,-0.356954575,-0.156671464,0,-0.401903361,0.915682077],"scale":0.698642254,"type":"tro_tree_2_filler_04"}
{"ctxid":0,"pos":[-880.790039,765.295898,167.817902],"rotationMatrix":[-0.0460064709,0.998941064,0,-0.998941064,-0.0460064709,0,0,0,1],"scale":0.577901721,"type":"tro_tree_2_filler_04"}
{"ctxid":0,"pos":[-873.035278,755.205994,177.492813],"rotationMatrix":[-0.884385705,0.466756672,0,-0.466756672,-0.884385705,0,0,0,1],"scale":0.582532823,"type":"tro_tree_2_filler_04"}
{"ctxid":0,"pos":[-853.86853,746.26123,176.866577],"rotationMatrix":[0.998930931,0.0462279655,0,-0.0462279655,0.998930931,0,0,0,1],"scale":0.653623044,"type":"tro_tree_2_filler_04"}
{"ctxid":0,"pos":[-858.409058,754.572327,188.545349],"rotationMatrix":[0.656580627,-0.689960659,-0.304723114,0.754255891,0.600611567,0.265261829,0,-0.404004961,0.914756775],"scale":0.64731878,"type":"tro_tree_2_filler_04"}
{"ctxid":0,"pos":[-845.368835,751.266174,185.343414],"rotationMatrix":[-0.424509108,0.905423641,0,-0.905423641,-0.424509108,0,0,0,1],"scale":0.511930764,"type":"tro_tree_2_filler_04"}
{"ctxid":0,"pos":[-838.933655,750.183105,179.640991],"rotationMatrix":[0.700123191,0.625878096,0.343662262,-0.714021802,0.613695204,0.336972803,0,-0.481305003,0.876553178],"scale":0.638935208,"type":"tro_tree_2_filler_04"}
{"ctxid":0,"pos":[-830.665527,758.719666,178.448547],"rotationMatrix":[-0.947428644,0.0109943449,0.319778264,-0.0474265814,-0.993195295,-0.106366761,0.316432863,-0.115940914,0.941503048],"scale":0.679720521,"type":"tro_tree_2_filler_04"}
{"ctxid":0,"pos":[-891.399109,791.184448,156.36879],"rotationMatrix":[0.340153635,-0.923220575,0.178771541,0.817228734,0.38427043,0.429503679,-0.465223253,0,0.885193348],"scale":0.535654068,"type":"tro_tree_2_filler_04"}
{"ctxid":0,"pos":[-853.870728,695.896545,128.766022],"rotationMatrix":[0.821866453,-0.569680154,0,0.569680154,0.821866453,0,0,0,1],"scale":0.606864274,"type":"tro_tree_2_filler_04"}
{"ctxid":0,"pos":[-850.418091,700.944031,130.229355],"rotationMatrix":[-0.913483322,-0.39160502,-0.110424101,0.406875879,-0.879198492,-0.247914866,0,-0.271395057,0.962468028],"scale":0.653099895,"type":"tro_tree_2_filler_04"}
{"ctxid":0,"pos":[-926.652344,-30.2094212,128.061523],"rotationMatrix":[0.734098196,0.679043472,0,-0.679043472,0.734098196,0,0,0,1],"scale":0.569874287,"type":"tro_tree_2_filler_04"}
{"ctxid":0,"pos":[-690.205383,13.5676537,135.219147],"rotationMatrix":[-0.491125375,0.807839215,-0.325870305,-0.810132623,-0.561073363,-0.169946104,-0.320126325,0.18053335,0.930014431],"scale":0.839741826,"type":"tro_tree_2_filler_04"}
{"ctxid":0,"pos":[-674.09552,20.1491203,149.609467],"rotationMatrix":[-0.0955612212,-0.995423555,0,0.995423555,-0.0955612212,0,0,0,1],"scale":0.721125007,"type":"tro_tree_2_filler_04"}
{"ctxid":0,"pos":[-684.136536,6.79877758,149.125748],"rotationMatrix":[0.450113475,0.892971456,0,-0.892971456,0.450113475,0,0,0,1],"scale":0.800631046,"type":"tro_tree_2_filler_04"}
{"ctxid":0,"pos":[-693.088928,-5.29618502,153.025528],"rotationMatrix":[0.961612821,-0.0814697146,0.262037396,0.105399311,0.991320491,-0.0785795003,-0.253361166,0.103181608,0.961853266],"scale":0.711490452,"type":"tro_tree_2_filler_04"}
{"ctxid":0,"pos":[-691.540161,1.56395912,152.465561],"rotationMatrix":[-0.30824858,-0.869288504,0.386419177,0.942498028,-0.334210932,-5.15925285e-06,0.129150003,0.364197791,0.922323227],"scale":0.682634354,"type":"tro_tree_2_filler_04"}
{"ctxid":0,"pos":[-711.632507,-12.2671986,150.358887],"rotationMatrix":[-0.00785562396,-0.987971723,0.154434636,0.999969125,-0.00776137412,0.00121321785,0,0.154439405,0.988002241],"scale":0.738761723,"type":"tro_tree_2_filler_04"}
{"ctxid":0,"pos":[-736.354858,-28.8323479,151.029022],"rotationMatrix":[0.856860638,0.456297815,0.239962965,-0.51554817,0.758384347,0.398827553,0,-0.465452015,0.885073066],"scale":0.750761628,"type":"tro_tree_2_filler_04"}
{"ctxid":0,"pos":[-727.797852,-20.6526756,150.317505],"rotationMatrix":[0.53926754,0.842134535,0,-0.842134535,0.53926754,0,0,0,1],"scale":0.728127003,"type":"tro_tree_2_filler_04"}
{"ctxid":0,"pos":[-734.257385,-40.613327,142.314133],"rotationMatrix":[0.956462741,-0.291854501,0,0.291854501,0.956462741,0,0,0,1],"scale":0.867748857,"type":"tro_tree_2_filler_04"}
{"ctxid":0,"pos":[-741.687622,-34.9664993,136.036774],"rotationMatrix":[0.990543544,-0.0971972346,0.0968314037,0.0681239367,0.961059749,0.267812401,-0.119091377,-0.258683294,0.958592832],"scale":0.823079228,"type":"tro_tree_2_filler_04"}
{"ctxid":0,"pos":[-817.116211,-101.654472,147.00708],"rotationMatrix":[-0.656285048,0.754513085,0,-0.754513085,-0.656285048,0,0,0,1],"scale":0.774883568,"type":"tro_tree_2_filler_04"}
{"ctxid":0,"pos":[-799.641602,-86.2562256,131.142517],"rotationMatrix":[-0.998814344,0.0486797392,0,-0.0486797392,-0.998814344,0,0,0,1],"scale":0.760448098,"type":"tro_tree_2_filler_04"}
{"ctxid":0,"pos":[-805.465271,-94.5589294,134.45015],"rotationMatrix":[-0.759203851,-0.650853038,0,0.650853038,-0.759203851,0,0,0,1],"scale":0.715200067,"type":"tro_tree_2_filler_04"}
{"ctxid":0,"pos":[-809.356812,-103.663597,141.057007],"rotationMatrix":[0.999486923,-0.032028906,0,0.032028906,0.999486923,0,0,0,1],"scale":0.763655186,"type":"tro_tree_2_filler_04"}
{"ctxid":0,"pos":[-702.101624,-92.1981201,155.870102],"rotationMatrix":[-0.12656112,0.991958797,0,-0.991958797,-0.12656112,0,0,0,1],"scale":0.781734109,"type":"tro_tree_2_filler_04"}
{"ctxid":0,"pos":[-703.220886,-85.3426895,153.799332],"rotationMatrix":[0.927542448,-0.351978362,-0.125603646,0.371296704,0.829731703,0.416754216,-0.0424711555,-0.433193475,0.900299728],"scale":0.792686403,"type":"tro_tree_2_filler_04"}
{"ctxid":0,"pos":[-706.723877,-76.4923096,151.590622],"rotationMatrix":[0.76962024,0.603770256,0.207716793,-0.582912743,0.79715848,-0.157325327,-0.26057151,0,0.965454519],"scale":0.868061006,"type":"tro_tree_2_filler_04"}
{"ctxid":0,"pos":[-707.577759,-56.8021927,156.187393],"rotationMatrix":[-0.62762928,-0.777145803,0.0461087562,0.778512418,-0.626527548,0.0371724404,0,0.0592267439,0.998244584],"scale":0.897090912,"type":"tro_tree_2_filler_04"}
{"ctxid":0,"pos":[-706.371887,-65.2040024,156.060379],"rotationMatrix":[-0.166747659,-0.985999703,0,0.985999703,-0.166747659,0,0,0,1],"scale":0.874079168,"type":"tro_tree_2_filler_04"}
{"ctxid":0,"pos":[-712.281799,-43.0322037,155.628769],"rotationMatrix":[-0.688895047,-0.721484542,-0.0698826239,0.717800736,-0.692430496,0.0728148669,-0.100923665,0,0.994894147],"scale":0.765200257,"type":"tro_tree_2_filler_04"}
{"ctxid":0,"pos":[-708.187256,-50.8264389,158.621918],"rotationMatrix":[0.634517908,-0.680641651,-0.366215259,0.772907972,0.558772027,0.30064401,0,-0.473814845,0.880624473],"scale":0.838464022,"type":"tro_tree_2_filler_04"}
{"ctxid":0,"pos":[-876.421082,-106.596687,167.343353],"rotationMatrix":[0.511666894,0.815917313,-0.269213706,-0.722069323,0.57816869,0.379917026,0.465631783,0,0.884978533],"scale":0.777673066,"type":"tro_tree_2_filler_04"}
{"ctxid":0,"pos":[-882.137024,-109.157364,164.483154],"rotationMatrix":[-0.869824588,0.478725731,-0.119276859,-0.493361235,-0.84402138,0.210292041,0,0.241763741,0.970335126],"scale":0.73477596,"type":"tro_tree_2_filler_04"}
{"ctxid":0,"pos":[-890.267639,-110.774292,162.894714],"rotationMatrix":[-0.601167023,-0.799123466,0,0.799123466,-0.601167023,0,0,0,1],"scale":0.756362021,"type":"tro_tree_2_filler_04"}
{"ctxid":0,"pos":[-940.528198,-251.2771,159.619888],"rotationMatrix":[-0.893413723,0.190039486,0.407058656,-0.429713309,-0.625725389,-0.651010036,0.130989358,-0.756539941,0.640694261],"scale":0.882697284,"type":"tro_tree_2_filler_04"}
{"ctxid":0,"pos":[-932.562439,-263.090637,159.428253],"rotationMatrix":[0.783543289,0.116237581,0.610367537,-0.0475538671,0.990682483,-0.127618209,-0.619514406,0.0709690452,0.781770468],"scale":0.811917901,"type":"tro_tree_2_filler_04"}
{"ctxid":0,"pos":[-916.9823,-277.500702,158.472137],"rotationMatrix":[-0.844111323,0.52063942,-0.128103569,-0.5361678,-0.819664299,0.201678798,0,0.238924399,0.971038163],"scale":0.750376463,"type":"tro_tree_2_filler_04"}
{"ctxid":0,"pos":[-422.341309,111.520782,163.233109],"rotationMatrix":[0.272498906,0.941742122,0.197144553,-0.944879174,0.300583094,-0.129819125,-0.181514472,-0.150902227,0.97174114],"scale":0.660070598,"type":"tro_tree_2_filler_04"}
{"ctxid":0,"pos":[-415.928528,107.978279,165.057693],"rotationMatrix":[0.859213889,-0.265818715,-0.437140524,0.382111192,0.90158689,0.202810258,0.340209424,-0.341293722,0.876228392],"scale":0.746899545,"type":"tro_tree_2_filler_04"}
{"ctxid":0,"pos":[-436.871857,146.772552,154.854034],"rotationMatrix":[-0.299906045,0.953277349,-0.0363108553,-0.946366251,-0.302096188,-0.114580445,-0.120196335,0,0.992750168],"scale":0.764329851,"type":"tro_tree_2_filler_04"}
{"ctxid":0,"pos":[-401.028503,73.7359924,179.630417],"rotationMatrix":[-0.893410504,-0.449241072,0,0.449241072,-0.893410504,0,0,0,1],"scale":0.839084625,"type":"tro_tree_2_filler_04"}
{"ctxid":0,"pos":[-405.02655,62.717926,175.642303],"rotationMatrix":[-0.434116691,-0.870388448,-0.232306719,0.767418087,-0.49236545,0.410664648,-0.471817672,0,0.881696105],"scale":0.862586021,"type":"tro_tree_2_filler_04"}
{"ctxid":0,"pos":[-415.341003,40.2819824,185.978928],"rotationMatrix":[0.746842861,0.35193342,-0.564241529,-0.60392344,0.714148879,-0.353931904,0.278391987,0.605090261,0.745897889],"scale":0.757485449,"type":"tro_tree_2_filler_04"}
{"ctxid":0,"pos":[-420.989136,32.7950401,185.507858],"rotationMatrix":[0.953355491,-0.25732553,0.157786056,0.289485753,0.92751658,-0.236454144,-0.0855035335,0.271101803,0.958745539],"scale":0.875915349,"type":"tro_tree_2_filler_04"}
{"ctxid":0,"pos":[-436.085907,36.5352592,179.697922],"rotationMatrix":[0.789077759,0.614293456,0,-0.614293456,0.789077759,0,0,0,1],"scale":0.713767409,"type":"tro_tree_2_filler_04"}
{"ctxid":0,"pos":[-444.505493,32.6465988,182.718887],"rotationMatrix":[-0.754675329,0.656098485,0,-0.656098485,-0.754675329,0,0,0,1],"scale":0.753793955,"type":"tro_tree_2_filler_04"}
{"ctxid":0,"pos":[-453.533447,35.36306,179.284363],"rotationMatrix":[-0.312020779,-0.950075328,0,0.950075328,-0.312020779,0,0,0,1],"scale":0.851384163,"type":"tro_tree_2_filler_04"}
{"ctxid":0,"pos":[-427.095215,104.409256,151.024384],"rotationMatrix":[-0.0503763892,-0.970857561,-0.234302372,0.998730242,-0.0489704758,-0.0118183121,0,-0.234600246,0.972091913],"scale":0.67280668,"type":"tro_tree_2_filler_04"}
{"ctxid":0,"pos":[-426.573883,107.667732,155.710236],"rotationMatrix":[0.588548064,0.763206959,0.266694725,-0.796321809,0.604212999,0.0282497574,-0.139580026,-0.229001179,0.963366926],"scale":0.633261621,"type":"tro_tree_2_filler_04"}
{"ctxid":0,"pos":[-443.55072,200.195969,150.244659],"rotationMatrix":[0.650900841,0.746257067,0.139386639,-0.729713142,0.665657938,-0.156263843,-0.209396794,0,0.977830768],"scale":0.754694164,"type":"tro_tree_2_filler_04"}
{"ctxid":0,"pos":[-440.277802,192.653152,151.184906],"rotationMatrix":[-0.999512911,-0.0234049968,-0.0206438433,0.0312083662,-0.749593735,-0.661162019,0,-0.661484241,0.749959052],"scale":0.833476961,"type":"tro_tree_2_filler_04"}
{"ctxid":0,"pos":[-438.263702,180.799667,153.141083],"rotationMatrix":[-0.81636256,0.576499999,-0.0346413553,-0.522537231,-0.762832165,-0.380843937,-0.245982036,-0.292805284,0.92399025],"scale":0.865035594,"type":"tro_tree_2_filler_04"}
{"ctxid":0,"pos":[-443.339203,169.820526,153.865738],"rotationMatrix":[0.253881991,0.967235267,0,-0.967235267,0.253881991,0,0,0,1],"scale":0.749301136,"type":"tro_tree_2_filler_04"}
{"ctxid":0,"pos":[-444.864197,231.816879,147.630356],"rotationMatrix":[0.701579332,0.712591469,0,-0.712591469,0.701579332,0,0,0,1],"scale":0.85892421,"type":"tro_tree_2_filler_04"}
{"ctxid":0,"pos":[-942.204895,-756.023254,134.150436],"rotationMatrix":[-0.626720548,0.779244244,0,-0.779244244,-0.626720548,0,0,0,1],"scale":0.725878894,"type":"tro_tree_2_filler_04"}
{"ctxid":0,"pos":[-940.929749,-880.487061,138.884979],"rotationMatrix":[-0.540519357,0.841331482,0,-0.841331482,-0.540519357,0,0,0,1],"scale":0.819724083,"type":"tro_tree_2_filler_04"}
{"ctxid":0,"pos":[-937.30304,-895.62262,141.47261],"rotationMatrix":[0.838723779,-0.544556975,0,0.544556975,0.838723779,0,0,0,1],"scale":0.781640291,"type":"tro_tree_2_filler_04"}
{"ctxid":0,"pos":[-936.339905,-887.649353,145.340378],"rotationMatrix":[0.245845407,-0.969309032,0,0.969309032,0.245845407,0,0,0,1],"scale":0.841191292,"type":"tro_tree_2_filler_04"}
{"ctxid":0,"pos":[-941.97522,-872.367676,143.827393],"rotationMatrix":[0.105300523,0.994440436,0,-0.994440436,0.105300523,0,0,0,1],"scale":0.701981723,"type":"tro_tree_2_filler_04"}
{"ctxid":0,"pos":[-875.589661,-935.059265,142.422668],"rotationMatrix":[0.47588554,0.876547813,0.0720900968,-0.876208544,0.465412915,0.125098139,0.0761028305,-0.122698337,0.989521861],"scale":0.899607599,"type":"tro_tree_2_filler_04"}
{"ctxid":0,"pos":[-807.531006,-909.95874,137.985336],"rotationMatrix":[-0.49018687,0.871617317,0,-0.871617317,-0.49018687,0,0,0,1],"scale":0.569189072,"type":"tro_tree_2_filler_04"}
{"ctxid":0,"pos":[-818.405762,-914.506226,136.5755],"rotationMatrix":[-0.588275135,0.808660746,0,-0.808660746,-0.588275135,0,0,0,1],"scale":0.728281558,"type":"tro_tree_2_filler_04"}
{"ctxid":0,"pos":[-809.516479,-918.21875,136.99408],"rotationMatrix":[0.119516641,0.976711154,0.178187877,-0.717912078,-0.0389530063,0.695043027,0.685797393,-0.210992485,0.696537256],"scale":0.74575007,"type":"tro_tree_2_filler_04"}
{"ctxid":0,"pos":[-798.353088,-912.178772,140.348557],"rotationMatrix":[0.998615086,-0.0526101403,0,0.0526101403,0.998615086,0,0,0,1],"scale":0.796600342,"type":"tro_tree_2_filler_04"}
{"ctxid":0,"pos":[-797.979004,-904.700256,143.843857],"rotationMatrix":[-0.99340266,0.1146781,0,-0.1146781,-0.99340266,0,0,0,1],"scale":0.881339908,"type":"tro_tree_2_filler_04"}
{"ctxid":0,"pos":[-785.524109,-897.397827,140.410431],"rotationMatrix":[0.93454659,0.355840892,0,-0.355840892,0.93454659,0,0,0,1],"scale":0.776787758,"type":"tro_tree_2_filler_04"}
{"ctxid":0,"pos":[-782.672852,-905.510437,141.003906],"rotationMatrix":[0.230775103,0.934361637,-0.271497369,-0.972929358,0.218066692,-0.0765190646,-0.0122919455,0.281806469,0.959392488],"scale":0.787032843,"type":"tro_tree_2_filler_04"}
{"ctxid":0,"pos":[-771.105042,-879.492798,138.107025],"rotationMatrix":[0.143252045,-0.989494562,-0.0194761008,0.980474412,0.144569933,-0.133302242,0.134717509,0,0.990884066],"scale":0.752300262,"type":"tro_tree_2_filler_04"}
{"ctxid":0,"pos":[-776.790283,-886.618042,141.507156],"rotationMatrix":[0.792121828,0.562067688,-0.237956151,-0.538303375,0.827091336,0.161708206,0.287702382,0,0.957719862],"scale":0.861135662,"type":"tro_tree_2_filler_04"}
{"ctxid":0,"pos":[-743.305847,-902.465149,132.860764],"rotationMatrix":[-0.018034935,0.99963069,0.0203281492,-0.929879665,-0.00929820538,-0.367746234,-0.367421389,-0.0255350173,0.929703951],"scale":0.889719427,"type":"tro_tree_2_filler_04"}
{"ctxid":0,"pos":[-733.617615,-914.392761,145.498474],"rotationMatrix":[0.484752208,-0.874651551,0,0.874651551,0.484752208,0,0,0,1],"scale":0.778420568,"type":"tro_tree_2_filler_04"}
{"ctxid":0,"pos":[-738.891174,-919.789001,140.208252],"rotationMatrix":[0.763335109,-0.588202834,0.267089844,0.625024438,0.776974976,-0.0751961023,-0.163291529,0.224337459,0.960733354],"scale":0.744689584,"type":"tro_tree_2_filler_04"}
{"ctxid":0,"pos":[-739.229919,-901.560425,143.033142],"rotationMatrix":[0.984547555,0.0444039106,0.169393942,-0.0990250111,0.93897891,0.32941246,-0.144430146,-0.341096491,0.928866565],"scale":0.766857207,"type":"tro_tree_2_filler_04"}
{"ctxid":0,"pos":[-732.682495,-930.47583,144.718719],"rotationMatrix":[-0.0858006477,0.977407575,-0.193164364,-0.830347836,-0.17729637,-0.528288305,-0.55060029,0.115066133,0.826800466],"scale":0.702992916,"type":"tro_tree_2_filler_04"}
{"ctxid":0,"pos":[-725.854126,-937.143494,143.232437],"rotationMatrix":[-0.989140987,0.146969646,0,-0.146969646,-0.989140987,0,0,0,1],"scale":0.801836073,"type":"tro_tree_2_filler_04"}
{"ctxid":0,"pos":[-711.914307,-926.463074,158.152725],"rotationMatrix":[-0.609814405,0.792544127,0,-0.792544127,-0.609814405,0,0,0,1],"scale":0.667998135,"type":"tro_tree_2_filler_04"}
{"ctxid":0,"pos":[-701.453491,-922.38324,158.30777],"rotationMatrix":[-0.996543765,-0.0830690041,0,0.0830690041,-0.996543765,0,0,0,1],"scale":0.729305744,"type":"tro_tree_2_filler_04"}
{"ctxid":0,"pos":[-717.679138,-920.011658,156.269897],"rotationMatrix":[0.160589546,-0.863585413,0.477944791,0.940475464,0.28082782,0.191420168,-0.299527854,0.418755233,0.857278883],"scale":0.793171763,"type":"tro_tree_2_filler_04"}
{"ctxid":0,"pos":[-723.421814,-911.344055,150.794037],"rotationMatrix":[0.960841537,-0.277098179,0,0.277098179,0.960841537,0,0,0,1],"scale":0.891347587,"type":"tro_tree_2_filler_04"}
{"ctxid":0,"pos":[-709.283508,-887.921143,170.659256],"rotationMatrix":[-0.987933517,-0.154878169,0,0.154878169,-0.987933517,0,0,0,1],"scale":0.609983444,"type":"tro_tree_2_filler_04"}
{"ctxid":0,"pos":[-710.498352,-892.161682,176.29863],"rotationMatrix":[0.850365579,-0.361816794,0.382056236,0.39885968,0.916803956,-0.0195297711,-0.343204498,0.168994278,0.923932672],"scale":0.501408696,"type":"tro_tree_2_filler_04"}
{"ctxid":0,"pos":[-714.429626,-884.968018,163.434921],"rotationMatrix":[-0.518592119,-0.855021715,0,0.855021715,-0.518592119,0,0,0,1],"scale":0.731322765,"type":"tro_tree_2_filler_04"}
{"ctxid":0,"pos":[-688.130676,-930.810303,168.090057],"rotationMatrix":[-0.991559029,0.129655391,0,-0.129655391,-0.991559029,0,0,0,1],"scale":0.737631798,"type":"tro_tree_2_filler_04"}
{"ctxid":0,"pos":[-686.111572,-918.308655,176.989929],"rotationMatrix":[-0.633739531,0.773546517,0,-0.773546517,-0.633739531,0,0,0,1],"scale":0.841399908,"type":"tro_tree_2_filler_04"}
{"ctxid":0,"pos":[-673.743958,-919.500488,177.003662],"rotationMatrix":[-0.988202333,0.153154179,0,-0.153154179,-0.988202333,0,0,0,1],"scale":0.710036457,"type":"tro_tree_2_filler_04"}
{"ctxid":0,"pos":[-671.150452,-938.699524,128.561203],"rotationMatrix":[-0.966687918,-0.255957574,0,0.255957574,-0.966687918,0,0,0,1],"scale":0.76424253,"type":"tro_tree_2_filler_04"}
{"ctxid":0,"pos":[-374.207581,-817.116882,180.900238],"rotationMatrix":[-0.974360585,-0.108007818,-0.19737184,0.148992956,-0.96707505,-0.206317216,-0.168589532,-0.230434403,0.958372355],"scale":0.828693807,"type":"tro_tree_2_filler_04"}
{"ctxid":0,"pos":[-134.222733,-935.321289,130.990097],"rotationMatrix":[0.677218378,0.562602341,-0.474187732,-0.460858673,0.826727748,0.322692841,0.573571801,0,0.819155276],"scale":0.744397581,"type":"tro_tree_2_filler_04"}
{"ctxid":0,"pos":[-141.682053,-940.972473,130.478561],"rotationMatrix":[-0.438557684,0.613394678,0.656821072,-0.898702979,-0.299330205,-0.320521832,0,-0.730854452,0.682533264],"scale":0.811998487,"type":"tro_tree_2_filler_04"}
{"ctxid":0,"pos":[181.004791,-986.023926,127.602768],"rotationMatrix":[-0.998915195,-0.0465628952,0,0.0465628952,-0.998915195,0,0,0,1],"scale":0.838436902,"type":"tro_tree_2_filler_04"}
{"ctxid":0,"pos":[167.622955,-984.316711,159.1297],"rotationMatrix":[-0.475419849,-0.86675334,-0.150713503,0.869476855,-0.436802238,-0.230681077,0.134111598,-0.240712255,0.961286485],"scale":0.701493859,"type":"tro_tree_2_filler_04"}
{"ctxid":0,"pos":[159.18956,-989.595825,158.482086],"rotationMatrix":[0.800794125,-0.415300637,-0.431571633,0.280825317,0.896793723,-0.341903418,0.529023528,0.152598009,0.834774256],"scale":0.814261377,"type":"tro_tree_2_filler_04"}
{"ctxid":0,"pos":[157.016724,-990.615845,157.323074],"rotationMatrix":[-0.730475307,-0.674860537,-0.104732551,0.682938993,-0.72183454,-0.112022512,0,-0.153355643,0.988171041],"scale":0.709149003,"type":"tro_tree_2_filler_04"}
{"ctxid":0,"pos":[205.71051,-924.926941,136.18956],"rotationMatrix":[0.832193255,0.554485857,0,-0.554485857,0.832193255,0,0,0,1],"scale":0.583351254,"type":"tro_tree_2_filler_04"}
{"ctxid":0,"pos":[204.065292,-927.163696,138.379578],"rotationMatrix":[0.410924017,-0.708496571,-0.573736846,0.910946727,0.344148278,0.227459699,0.0362960398,-0.616112292,0.786821485],"scale":0.592493534,"type":"tro_tree_2_filler_04"}
{"ctxid":0,"pos":[203.424316,-935.36969,134.497406],"rotationMatrix":[-0.283994794,0.934029877,-0.216644734,-0.879165709,-0.163496435,0.447589546,0.382641464,0.317579776,0.867599308],"scale":0.653518438,"type":"tro_tree_2_filler_04"}
{"ctxid":0,"pos":[205.560181,-940.073608,133.580048],"rotationMatrix":[0.764605343,-0.644498706,0,0.644498706,0.764605343,0,0,0,1],"scale":0.530013561,"type":"tro_tree_2_filler_04"}
{"ctxid":0,"pos":[219.806534,-880.291687,150.964767],"rotationMatrix":[-0.638123333,-0.769934058,0,0.769934058,-0.638123333,0,0,0,1],"scale":0.727364838,"type":"tro_tree_2_filler_04"}
{"ctxid":0,"pos":[227.346588,-876.564758,158.147964],"rotationMatrix":[0.659766376,-0.751470745,0,0.751470745,0.659766376,0,0,0,1],"scale":0.812621593,"type":"tro_tree_2_filler_04"}
{"ctxid":0,"pos":[230.52211,-878.331787,150.448273],"rotationMatrix":[-0.19004339,0.777555823,0.599408269,-0.864382267,-0.422019094,0.273391813,0.465539217,-0.466161638,0.752307534],"scale":0.807023168,"type":"tro_tree_2_filler_04"}
{"ctxid":0,"pos":[237.565018,-875.982056,154.702789],"rotationMatrix":[-0.326729208,-0.94511795,0,0.94511795,-0.326729208,0,0,0,1],"scale":0.830199957,"type":"tro_tree_2_filler_04"}
{"ctxid":0,"pos":[246.847672,-870.430237,154.819153],"rotationMatrix":[0.978622794,-0.205662981,0,0.205662981,0.978622794,0,0,0,1],"scale":0.855903625,"type":"tro_tree_2_filler_04"}
{"ctxid":0,"pos":[250.789764,-867.163086,153.994812],"rotationMatrix":[-0.5249874,-0.851110041,0,0.851110041,-0.5249874,0,0,0,1],"scale":0.734480083,"type":"tro_tree_2_filler_04"}
{"ctxid":0,"pos":[198.275223,-920.275391,143.724777],"rotationMatrix":[-0.482625932,-0.875826478,0,0.875826478,-0.482625932,0,0,0,1],"scale":0.753494263,"type":"tro_tree_2_filler_04"}
{"ctxid":0,"pos":[361.119965,-893.478271,153.859497],"rotationMatrix":[-0.947251439,-0.320491493,0,0.320491493,-0.947251439,0,0,0,1],"scale":0.772296429,"type":"tro_tree_2_filler_04"}
{"ctxid":0,"pos":[356.291992,-895.414673,145.092041],"rotationMatrix":[0.477080166,0.878859878,0,-0.878859878,0.477080166,0,0,0,1],"scale":0.777463078,"type":"tro_tree_2_filler_04"}
{"ctxid":0,"pos":[350.073639,-892.312073,141.212189],"rotationMatrix":[-0.406587064,0.913611948,0,-0.913611948,-0.406587064,0,0,0,1],"scale":0.797984362,"type":"tro_tree_2_filler_04"}
{"ctxid":0,"pos":[346.816406,-893.523804,136.936172],"rotationMatrix":[-0.459734291,-0.878008366,-0.133212596,0.843318939,-0.478645205,0.244360074,-0.278311789,0,0.960490763],"scale":0.728252649,"type":"tro_tree_2_filler_04"}
{"ctxid":0,"pos":[170.505035,-974.528748,159.292557],"rotationMatrix":[0.00622141361,-0.607008338,0.794671059,0.856481791,-0.406942606,-0.317547858,0.516139746,0.682596862,0.517359853],"scale":0.881299198,"type":"tro_tree_2_filler_04"}
{"ctxid":1,"pos":[335.692017,-137.101608,159.947876],"rotationMatrix":[0.954107583,0.299463987,0,-0.299463987,0.954107583,0,0,0,0.999999881],"scale":0.859532893,"type":"tro_tree_2_filler_04"}
