{"ctxid":0,"pos":[-59.862999,-51.3628006,172.067001],"rotationMatrix":[0.260428786,-0.965541184,0,0.965541184,0.260428786,0,0,0,1],"scale":0.836199999,"type":"tro_mix_thin_wall"}
{"ctxid":0,"pos":[-55.3471985,-62.4314995,171.531006],"rotationMatrix":[0.287181973,-0.957946181,0,0.957946181,0.287181973,0,0,0,1],"scale":0.990700006,"type":"tro_mix_thin_wall"}
{"ctxid":0,"pos":[-4.66730022,-23.0011005,149.020996],"rotationMatrix":[-0.944391966,-0.328732401,0,0.328732401,-0.944391966,0,0,0,1],"scale":1.0467,"type":"tro_mix_thin_wall"}
{"ctxid":0,"pos":[-16.7318001,-29.7726994,150.149002],"rotationMatrix":[-0.732404947,-0.680900097,0,0.680900097,-0.732404947,0,0,0,1],"scale":0.976499975,"type":"tro_mix_thin_wall"}
{"ctxid":0,"pos":[-22.5823002,-37.7809982,150.274994],"rotationMatrix":[-0.407673717,-0.913089156,0.0120676309,0.901546001,-0.404551864,-0.153713554,0.145231962,-0.0517799631,0.988042057],"scale":1.19930005,"type":"tro_mix_thin_wall"}
{"ctxid":0,"pos":[-55.3450012,-10.0269003,173.304001],"rotationMatrix":[-0.955846429,-0.29449442,0,0.29449442,-0.955846429,0,0,0,1],"scale":1.10539997,"type":"tro_mix_thin_wall"}
{"ctxid":0,"pos":[-61.6878014,-0.278600007,173.147003],"rotationMatrix":[0.9737795,0.227488592,0,-0.227488592,0.9737795,0,0,0,1],"scale":0.808700025,"type":"tro_mix_thin_wall"}
{"ctxid":0,"pos":[-40.0295982,-1.67879999,172.442993],"rotationMatrix":[-0.955055237,-0.296214521,0,0.296214521,-0.955055237,0,0,0,1],"scale":0.978699982,"type":"tro_mix_thin_wall"}
{"ctxid":0,"pos":[-46.7835007,-5.52169991,172.796997],"rotationMatrix":[-0.843584061,-0.536695898,0,0.536695898,-0.843584061,0,0,0,1],"scale":1.02269995,"type":"tro_mix_thin_wall"}
{"ctxid":0,"pos":[-49.7882004,-6.13360023,173.130997],"rotationMatrix":[-0.869404435,-0.494421482,0,0.494421482,-0.869404435,0,0,0,1],"scale":0.96359998,"type":"tro_mix_thin_wall"}
{"ctxid":0,"pos":[-29.9698009,-1.62709999,168.298004],"rotationMatrix":[-0.913148165,-0.407306343,-1.56201422e-05,0.400085717,-0.896951675,-0.187481701,0.076353699,-0.171229392,0.982266843],"scale":1.14180005,"type":"tro_mix_thin_wall"}
{"ctxid":0,"pos":[-58.857399,-76.7680969,166.382996],"rotationMatrix":[-0.130707264,0.991455436,0,-0.991455436,-0.130707264,0,0,0,1],"scale":1.18620002,"type":"tro_mix_thin_wall"}
{"ctxid":0,"pos":[-48.8627014,-82.9925995,164.992996],"rotationMatrix":[0.185146213,-0.982726693,0,0.982726693,0.185146213,0,0,0,1],"scale":1.11129999,"type":"tro_mix_thin_wall"}
{"ctxid":0,"pos":[-49.9812012,-102.377998,159.880005],"rotationMatrix":[-0.362570286,0.93187654,0,-0.93187654,-0.362570286,0,0,0,1],"scale":0.830500007,"type":"tro_mix_thin_wall"}
{"ctxid":0,"pos":[-44.1315994,-98.2860031,160.839005],"rotationMatrix":[0.437987983,-0.898943543,0,0.898943543,0.437987983,0,0,0,1],"scale":0.934300005,"type":"tro_mix_thin_wall"}
{"ctxid":0,"pos":[-35.5452003,-106.795998,157.809998],"rotationMatrix":[-0.808801889,-0.587908208,0,0.587908208,-0.808801889,0,0,0,1],"scale":0.912999988,"type":"tro_mix_thin_wall"}
{"ctxid":0,"pos":[-34.8895988,-99.5438004,157.932007],"rotationMatrix":[0.738346219,0.674425781,0,-0.674425781,0.738346219,0,0,0,1],"scale":1.01520002,"type":"tro_mix_thin_wall"}
{"ctxid":0,"pos":[-24.2528,-92.2108002,156.410004],"rotationMatrix":[-0.0472708493,-0.99878031,0,0.986813307,-0.0467044674,-0.154336259,0.154148012,-0.00729560619,0.988018394],"scale":0.854600012,"type":"tro_mix_thin_wall"}
{"ctxid":0,"pos":[-24.7282009,-74.9117966,155.742996],"rotationMatrix":[0.137490153,-0.990566254,0,0.990566254,0.137490153,0,0,0,1],"scale":1.06289995,"type":"tro_mix_thin_wall"}
{"ctxid":0,"pos":[-21.0883999,-73.344101,155.535995],"rotationMatrix":[-0.629012346,-0.777413487,0,0.777413487,-0.629012346,0,0,0,1],"scale":1.06659997,"type":"tro_mix_thin_wall"}
{"ctxid":0,"pos":[-19.2469997,-83.4817963,155.763],"rotationMatrix":[0.833881497,-0.551960647,0,0.551960647,0.833881497,0,0,0,1],"scale":0.957799971,"type":"tro_mix_thin_wall"}
{"ctxid":0,"pos":[-92.9389038,-19.6182995,168.910995],"rotationMatrix":[-0.937491536,0.347771674,-4.34182584e-05,-0.332370371,-0.896009088,-0.294171453,-0.102347746,-0.275793016,0.955750704],"scale":1.07200003,"type":"tro_mix_thin_wall"}
{"ctxid":0,"pos":[-67.9945984,-30.9820995,172.167999],"rotationMatrix":[0.51901567,-0.854767203,0,0.854767203,0.51901567,0,0,0,1],"scale":1.18599999,"type":"tro_mix_thin_wall"}
{"ctxid":0,"pos":[-73.0129013,-35.4920998,171.524994],"rotationMatrix":[-0.429402232,0.903225362,0,-0.903225362,-0.429402232,0,0,0,1],"scale":1.07299995,"type":"tro_mix_thin_wall"}
{"ctxid":0,"pos":[-66.5388031,-60.6890984,171.953995],"rotationMatrix":[-0.987619281,0.158108339,0,-0.158108339,-0.987619281,0,0,0,1],"scale":1.18369997,"type":"tro_mix_thin_wall"}
{"ctxid":0,"pos":[-65.2810974,-52.032299,172.723999],"rotationMatrix":[-0.223673582,0.974621236,0,-0.974621236,-0.223673582,0,0,0,1],"scale":1.08350003,"type":"tro_mix_thin_wall"}
{"ctxid":0,"pos":[-67.6409988,-11.5235004,174.505997],"rotationMatrix":[-0.995602369,-0.0940963775,0,0.0940963775,-0.995602369,0,0,0,1],"scale":1.15769994,"type":"tro_mix_thin_wall"}
{"ctxid":0,"pos":[-77.1423035,-11.4391003,174.546997],"rotationMatrix":[-0.97448194,0.224951044,0,-0.224951044,-0.97448194,0,0,0,1],"scale":0.861699998,"type":"tro_mix_thin_wall"}
{"ctxid":0,"pos":[-71.5723038,-2.29489994,173.815994],"rotationMatrix":[0.992727816,0.12038292,0,-0.12038292,0.992727816,0,0,0,1],"scale":0.802900016,"type":"tro_mix_thin_wall"}
{"ctxid":0,"pos":[-79.8746033,-1.86459994,174.376007],"rotationMatrix":[0.977315485,-0.211785898,0,0.211785898,0.977315485,0,0,0,1],"scale":1.06079996,"type":"tro_mix_thin_wall"}
{"ctxid":0,"pos":[-88.9660034,-1.77489996,175.067993],"rotationMatrix":[0.986617506,-0.163043752,0,0.163043752,0.986617506,0,0,0,1],"scale":1.08029997,"type":"tro_mix_thin_wall"}
{"ctxid":0,"pos":[-102.116997,-0.33070001,176.080002],"rotationMatrix":[0.990560591,-0.137070239,0,0.137070239,0.990560591,0,0,0,1],"scale":1.1681,"type":"tro_mix_thin_wall"}
{"ctxid":0,"pos":[-86.3836975,-9.5678997,175.102997],"rotationMatrix":[-0.997116208,0.0736079365,8.86402559e-05,-0.073356539,-0.993609548,-0.083776325,-0.00607904047,-0.0835555196,0.99648428],"scale":0.897099972,"type":"tro_mix_thin_wall"}
{"ctxid":0,"pos":[-120.952003,-86.9552994,145.615997],"rotationMatrix":[-0.982438684,0.185978085,0,-0.185978085,-0.982438684,0,0,0,1],"scale":1.19130003,"type":"tro_mix_thin_wall"}
{"ctxid":0,"pos":[-114.579002,-81.9095001,144.776001],"rotationMatrix":[0.972948611,-0.23101832,0,0.23101832,0.972948611,0,0,0,1],"scale":1.0474,"type":"tro_mix_thin_wall"}
{"ctxid":0,"pos":[-101.855003,-94.6164017,145.005005],"rotationMatrix":[-0.83169806,0.555059969,0,-0.555059969,-0.83169806,0,0,0,1],"scale":1.13090003,"type":"tro_mix_thin_wall"}
{"ctxid":0,"pos":[-63.6664009,-65.6759033,171.035004],"rotationMatrix":[0.143783092,0.989694118,0,-0.989694118,0.143783092,0,0,0,1],"scale":1.17429996,"type":"tro_mix_thin_wall"}
{"ctxid":0,"pos":[-64.7898026,-71.7572021,170.192001],"rotationMatrix":[0.834112048,0.551577568,0,-0.551577568,0.834112048,0,0,0,1],"scale":1.06289995,"type":"tro_mix_thin_wall"}
{"ctxid":0,"pos":[-81.8553009,-105.455002,144.871994],"rotationMatrix":[-0.806900501,0.590830803,0,-0.590830803,-0.806900501,0,0,0,1],"scale":0.945599973,"type":"tro_mix_thin_wall"}
{"ctxid":0,"pos":[-81.2843018,-99.4035034,144.695007],"rotationMatrix":[0.793918014,-0.608038187,0,0.608038187,0.793918014,0,0,0,1],"scale":1.13499999,"type":"tro_mix_thin_wall"}
{"ctxid":0,"pos":[-70.1976013,-114.948997,145.311005],"rotationMatrix":[-0.683612585,0.729963005,0,-0.729963005,-0.683612585,0,0,0,1],"scale":0.984099984,"type":"tro_mix_thin_wall"}
{"ctxid":0,"pos":[-67.0279999,-110.302002,145.572998],"rotationMatrix":[0.681438327,-0.731869578,0,0.731869578,0.681438327,0,0,0,1],"scale":1.15509999,"type":"tro_mix_thin_wall"}
{"ctxid":0,"pos":[-8.84430027,-186.623001,144.494781],"rotationMatrix":[0.73208797,-0.681199193,0,0.681199193,0.73208797,0,0,0,1],"scale":0.913399994,"type":"tro_mix_thin_wall"}
{"ctxid":0,"pos":[-54.8436966,-124.743042,145.001007],"rotationMatrix":[0.578903377,-0.815423965,0,0.815423965,0.578903377,0,0,0,1],"scale":1.00380003,"type":"tro_mix_thin_wall"}
{"ctxid":0,"pos":[-60.6626587,-127.047348,145.072998],"rotationMatrix":[-0.541707575,0.840588689,0,-0.840588689,-0.541707575,0,0,0,1],"scale":1.1789,"type":"tro_mix_thin_wall"}
{"ctxid":0,"pos":[-5.87109995,-188.787994,144.778],"rotationMatrix":[0.612095714,-0.790782273,0,0.790782273,0.612095714,0,0,0,1],"scale":1.05630004,"type":"tro_mix_thin_wall"}
{"ctxid":0,"pos":[-12.1809998,-192.667007,144.796997],"rotationMatrix":[-0.720883608,0.693102777,0,-0.693102777,-0.720883608,0,0,0,1],"scale":0.905900002,"type":"tro_mix_thin_wall"}
{"ctxid":0,"pos":[-6.09579992,-197.968002,144.451004],"rotationMatrix":[-0.773597717,0.633764088,0,-0.633764088,-0.773597717,0,0,0,1],"scale":0.878199995,"type":"tro_mix_thin_wall"}
{"ctxid":0,"pos":[-6.1243,-249.022995,131.781418],"rotationMatrix":[0.802807987,-0.596223235,0,0.596223235,0.802807987,0,0,0,1],"scale":0.950999975,"type":"tro_mix_thin_wall"}
{"ctxid":0,"pos":[-121.578003,-183.304993,132.091202],"rotationMatrix":[-0.704596519,0.709756196,0,-0.709756196,-0.704596519,0,0,0,1],"scale":0.895900011,"type":"tro_mix_thin_wall"}
{"ctxid":0,"pos":[-98.4070969,-197.397995,131.248657],"rotationMatrix":[0.696735263,-0.717352688,0,0.717352688,0.696735263,0,0,0,1],"scale":0.89230001,"type":"tro_mix_thin_wall"}
{"ctxid":0,"pos":[-93.0046005,-203.494995,132.48732],"rotationMatrix":[0.50419116,-0.863557816,0,0.863557816,0.50419116,0,0,0,1],"scale":1.07000005,"type":"tro_mix_thin_wall"}
{"ctxid":0,"pos":[-86.5082016,-213.610001,132.565094],"rotationMatrix":[0.57771945,-0.816255808,0,0.816255808,0.57771945,0,0,0,1],"scale":0.851300001,"type":"tro_mix_thin_wall"}
{"ctxid":0,"pos":[-82.5549011,-223.332993,132.682266],"rotationMatrix":[0.189480841,-0.98189187,0,0.98189187,0.189480841,0,0,0,1],"scale":1.00660002,"type":"tro_mix_thin_wall"}
{"ctxid":0,"pos":[-88.450798,-219.085999,132.697174],"rotationMatrix":[0.825004697,-0.565155447,0,0.565155447,0.825004697,0,0,0,1],"scale":1.16980004,"type":"tro_mix_thin_wall"}
{"ctxid":0,"pos":[-91.8880997,-211.798004,132.60759],"rotationMatrix":[-0.15185833,-0.98839134,0,0.98839134,-0.15185833,0,0,0,1],"scale":0.907599986,"type":"tro_mix_thin_wall"}
{"ctxid":0,"pos":[-93.1123962,-247.451996,132.749847],"rotationMatrix":[-0.504071712,0.863731205,0,-0.863731205,-0.504071712,0,0,0,1],"scale":1.19070005,"type":"tro_mix_thin_wall"}
{"ctxid":0,"pos":[-145.746002,-42.141201,159.412994],"rotationMatrix":[-0.874047995,-0.48574239,0,0.48574239,-0.874047995,0,0,0,1],"scale":0.96390003,"type":"tro_mix_thin_wall"}
{"ctxid":0,"pos":[-153.325287,-47.1818924,157.530243],"rotationMatrix":[-0.803323627,-0.588063061,-0.0927175805,0.594951212,-0.787503898,-0.160058439,0.0211090073,-0.183741152,0.982743442],"scale":1.11740005,"type":"tro_mix_thin_wall"}
{"ctxid":0,"pos":[-160.09465,-54.8057594,155.682632],"rotationMatrix":[-0.604473233,-0.792719245,-0.079370074,0.79631412,-0.598154962,-0.0904746875,0.0242454261,-0.11789304,0.992730975],"scale":1.0747,"type":"tro_mix_thin_wall"}
{"ctxid":0,"pos":[-164.783997,-48.4822006,155.957993],"rotationMatrix":[0.718013406,0.693249404,0.0616933219,-0.694576442,0.71938014,8.37612897e-05,-0.0443211608,-0.0429151207,0.998094976],"scale":0.925599992,"type":"tro_mix_thin_wall"}
{"ctxid":0,"pos":[-169.518005,-55.6801987,154.977188],"rotationMatrix":[0.602246404,0.798295319,0,-0.798295319,0.602246404,0,0,0,1],"scale":1.12559998,"type":"tro_mix_thin_wall"}
{"ctxid":0,"pos":[-155.852005,-41.9151993,158.457993],"rotationMatrix":[0.879327595,0.475247741,0.0307584796,-0.475539744,0.879703939,0.00253415992,-0.0258544814,-0.0168538392,0.999523699],"scale":0.950500011,"type":"tro_mix_thin_wall"}
{"ctxid":0,"pos":[-171.141998,-9.54129982,177.722],"rotationMatrix":[0.715289414,0.698835075,0,-0.698835075,0.715289414,0,0,0,1],"scale":0.891499996,"type":"tro_mix_thin_wall"}
{"ctxid":0,"pos":[-180.850006,-19.2754002,175.817001],"rotationMatrix":[0.684940815,0.728629053,0,-0.728629053,0.684940815,0,0,0,1],"scale":0.967899978,"type":"tro_mix_thin_wall"}
{"ctxid":0,"pos":[-172.416,-29.6023998,174.988998],"rotationMatrix":[-0.907104373,-0.420676172,0,0.420676172,-0.907104373,0,0,0,1],"scale":0.988699973,"type":"tro_mix_thin_wall"}
{"ctxid":0,"pos":[-178.897003,-34.9682007,173.860992],"rotationMatrix":[-0.457265973,-0.889451265,0,0.889451265,-0.457265973,0,0,0,1],"scale":1.06760001,"type":"tro_mix_thin_wall"}
{"ctxid":0,"pos":[-169.522003,-75.1240005,152.582993],"rotationMatrix":[-0.531600118,0.846921802,0,-0.846921802,-0.531600118,0,0,0,1],"scale":1.06359994,"type":"tro_mix_thin_wall"}
{"ctxid":0,"pos":[-158.405045,-72.4079285,150.93335],"rotationMatrix":[0.976281583,-0.216514975,0,0.216514975,0.976281583,0,0,0,1],"scale":0.922200024,"type":"tro_mix_thin_wall"}
{"ctxid":0,"pos":[-164.348709,-68.0284653,152.835938],"rotationMatrix":[0.434615999,-0.886763811,-0.157566071,0.897980988,0.440113723,0,0.0693469867,-0.141491339,0.987508416],"scale":0.696663737,"type":"tro_mix_thin_wall"}
{"ctxid":0,"pos":[-127.975998,-79.5207977,146.524002],"rotationMatrix":[0.959671974,-0.281131595,0,0.281131595,0.959671974,0,0,0,1],"scale":0.899399996,"type":"tro_mix_thin_wall"}
{"ctxid":0,"pos":[-233.962997,-12.4945002,183.020996],"rotationMatrix":[-0.713470697,0.700864315,0,-0.700864315,-0.713470697,0,0,0,1],"scale":1.1846,"type":"tro_mix_thin_wall"}
{"ctxid":0,"pos":[-241.688004,-8.69970036,183.209],"rotationMatrix":[-0.983235359,0.183227196,0,-0.183227196,-0.983235359,0,0,0,1],"scale":0.842599988,"type":"tro_mix_thin_wall"}
{"ctxid":0,"pos":[-238.097,-23.4139004,181.658005],"rotationMatrix":[0.959444463,0.281895012,0,-0.281895012,0.959444463,0,0,0,1],"scale":1.17830002,"type":"tro_mix_thin_wall"}
{"ctxid":0,"pos":[-247.363998,-24.6039009,180.671997],"rotationMatrix":[0.998318017,0.0579767972,0,-0.0579767972,0.998318017,0,0,0,1],"scale":1.13750005,"type":"tro_mix_thin_wall"}
{"ctxid":0,"pos":[-224.438004,-24.1254005,183.940994],"rotationMatrix":[-0.427374005,-0.904104948,0,0.904104948,-0.427374005,0,0,0,1],"scale":1.19089997,"type":"tro_mix_thin_wall"}
{"ctxid":0,"pos":[-231.455994,-31.7556,182.345993],"rotationMatrix":[-0.918448687,-0.395481735,0,0.395481735,-0.918448687,0,0,0,1],"scale":1.18280005,"type":"tro_mix_thin_wall"}
{"ctxid":0,"pos":[-240.772003,-33.5079002,181.283005],"rotationMatrix":[-0.999200225,-0.035192959,0,0.035192959,-0.999200225,0,0,0,1],"scale":1.19659996,"type":"tro_mix_thin_wall"}
{"ctxid":0,"pos":[-227.621002,-58.9213982,164.546005],"rotationMatrix":[0.743815184,0.668413997,0,-0.668413997,0.743815184,0,0,0,1],"scale":0.871599972,"type":"tro_mix_thin_wall"}
{"ctxid":0,"pos":[-197.535995,-40.4096985,170.514008],"rotationMatrix":[0.575326741,0.81791997,0,-0.81791997,0.575326741,0,0,0,1],"scale":0.82130003,"type":"tro_mix_thin_wall"}
{"ctxid":0,"pos":[-201.949005,-43.7106018,169.117004],"rotationMatrix":[0.893093109,0.449868947,0,-0.449868947,0.893093109,0,0,0,1],"scale":0.891600013,"type":"tro_mix_thin_wall"}
{"ctxid":0,"pos":[-218.326004,-54.0768013,165.811996],"rotationMatrix":[0.976325095,0.216316164,0,-0.216316164,0.976325095,0,0,0,1],"scale":0.810199976,"type":"tro_mix_thin_wall"}
{"ctxid":0,"pos":[-213.162994,-51.2422981,166.548996],"rotationMatrix":[0.79430306,0.607534051,0,-0.607534051,0.79430306,0,0,0,1],"scale":1.1027,"type":"tro_mix_thin_wall"}
{"ctxid":0,"pos":[-233.264008,-59.5568008,163.714996],"rotationMatrix":[0.99791342,0.0645677,0,-0.0645677,0.99791342,0,0,0,1],"scale":0.962700009,"type":"tro_mix_thin_wall"}
{"ctxid":0,"pos":[-230.625,-94.106102,151.022003],"rotationMatrix":[0.44179827,0.897053361,0,-0.897053361,0.44179827,0,0,0,1],"scale":0.859200001,"type":"tro_mix_thin_wall"}
{"ctxid":0,"pos":[-223.143997,-83.5478973,151.768997],"rotationMatrix":[0.703241944,0.710925102,0,-0.710925102,0.703241944,0,0,0,1],"scale":0.912699997,"type":"tro_mix_thin_wall"}
{"ctxid":0,"pos":[-217.296997,-77.3190002,152.216003],"rotationMatrix":[0.672273934,0.740298212,0,-0.740298212,0.672273934,0,0,0,1],"scale":1.13380003,"type":"tro_mix_thin_wall"}
{"ctxid":0,"pos":[-218.511993,-88.1296997,151.139999],"rotationMatrix":[-0.655836105,-0.755035043,0,0.755035043,-0.655836105,0,0,0,1],"scale":0.82889998,"type":"tro_mix_thin_wall"}
{"ctxid":0,"pos":[-213.100006,-81.9962997,152.156006],"rotationMatrix":[-0.792481661,-0.609674752,0,0.609674752,-0.792481661,0,0,0,1],"scale":0.934899986,"type":"tro_mix_thin_wall"}
{"ctxid":0,"pos":[-212.153,-86.6476974,149.570999],"rotationMatrix":[-0.886070371,-0.463603139,0,0.463603139,-0.886070371,0,0,0,1],"scale":1.10099995,"type":"tro_mix_thin_wall"}
{"ctxid":0,"pos":[-206.723999,-78.7397003,151.873001],"rotationMatrix":[-0.884517074,-0.4663243,0,0.4663243,-0.884517074,0,0,0,1],"scale":0.974399984,"type":"tro_mix_thin_wall"}
{"ctxid":0,"pos":[-235.671005,-101.926003,151.020996],"rotationMatrix":[0.443487585,0.896222472,0,-0.896222472,0.443487585,0,0,0,1],"scale":1.04120004,"type":"tro_mix_thin_wall"}
{"ctxid":0,"pos":[-247.847,-124.220001,152.623001],"rotationMatrix":[0.857848883,0.513898194,0,-0.513898194,0.857848883,0,0,0,1],"scale":0.897899985,"type":"tro_mix_thin_wall"}
{"ctxid":0,"pos":[-220.298996,-104.962997,147.615997],"rotationMatrix":[-0.438886523,-0.898583055,0,0.898583055,-0.438886523,0,0,0,1],"scale":0.927699983,"type":"tro_mix_thin_wall"}
{"ctxid":0,"pos":[-222.063995,-115.857002,146.595001],"rotationMatrix":[-0.47782433,-0.87833935,0,0.87833935,-0.47782433,0,0,0,1],"scale":1.17789996,"type":"tro_mix_thin_wall"}
{"ctxid":0,"pos":[-212.975998,-110.880997,143.835999],"rotationMatrix":[-0.865152836,-0.501584589,0,0.501584589,-0.865152836,0,0,0,1],"scale":0.825299978,"type":"tro_mix_thin_wall"}
{"ctxid":0,"pos":[-212.654999,-95.495903,147.041],"rotationMatrix":[-0.858591914,-0.51284802,0,0.51284802,-0.858591914,0,0,0,1],"scale":1.06889999,"type":"tro_mix_thin_wall"}
{"ctxid":0,"pos":[-213.848007,-106.310997,144.979004],"rotationMatrix":[0.773266196,-0.634073436,0,0.634073436,0.773266196,0,0,0,1],"scale":0.851300001,"type":"tro_mix_thin_wall"}
{"ctxid":0,"pos":[-202.686005,-120.949997,142.272003],"rotationMatrix":[-0.160983205,-0.986965299,0,0.986965299,-0.160983205,0,0,0,1],"scale":1.19939995,"type":"tro_mix_thin_wall"}
{"ctxid":0,"pos":[-208.106003,-121.032997,143.192993],"rotationMatrix":[0.359967053,-0.932952404,0,0.932952404,0.359967053,0,0,0,1],"scale":0.864300013,"type":"tro_mix_thin_wall"}
{"ctxid":0,"pos":[-207.080002,-113.262001,143.574005],"rotationMatrix":[-0.547392249,-0.836851418,0,0.836851418,-0.547392249,0,0,0,1],"scale":0.962700009,"type":"tro_mix_thin_wall"}
{"ctxid":0,"pos":[-235.145996,-83.6440964,161.962006],"rotationMatrix":[-0.892206788,-0.451524764,-5.56185842e-05,0.445271581,-0.879829764,-0.165954769,0.074885577,-0.148098409,0.986133039],"scale":1.00129998,"type":"tro_mix_thin_wall"}
{"ctxid":0,"pos":[-185.059998,-139.153,135.742996],"rotationMatrix":[0.995786369,0.0916990191,0,-0.0916990191,0.995786369,0,0,0,1],"scale":1.15610003,"type":"tro_mix_thin_wall"}
{"ctxid":0,"pos":[-161.494003,-155.988663,133.666],"rotationMatrix":[-0.915315986,0.402791768,0,-0.402791768,-0.915315986,0,0,0,1],"scale":0.985800028,"type":"tro_mix_thin_wall"}
{"ctxid":0,"pos":[-176.783005,-140.860992,135.188995],"rotationMatrix":[0.963873267,-0.266353905,0,0.266353905,0.963873267,0,0,0,1],"scale":1.05620003,"type":"tro_mix_thin_wall"}
{"ctxid":0,"pos":[-167.292999,-141.431,134.723007],"rotationMatrix":[0.990887523,0.134689495,0,-0.134689495,0.990887523,0,0,0,1],"scale":0.97390002,"type":"tro_mix_thin_wall"}
{"ctxid":0,"pos":[-129.507355,-160.048569,132.153244],"rotationMatrix":[0.771440566,-0.636338711,0,0.636338711,0.771440566,0,0,0,1],"scale":1.09169996,"type":"tro_mix_thin_wall"}
{"ctxid":0,"pos":[-143.039886,-151.750198,132.617004],"rotationMatrix":[0.788879991,-0.61458087,0,0.61458087,0.788879991,0,0,0,1],"scale":1.03779995,"type":"tro_mix_thin_wall"}
{"ctxid":0,"pos":[-240.429993,-127.693001,151.557007],"rotationMatrix":[-0.863222122,-0.504799604,0,0.504799604,-0.863222122,0,0,0,1],"scale":0.995500028,"type":"tro_mix_thin_wall"}
{"ctxid":0,"pos":[-246.653,-133.662003,151.078995],"rotationMatrix":[-0.58918786,-0.808143198,0,0.808143198,-0.58918786,0,0,0,1],"scale":1.18270004,"type":"tro_mix_thin_wall"}
{"ctxid":0,"pos":[-211.496002,-147.658005,138.326004],"rotationMatrix":[0.930956721,0.36513415,0,-0.36513415,0.930956721,0,0,0,1],"scale":1.05920005,"type":"tro_mix_thin_wall"}
{"ctxid":0,"pos":[-196.136002,-141.289993,137.421997],"rotationMatrix":[0.970329523,0.241797358,0,-0.241797358,0.970329523,0,0,0,1],"scale":1.01289999,"type":"tro_mix_thin_wall"}
{"ctxid":0,"pos":[-208.466003,-140.875,138.942993],"rotationMatrix":[-0.231508136,0.972871006,0,-0.972871006,-0.231508136,0,0,0,1],"scale":1.09669995,"type":"tro_mix_thin_wall"}
{"ctxid":0,"pos":[-200.895004,-137.576004,138.569],"rotationMatrix":[0.184380114,-0.982805431,0,0.982805431,0.184380114,0,0,0,1],"scale":0.926100016,"type":"tro_mix_thin_wall"}
{"ctxid":0,"pos":[-195.145004,-133.740005,139.016006],"rotationMatrix":[0.377941489,-0.925893486,0,0.925893486,0.377941489,0,0,0,1],"scale":1.08840001,"type":"tro_mix_thin_wall"}
{"ctxid":0,"pos":[-201.513,-129.093002,141.623001],"rotationMatrix":[0.133545458,-0.99098593,0,0.99098593,0.133545458,0,0,0,1],"scale":0.863699973,"type":"tro_mix_thin_wall"}
{"ctxid":0,"pos":[-211.755005,-135.085999,140.662003],"rotationMatrix":[-0.504765511,0.863236427,0,-0.863236427,-0.504765511,0,0,0,1],"scale":1.06819999,"type":"tro_mix_thin_wall"}
{"ctxid":0,"pos":[-202.828003,-145.509003,136.856003],"rotationMatrix":[0.970959485,0.239240691,0,-0.239240691,0.970959485,0,0,0,1],"scale":1.22689998,"type":"tro_mix_thin_wall"}
{"ctxid":0,"pos":[-236.167007,-236.845001,132.46405],"rotationMatrix":[0.998015523,0.0629685,0,-0.0629685,0.998015523,0,0,0,1],"scale":0.864000022,"type":"tro_mix_thin_wall"}
{"ctxid":0,"pos":[-245.074005,-235.932007,132.314896],"rotationMatrix":[0.985035479,-0.172359884,0,0.172359884,0.985035479,0,0,0,1],"scale":1.14460003,"type":"tro_mix_thin_wall"}
{"ctxid":0,"pos":[-242.518997,-248.744003,132.435669],"rotationMatrix":[-1,0.0046000001,0,-0.0046000001,-1,0,0,0,1],"scale":0.832799971,"type":"tro_mix_thin_wall"}
{"ctxid":0,"pos":[-224.753998,-234.225998,132.173904],"rotationMatrix":[0.743815184,0.668413997,0,-0.668413997,0.743815184,0,0,0,1],"scale":1.15390003,"type":"tro_mix_thin_wall"}
{"ctxid":0,"pos":[-222.830002,-224.494003,132.048843],"rotationMatrix":[0.665601611,0.746324241,0,-0.746324241,0.665601611,0,0,0,1],"scale":0.870899975,"type":"tro_mix_thin_wall"}
{"ctxid":0,"pos":[-44.4557991,-362.832001,132.354767],"rotationMatrix":[0.934695005,-0.355436921,0,0.355436921,0.934695005,0,0,0,1],"scale":1.07799995,"type":"tro_mix_thin_wall"}
{"ctxid":0,"pos":[-56.3866997,-354.944,132.784332],"rotationMatrix":[0.731941581,-0.681385338,0,0.681385338,0.731941581,0,0,0,1],"scale":1.1027,"type":"tro_mix_thin_wall"}
{"ctxid":0,"pos":[-87.1977005,-255.445999,132.704681],"rotationMatrix":[-0.506847858,0.861923933,0,-0.861923933,-0.506847858,0,0,0,1],"scale":1.00999999,"type":"tro_mix_thin_wall"}
{"ctxid":0,"pos":[-88.0186996,-262.608002,132.489166],"rotationMatrix":[0.482855558,0.87573868,0,-0.87573868,0.482855558,0,0,0,1],"scale":1.10899997,"type":"tro_mix_thin_wall"}
{"ctxid":0,"pos":[-117.627998,-296.210999,132.804688],"rotationMatrix":[0.845431983,-0.534093618,0,0.534093618,0.845431983,0,0,0,1],"scale":1.14300001,"type":"tro_mix_thin_wall"}
{"ctxid":0,"pos":[-95.865097,-337.550995,132.644241],"rotationMatrix":[-0.403817773,0.914877653,0,-0.914877653,-0.403817773,0,0,0,1],"scale":0.833100021,"type":"tro_mix_thin_wall"}
{"ctxid":0,"pos":[-74.2782974,-372.764008,132.564896],"rotationMatrix":[-0.807660937,0.589624107,0,-0.589624107,-0.807660937,0,0,0,1],"scale":0.979700029,"type":"tro_mix_thin_wall"}
{"ctxid":0,"pos":[-75.1252975,-372.855011,132.519608],"rotationMatrix":[0.794170797,-0.607674181,0.000748600112,0.607644498,0.794118524,-0.0109374998,0.00605235994,0.00914101955,0.999939919],"scale":0.978500009,"type":"tro_mix_thin_wall"}
{"ctxid":0,"pos":[-65.8115005,-374.024994,132.454575],"rotationMatrix":[-0.976072073,0.216890797,0,-0.216890797,-0.976072073,0,0,0,1],"scale":1.13030005,"type":"tro_mix_thin_wall"}
{"ctxid":0,"pos":[-40.3148994,-384.85199,132.247894],"rotationMatrix":[-0.873660684,0.486853719,0,-0.486853719,-0.873660684,0,0,0,1],"scale":0.938600004,"type":"tro_mix_thin_wall"}
{"ctxid":0,"pos":[-48.2761993,-381.653015,132.324158],"rotationMatrix":[-0.984031916,0.178483188,0,-0.178483188,-0.984031916,0,0,0,1],"scale":0.827499986,"type":"tro_mix_thin_wall"}
{"ctxid":0,"pos":[-190.082001,-262.488007,132.772827],"rotationMatrix":[-0.974084496,-0.225325793,0,0.225325793,-0.974084496,0,0,0,1],"scale":1.12750006,"type":"tro_mix_thin_wall"}
{"ctxid":0,"pos":[-182.023148,-265.59848,132.787491],"rotationMatrix":[-0.422309756,0.906378865,0,-0.906378865,-0.422309756,0,0,0,1],"scale":0.986599982,"type":"tro_mix_thin_wall"}
{"ctxid":0,"pos":[-127.679001,-285.950989,132.807129],"rotationMatrix":[0.720247984,-0.693695247,0,0.693695247,0.720247984,0,0,0,1],"scale":0.9921,"type":"tro_mix_thin_wall"}
{"ctxid":0,"pos":[-130.817001,-278.106995,132.791611],"rotationMatrix":[-0.0990513563,-0.995121062,0,0.995121062,-0.0990513563,0,0,0,1],"scale":1.05270004,"type":"tro_mix_thin_wall"}
{"ctxid":0,"pos":[-130.082993,-300.109009,132.817261],"rotationMatrix":[-0.710880041,0.703293979,0,-0.703293979,-0.710880041,0,0,0,1],"scale":0.934499979,"type":"tro_mix_thin_wall"}
{"ctxid":0,"pos":[-139.126999,-294.557007,133.012848],"rotationMatrix":[-0.988416791,0.150960937,0,-0.150960937,-0.988416791,0,0,0,1],"scale":1.18830001,"type":"tro_mix_thin_wall"}
{"ctxid":0,"pos":[-196.164993,-263.98999,132.16748],"rotationMatrix":[-0.177191615,-0.984164119,0,0.984164119,-0.177191615,0,0,0,1],"scale":0.883099973,"type":"tro_mix_thin_wall"}
{"ctxid":0,"pos":[-269.536011,-4.69420004,188.518005],"rotationMatrix":[-0.991209626,-0.130911365,0,0.130911365,-0.991209626,0,0,0,1],"scale":1.05550003,"type":"tro_mix_thin_wall"}
{"ctxid":0,"pos":[-280.252991,-5.06850004,190.697998],"rotationMatrix":[-0.955055237,-0.296214521,0,0.296214521,-0.955055237,0,0,0,1],"scale":0.932299972,"type":"tro_mix_thin_wall"}
{"ctxid":0,"pos":[-294.268005,-6.30760002,193.014999],"rotationMatrix":[-0.997600794,-0.0715570375,0,0.0715570375,-0.997600794,0,0,0,1],"scale":0.917100012,"type":"tro_mix_thin_wall"}
{"ctxid":0,"pos":[-250.873993,-33.4910011,180.242996],"rotationMatrix":[-0.998000383,0.0655671954,0,-0.0655671954,-0.998000383,0,0,0,1],"scale":0.903999984,"type":"tro_mix_thin_wall"}
{"ctxid":0,"pos":[-259.084015,-34.5467987,179.264008],"rotationMatrix":[-0.980846047,-0.194263026,0,0.194263026,-0.980846047,0,0,0,1],"scale":0.909300029,"type":"tro_mix_thin_wall"}
{"ctxid":0,"pos":[-267.799011,-34.4305992,178.679001],"rotationMatrix":[-0.988815784,0.149181128,0,-0.149181128,-0.988815784,0,0,0,1],"scale":1.06050003,"type":"tro_mix_thin_wall"}
{"ctxid":0,"pos":[-276.082001,-36.3893013,177.669998],"rotationMatrix":[-0.845120549,-0.534614265,0,0.534614265,-0.845120549,0,0,0,1],"scale":1.1056,"type":"tro_mix_thin_wall"}
{"ctxid":0,"pos":[-310.744995,-44.6477013,175.192001],"rotationMatrix":[-0.826342821,-0.562848389,0,0.562848389,-0.826342821,0,0,0,1],"scale":1.10469997,"type":"tro_mix_thin_wall"}
{"ctxid":0,"pos":[-296.631012,-37.2085991,177.735992],"rotationMatrix":[-0.934544563,-0.355633616,0,0.355633616,-0.934544563,0,0,0,1],"scale":0.803600013,"type":"tro_mix_thin_wall"}
{"ctxid":0,"pos":[-288.022003,-34.2974014,178.037003],"rotationMatrix":[-0.998800278,-0.0483854786,0,0.0483854786,-0.998800278,0,0,0,1],"scale":0.82889998,"type":"tro_mix_thin_wall"}
{"ctxid":0,"pos":[-281.238007,-35.5138016,177.675003],"rotationMatrix":[-0.985625863,0.167993039,0,-0.167993039,-0.985625863,0,0,0,1],"scale":0.940500021,"type":"tro_mix_thin_wall"}
{"ctxid":0,"pos":[-257.171997,-74.2455978,161.401993],"rotationMatrix":[0.60319531,0.796732962,0.0375887603,-0.797619164,0.602525353,0.0284219179,-5.43892384e-06,-0.0471245199,0.998889089],"scale":0.997399986,"type":"tro_mix_thin_wall"}
{"ctxid":0,"pos":[-255.445007,-64.4209976,163.764999],"rotationMatrix":[0.838460684,0.544981956,0,-0.544981956,0.838460684,0,0,0,1],"scale":0.958500028,"type":"tro_mix_thin_wall"}
{"ctxid":0,"pos":[-256.923004,-103.174004,161.425003],"rotationMatrix":[-0.776989579,-0.629279733,0,0.629279733,-0.776989579,0,0,0,1],"scale":1.02520001,"type":"tro_mix_thin_wall"}
{"ctxid":0,"pos":[-264.606995,-110.079002,161.432999],"rotationMatrix":[-0.795133471,-0.606525481,0,0.606525481,-0.795133471,0,0,0,1],"scale":0.861699998,"type":"tro_mix_thin_wall"}
{"ctxid":0,"pos":[-273.175995,-117.221001,161.442001],"rotationMatrix":[-0.780384421,-0.625351787,0,0.625351787,-0.780384421,0,0,0,1],"scale":1.05840003,"type":"tro_mix_thin_wall"}
{"ctxid":0,"pos":[-281.454987,-123.753998,161.406006],"rotationMatrix":[-0.918840528,-0.394346684,0,0.394346684,-0.918840528,0,0,0,1],"scale":1.00030005,"type":"tro_mix_thin_wall"}
{"ctxid":0,"pos":[-264.876007,-79.802803,160.751007],"rotationMatrix":[0.803952456,0.594055474,0.0280750003,-0.594718516,0.803058505,0.0379052013,-3.02009284e-05,-0.0471699983,0.998886943],"scale":1.07700002,"type":"tro_mix_thin_wall"}
{"ctxid":0,"pos":[-270.239014,-92.745903,161.214005],"rotationMatrix":[0.310157418,0.950721264,0,-0.950721264,0.310157418,0,0,0,1],"scale":1.06959999,"type":"tro_mix_thin_wall"}
{"ctxid":0,"pos":[-277.588013,-105.098,161.197006],"rotationMatrix":[0.777155161,0.629279733,0,-0.629279733,0.777155161,0,0,0,1],"scale":1.13129997,"type":"tro_mix_thin_wall"}
{"ctxid":0,"pos":[-284.128998,-108.279999,161.182999],"rotationMatrix":[0.95132798,0.308193594,0,-0.308193594,0.95132798,0,0,0,1],"scale":0.92930001,"type":"tro_mix_thin_wall"}
{"ctxid":0,"pos":[-343.907013,-11.7579002,200.212006],"rotationMatrix":[0.99485904,0.101268187,0,-0.101268187,0.99485904,0,0,0,1],"scale":0.878000021,"type":"tro_mix_thin_wall"}
{"ctxid":0,"pos":[-351.688995,-12.4258003,200.932007],"rotationMatrix":[0.930435479,0.366472512,0,-0.366472512,0.930435479,0,0,0,1],"scale":1.01320004,"type":"tro_mix_thin_wall"}
{"ctxid":0,"pos":[-361.196014,-14.1308002,201.472],"rotationMatrix":[0.999823272,-0.0187999997,0,0.0187999997,0.999823272,0,0,0,1],"scale":0.969699979,"type":"tro_mix_thin_wall"}
{"ctxid":0,"pos":[-366.944916,-14.6310196,201.448364],"rotationMatrix":[0.999227524,-0.0393010229,0,0.0391817205,0.996194243,-0.0778586045,0.00305992272,0.0777984634,0.996964395],"scale":1.12639999,"type":"tro_mix_thin_wall"}
{"ctxid":0,"pos":[-361.82901,-23.7255993,201.438004],"rotationMatrix":[-0.999200225,-0.0425914787,0,0.0425914787,-0.999200225,0,0,0,1],"scale":1.14110005,"type":"tro_mix_thin_wall"}
{"ctxid":0,"pos":[-373.007996,-23.6331005,202.052994],"rotationMatrix":[-0.999599934,0.0293970592,0,-0.0293970592,-0.999599934,0,0,0,1],"scale":0.93720001,"type":"tro_mix_thin_wall"}
{"ctxid":0,"pos":[-350.45401,-24.2556,200.216995],"rotationMatrix":[-0.943209052,0.332772315,0,-0.332772315,-0.943209052,0,0,0,1],"scale":0.953599989,"type":"tro_mix_thin_wall"}
{"ctxid":0,"pos":[-330.483002,-9.15439987,199.563004],"rotationMatrix":[0.941244066,0.337726533,0,-0.337726533,0.941244066,0,0,0,1],"scale":0.860800028,"type":"tro_mix_thin_wall"}
{"ctxid":0,"pos":[-314.786011,-11.1805,196.658005],"rotationMatrix":[-0.937193036,-0.304745048,0.168947503,0.290408641,-0.951042295,-0.104514144,0.192550316,-0.0488962606,0.980066776],"scale":0.946099997,"type":"tro_mix_thin_wall"}
{"ctxid":0,"pos":[-331.670013,-17.4248009,200.358002],"rotationMatrix":[-0.947153807,-0.320282817,0,0.320282817,-0.947153807,0,0,0,1],"scale":1.02170002,"type":"tro_mix_thin_wall"}
{"ctxid":0,"pos":[-327.660004,-58.9259987,173.205994],"rotationMatrix":[-0.70644331,-0.707738936,0,0.707738936,-0.70644331,0,0,0,1],"scale":0.834100008,"type":"tro_mix_thin_wall"}
{"ctxid":0,"pos":[-344.057007,-59.8757019,170.100006],"rotationMatrix":[0.843982995,0.536367714,0,-0.536367714,0.843982995,0,0,0,1],"scale":1.01400006,"type":"tro_mix_thin_wall"}
{"ctxid":0,"pos":[-371.615997,-76.7591019,165.037994],"rotationMatrix":[0.826539516,0.562907279,0,-0.562907279,0.826539516,0,0,0,1],"scale":1.13629997,"type":"tro_mix_thin_wall"}
{"ctxid":0,"pos":[-364.938995,-83.171402,165.563995],"rotationMatrix":[-0.923152685,-0.384199053,0,0.384199053,-0.923152685,0,0,0,1],"scale":1.06420004,"type":"tro_mix_thin_wall"}
{"ctxid":0,"pos":[-373.130005,-89.7284012,164.570007],"rotationMatrix":[-0.630818009,-0.77603817,0,0.77603817,-0.630818009,0,0,0,1],"scale":1.19029999,"type":"tro_mix_thin_wall"}
{"ctxid":0,"pos":[-358.729004,-68.6063995,167.488007],"rotationMatrix":[0.856780469,0.515665233,0,-0.515665233,0.856780469,0,0,0,1],"scale":0.843100011,"type":"tro_mix_thin_wall"}
{"ctxid":0,"pos":[-355.214996,-75.9944992,167.354004],"rotationMatrix":[-0.8343786,-0.551060557,0,0.551060557,-0.8343786,0,0,0,1],"scale":1.13590002,"type":"tro_mix_thin_wall"}
{"ctxid":0,"pos":[-337.57901,-65.3167038,170.378998],"rotationMatrix":[-0.916881919,-0.399627775,0,0.399627775,-0.916881919,0,0,0,1],"scale":1.06939995,"type":"tro_mix_thin_wall"}
{"ctxid":0,"pos":[-347.093994,-72.5442963,169.097],"rotationMatrix":[-0.92080009,-0.389844,0,0.389844,-0.92080009,0,0,0,1],"scale":1.05069995,"type":"tro_mix_thin_wall"}
{"ctxid":0,"pos":[-351.227997,-63.037899,168.897003],"rotationMatrix":[0.898569942,0.438824713,0,-0.438824713,0.898569942,0,0,0,1],"scale":1.15620005,"type":"tro_mix_thin_wall"}
{"ctxid":0,"pos":[-327.259003,-122.355003,156.811005],"rotationMatrix":[0.995411158,0.0956946164,0,-0.0956946164,0.995411158,0,0,0,1],"scale":0.8028,"type":"tro_mix_thin_wall"}
{"ctxid":0,"pos":[-337.98999,-124.566002,155.580002],"rotationMatrix":[0.968147099,0.250380814,0,-0.250380814,0.968147099,0,0,0,1],"scale":0.90140003,"type":"tro_mix_thin_wall"}
{"ctxid":0,"pos":[-315.27301,-119.888,158.507996],"rotationMatrix":[0.9921875,0.124750003,0,-0.124750003,0.9921875,0,0,0,1],"scale":0.916700006,"type":"tro_mix_thin_wall"}
{"ctxid":0,"pos":[-256.612,-125.177002,151.442993],"rotationMatrix":[0.979597986,-0.2009698,0,0.2009698,0.979597986,0,0,0,1],"scale":1.18260002,"type":"tro_mix_thin_wall"}
{"ctxid":0,"pos":[-304.303986,-160.369995,147.061996],"rotationMatrix":[0.782859504,0.622227788,0,-0.622227788,0.782859504,0,0,0,1],"scale":0.989099979,"type":"tro_mix_thin_wall"}
{"ctxid":0,"pos":[-311.213989,-162.348999,146.843994],"rotationMatrix":[0.984441519,0.175712049,0,-0.175712049,0.984441519,0,0,0,1],"scale":1.00639999,"type":"tro_mix_thin_wall"}
{"ctxid":0,"pos":[-286.385986,-157.794998,147.970001],"rotationMatrix":[-0.942814708,-0.332935661,0,0.332935661,-0.942814708,0,0,0,1],"scale":0.825600028,"type":"tro_mix_thin_wall"}
{"ctxid":0,"pos":[-295.292999,-162.283005,147.524994],"rotationMatrix":[-0.861292124,-0.508396924,0,0.508396924,-0.861292124,0,0,0,1],"scale":1.02849996,"type":"tro_mix_thin_wall"}
{"ctxid":0,"pos":[-281.394012,-148.757004,148.580994],"rotationMatrix":[0.918311179,0.395873457,0,-0.395873457,0.918311179,0,0,0,1],"scale":1.11479998,"type":"tro_mix_thin_wall"}
{"ctxid":0,"pos":[-271.552002,-143.720993,149.343994],"rotationMatrix":[0.812727988,0.582624018,0,-0.582624018,0.812727988,0,0,0,1],"scale":0.93629998,"type":"tro_mix_thin_wall"}
{"ctxid":0,"pos":[-262.729004,-136.223007,149.785995],"rotationMatrix":[0.680639684,0.732626617,0,-0.732626617,0.680639684,0,0,0,1],"scale":1.12419999,"type":"tro_mix_thin_wall"}
{"ctxid":0,"pos":[-307.417999,-184.889999,147.044998],"rotationMatrix":[-0.996401787,-0.0827254802,0,0.0827254802,-0.996401787,0,0,0,1],"scale":1.11749995,"type":"tro_mix_thin_wall"}
{"ctxid":0,"pos":[-293.635986,-184.257996,146.195999],"rotationMatrix":[-0.997600794,-0.0689586028,0,0.0689586028,-0.997600794,0,0,0,1],"scale":1.11129999,"type":"tro_mix_thin_wall"}
{"ctxid":0,"pos":[-275.605011,-183.972,144.647003],"rotationMatrix":[-0.981244206,-0.192889139,0,0.192889139,-0.981244206,0,0,0,1],"scale":1.15569997,"type":"tro_mix_thin_wall"}
{"ctxid":0,"pos":[-261.714996,-181.151993,142.772995],"rotationMatrix":[-0.922760487,-0.385336488,0,0.385336488,-0.922760487,0,0,0,1],"scale":0.819500029,"type":"tro_mix_thin_wall"}
{"ctxid":0,"pos":[-262.76001,-172.210999,142.910995],"rotationMatrix":[0.993570209,0.113218553,0,-0.113218553,0.993570209,0,0,0,1],"scale":0.813399971,"type":"tro_mix_thin_wall"}
{"ctxid":0,"pos":[-274.881012,-172.908997,144.699997],"rotationMatrix":[0.950324476,0.311260015,0,-0.311260015,0.950324476,0,0,0,1],"scale":1.07990003,"type":"tro_mix_thin_wall"}
{"ctxid":0,"pos":[-292.977997,-131.955994,159.399002],"rotationMatrix":[-0.984356165,-0.175869495,7.18403608e-05,0.172064364,-0.963142276,-0.20649229,0.0363859236,-0.203261241,0.978447616],"scale":1.00600004,"type":"tro_mix_thin_wall"}
{"ctxid":0,"pos":[-306.062988,-133.710007,159.522995],"rotationMatrix":[-0.987619281,-0.156114548,0,0.156114548,-0.987619281,0,0,0,1],"scale":1.09200001,"type":"tro_mix_thin_wall"}
{"ctxid":0,"pos":[-291.187988,-128.028,161.011993],"rotationMatrix":[-0.921191931,-0.388707668,0,0.388707668,-0.921191931,0,0,0,1],"scale":0.870899975,"type":"tro_mix_thin_wall"}
{"ctxid":0,"pos":[-255.445007,-232.498993,132.661957],"rotationMatrix":[0.882484496,-0.470352978,0,0.470352978,0.882484496,0,0,0,1],"scale":1.10399997,"type":"tro_mix_thin_wall"}
{"ctxid":0,"pos":[-263.921997,-235.319,132.608032],"rotationMatrix":[0.974687517,-0.223582506,0,0.223582506,0.974687517,0,0,0,1],"scale":1.00010002,"type":"tro_mix_thin_wall"}
{"ctxid":0,"pos":[-252.164001,-248.085007,132.514282],"rotationMatrix":[-0.999200225,-0.0371925607,0,0.0371925607,-0.999200225,0,0,0,1],"scale":1.05379999,"type":"tro_mix_thin_wall"}
{"ctxid":0,"pos":[-260.848999,-249.927994,132.549179],"rotationMatrix":[-0.946759105,-0.322223544,0,0.322223544,-0.946759105,0,0,0,1],"scale":1.01709998,"type":"tro_mix_thin_wall"}
{"ctxid":0,"pos":[-307.045013,-237.496994,131.639999],"rotationMatrix":[0.990059495,0.140647501,0,-0.140647501,0.990059495,0,0,0,1],"scale":0.971400023,"type":"tro_mix_thin_wall"}
{"ctxid":0,"pos":[-298.239014,-218.639008,137.287994],"rotationMatrix":[-0.944391966,-0.328337997,0,0.328337997,-0.944391966,0,0,0,1],"scale":0.840600014,"type":"tro_mix_thin_wall"}
{"ctxid":0,"pos":[-292.194,-218.561005,135.724503],"rotationMatrix":[-0.992407203,-0.12316554,0,0.12316554,-0.992407203,0,0,0,1],"scale":1.09000003,"type":"tro_mix_thin_wall"}
{"ctxid":0,"pos":[-283.212006,-221.028,133.209259],"rotationMatrix":[-0.265322447,0.964183927,0,-0.964183927,-0.265322447,0,0,0,1],"scale":0.852699995,"type":"tro_mix_thin_wall"}
{"ctxid":0,"pos":[-308.570007,-206.257996,139.876999],"rotationMatrix":[0.983907819,0.178682402,0,-0.178682402,0.983907819,0,0,0,1],"scale":1.04750001,"type":"tro_mix_thin_wall"}
{"ctxid":0,"pos":[-317.406647,-172.888458,146.678055],"rotationMatrix":[-0.917452395,-0.398008943,0,0.398008943,-0.917452395,0,0,0,1],"scale":0.798973262,"type":"tro_mix_thin_wall"}
{"ctxid":0,"pos":[-318.457001,-175.073563,147.287003],"rotationMatrix":[0.999787807,0.0205979403,0,-0.0205979403,0.999787807,0,0,0,1],"scale":0.817300022,"type":"tro_mix_thin_wall"}
{"ctxid":0,"pos":[-324.934998,-168.412994,147.050003],"rotationMatrix":[0.9223032,0.386473686,0,-0.386473686,0.9223032,0,0,0,1],"scale":1.05229998,"type":"tro_mix_thin_wall"}
{"ctxid":0,"pos":[-335.368988,-171.996002,148.181],"rotationMatrix":[0.997633278,0.0687587261,0,-0.0687587261,0.997633278,0,0,0,1],"scale":0.994799972,"type":"tro_mix_thin_wall"}
{"ctxid":0,"pos":[-330.479004,-186.341003,147.587006],"rotationMatrix":[-0.966144562,-0.258186609,0,0.258186609,-0.966144562,0,0,0,1],"scale":1.15499997,"type":"tro_mix_thin_wall"}
{"ctxid":0,"pos":[-319.433014,-184.856995,147.248001],"rotationMatrix":[-0.994004488,-0.110034704,0,0.110034704,-0.994004488,0,0,0,1],"scale":0.982299984,"type":"tro_mix_thin_wall"}
{"ctxid":0,"pos":[-366.212006,-171.617996,148.451004],"rotationMatrix":[0.925964475,-0.377604216,0,0.377604216,0.925964475,0,0,0,1],"scale":0.96359998,"type":"tro_mix_thin_wall"}
