{"ctxid":0,"pos":[319.765717,-149.864655,159.957535],"rotationMatrix":[0.683887899,-0.729587078,0,0.729587078,0.683887899,0,0,0,1],"scale":0.88436228,"type":"tropical_plant_03_a"}
{"ctxid":0,"pos":[323.6203,-137.593323,160.022919],"rotationMatrix":[-0.968098044,-0.250571728,0,0.250571728,-0.968098044,0,0,0,1],"scale":0.805442393,"type":"tropical_plant_03_a"}
{"ctxid":0,"pos":[321.320435,-122.313522,159.966263],"rotationMatrix":[-0.371466488,0.928446352,0,-0.928446352,-0.371466488,0,0,0,1],"scale":0.863918602,"type":"tropical_plant_03_a"}
{"ctxid":0,"pos":[797.330566,930.645508,148.389893],"rotationMatrix":[0.968830645,0.247723952,0,-0.247723952,0.968830645,0,0,0,1],"scale":0.810344279,"type":"tropical_plant_03_a"}
{"ctxid":0,"pos":[-768.624573,-546.285461,172.13118],"rotationMatrix":[-0.815182567,-0.579204082,0,0.579204082,-0.815182567,0,0,0,1],"scale":0.854944944,"type":"tropical_plant_03_a"}
{"ctxid":0,"pos":[-763.486694,-552.349304,171.664215],"rotationMatrix":[0.994019866,-0.109199122,0,0.109199122,0.994019866,0,0,0,1],"scale":0.722721636,"type":"tropical_plant_03_a"}
{"ctxid":0,"pos":[-754.169678,-550.43335,171.62619],"rotationMatrix":[0.0860123038,0.996294081,0,-0.996294081,0.0860123038,0,0,0,1],"scale":0.85450387,"type":"tropical_plant_03_a"}
{"ctxid":0,"pos":[-750.761841,-547.936584,172.38327],"rotationMatrix":[-0.878295004,-0.478119105,0,0.478119105,-0.878295004,0,0,0,1],"scale":0.716523647,"type":"tropical_plant_03_a"}
{"ctxid":0,"pos":[-742.517761,-552.937012,171.211502],"rotationMatrix":[0.231675461,-0.972793162,0,0.972793162,0.231675461,0,0,0,1],"scale":0.823109031,"type":"tropical_plant_03_a"}
{"ctxid":0,"pos":[-120.86956,-416.333191,130.380112],"rotationMatrix":[-0.0988022685,0.995107114,0,-0.995107114,-0.0988022685,0,0,0,1],"scale":0.848555028,"type":"tropical_plant_03_a"}
{"ctxid":0,"pos":[-116.184174,-413.325989,130.329681],"rotationMatrix":[0.0628441572,-0.998023331,0,0.998023331,0.0628441572,0,0,0,1],"scale":0.767902136,"type":"tropical_plant_03_a"}
{"ctxid":0,"pos":[-118.65715,-409.617615,130.782913],"rotationMatrix":[0.214144081,-0.976802111,0,0.976802111,0.214144081,0,0,0,1],"scale":0.848649085,"type":"tropical_plant_03_a"}
{"ctxid":0,"pos":[-123.747452,-419.041443,130.453552],"rotationMatrix":[-0.760328889,-0.649538279,0,0.649538279,-0.760328889,0,0,0,1],"scale":0.879185915,"type":"tropical_plant_03_a"}
{"ctxid":0,"pos":[-135.130341,-415.408112,131.826218],"rotationMatrix":[-0.672843933,0.73978442,0,-0.73978442,-0.672843933,0,0,0,1],"scale":0.777639985,"type":"tropical_plant_03_a"}
{"ctxid":0,"pos":[-49.6021805,-472.10672,130.723953],"rotationMatrix":[-0.3544164,0.935087681,0,-0.935087681,-0.3544164,0,0,0,1],"scale":0.823504686,"type":"tropical_plant_03_a"}
{"ctxid":0,"pos":[-425.582642,-732.633972,181.848389],"rotationMatrix":[0.223319799,-0.974745095,0,0.974745095,0.223319799,0,0,0,1],"scale":0.78260988,"type":"tropical_plant_03_a"}
{"ctxid":0,"pos":[-553.633545,-467.506714,136.558075],"rotationMatrix":[0.322422296,-0.946595967,0,0.946595967,0.322422296,0,0,0,1],"scale":0.838391781,"type":"tropical_plant_03_a"}
{"ctxid":0,"pos":[-587.538086,-515.056274,138.843918],"rotationMatrix":[-0.614052415,0.789265275,0,-0.789265275,-0.614052415,0,0,0,1],"scale":0.751342177,"type":"tropical_plant_03_a"}
{"ctxid":0,"pos":[612.845154,-876.06427,130.309479],"rotationMatrix":[0.719354212,0.694643438,0,-0.694643438,0.719354212,0,0,0,1],"scale":0.841123104,"type":"tropical_plant_03_a"}
{"ctxid":0,"pos":[466.309509,-139.851364,210.319885],"rotationMatrix":[0.986179888,-0.165678188,0,0.165678188,0.986179888,0,0,0,1],"scale":0.77746731,"type":"tropical_plant_03_a"}
{"ctxid":0,"pos":[442.394684,-180.952377,163.633347],"rotationMatrix":[-0.414616108,-0.90999645,0,0.90999645,-0.414616108,0,0,0,1],"scale":0.781446099,"type":"tropical_plant_03_a"}
{"ctxid":0,"pos":[515.724731,-887.198303,136.852188],"rotationMatrix":[0.602028787,0.798474371,0,-0.798474371,0.602028787,0,0,0,1],"scale":0.712181509,"type":"tropical_plant_03_a"}
{"ctxid":0,"pos":[510.549194,-895.790833,133.994293],"rotationMatrix":[0.830080152,0.557644129,0,-0.557644129,0.830080152,0,0,0,1],"scale":0.827108264,"type":"tropical_plant_03_a"}
{"ctxid":0,"pos":[512.025146,-886.913818,145.912674],"rotationMatrix":[-0.295637399,-0.955300212,0,0.955300212,-0.295637399,0,0,0,1],"scale":0.863036275,"type":"tropical_plant_03_a"}
{"ctxid":0,"pos":[447.949158,-208.086029,159.991608],"rotationMatrix":[-0.800063193,0.599915683,0,-0.599915683,-0.800063193,0,0,0,1],"scale":0.783719301,"type":"tropical_plant_03_a"}
{"ctxid":0,"pos":[-499.315857,-147.854828,156.186966],"rotationMatrix":[-0.248887017,0.968532443,0,-0.968532443,-0.248887017,0,0,0,1],"scale":0.733104408,"type":"tropical_plant_03_a"}
{"ctxid":0,"pos":[-516.405518,-151.143677,146.730057],"rotationMatrix":[0.00128951832,-0.999999166,0,0.999999166,0.00128951832,0,0,0,1],"scale":0.830486834,"type":"tropical_plant_03_a"}
{"ctxid":0,"pos":[-491.17215,-148.794144,158.15303],"rotationMatrix":[0.397733629,-0.917500973,0,0.917500973,0.397733629,0,0,0,1],"scale":0.735314429,"type":"tropical_plant_03_a"}
{"ctxid":0,"pos":[-485.899017,-147.282486,157.484528],"rotationMatrix":[-0.396106541,0.918204486,0,-0.918204486,-0.396106541,0,0,0,1],"scale":0.780844748,"type":"tropical_plant_03_a"}
{"ctxid":0,"pos":[-499.681183,-153.263382,146.52803],"rotationMatrix":[0.940285802,-0.340385705,0,0.340385705,0.940285802,0,0,0,1],"scale":0.839379072,"type":"tropical_plant_03_a"}
{"ctxid":0,"pos":[-277.230225,-746.344299,178.542496],"rotationMatrix":[0.99337709,-0.114899829,0,0.114899829,0.99337709,0,0,0,1],"scale":0.851862013,"type":"tropical_plant_03_a"}
{"ctxid":0,"pos":[-282.908386,-742.564209,179.556625],"rotationMatrix":[0.880983353,-0.473147273,0,0.473147273,0.880983353,0,0,0,1],"scale":0.855630636,"type":"tropical_plant_03_a"}
{"ctxid":0,"pos":[-643.828552,-190.208267,146.222198],"rotationMatrix":[-0.999045968,0.043669723,0,-0.043669723,-0.999045968,0,0,0,1],"scale":0.791136205,"type":"tropical_plant_03_a"}
{"ctxid":0,"pos":[-644.261536,-197.04361,143.465088],"rotationMatrix":[0.918009758,-0.37872985,0.11756584,0.267439961,0.810175478,0.52162385,-0.292803496,-0.447414011,0.845036566],"scale":0.848074257,"type":"tropical_plant_03_a"}
{"ctxid":0,"pos":[-605.708069,-192.973053,150.811462],"rotationMatrix":[-0.291443229,-0.956588149,0,0.956588149,-0.291443229,0,0,0,1],"scale":0.761258841,"type":"tropical_plant_03_a"}
{"ctxid":0,"pos":[-569.656555,-203.996124,145.548782],"rotationMatrix":[-0.976468861,-0.206432313,-0.0624042675,0.214508742,-0.959551334,-0.182338297,-0.0222395882,-0.191433921,0.981253564],"scale":0.850705862,"type":"tropical_plant_03_a"}
{"ctxid":0,"pos":[-574.505798,-212.056076,138.004562],"rotationMatrix":[0.167161852,-0.98592943,0,0.98592943,0.167161852,0,0,0,1],"scale":0.761831284,"type":"tropical_plant_03_a"}
{"ctxid":0,"pos":[-578.987366,-207.666702,145.147705],"rotationMatrix":[-0.361797392,-0.907187104,0.214742631,0.774833381,-0.420705378,-0.471847713,0.51839745,-0.00432351977,0.855128884],"scale":0.897413969,"type":"tropical_plant_03_a"}
{"ctxid":0,"pos":[-577.463562,-214.599121,139.72731],"rotationMatrix":[0.0576720685,0.987990618,-0.143347248,-0.904173732,0.112566009,0.41206646,0.423253834,0.105846092,0.899807096],"scale":0.881490171,"type":"tropical_plant_03_a"}
{"ctxid":0,"pos":[-685.516296,454.541107,129.86145],"rotationMatrix":[0.90134871,0.433093727,0,-0.433093727,0.90134871,0,0,0,1],"scale":0.828456104,"type":"tropical_plant_03_a"}
{"ctxid":0,"pos":[-677.74115,455.711578,129.86145],"rotationMatrix":[0.233270109,-0.97241199,0,0.97241199,0.233270109,0,0,0,1],"scale":0.717884481,"type":"tropical_plant_03_a"}
{"ctxid":0,"pos":[609.014832,-668.903198,132.232849],"rotationMatrix":[-0.988105655,0.151297197,-0.0275010094,-0.153657511,-0.978452802,0.137911201,-0.00604286324,0.140496582,0.990062714],"scale":0.71158129,"type":"tropical_plant_03_a"}
{"ctxid":0,"pos":[603.746094,-671.186462,130.8246],"rotationMatrix":[-0.738758802,0.66931355,0.0790853277,-0.640474677,-0.660661578,-0.391558826,-0.209827006,-0.339919746,0.916748166],"scale":0.844302416,"type":"tropical_plant_03_a"}
{"ctxid":0,"pos":[610.416565,-663.419373,131.810577],"rotationMatrix":[0.391852617,0.916333675,0.0823657662,-0.908071518,0.399593353,-0.125424072,-0.147843108,-0.0256462581,0.988678277],"scale":0.754264951,"type":"tropical_plant_03_a"}
{"ctxid":0,"pos":[611.149353,-667.15155,132.064621],"rotationMatrix":[0.447838783,-0.778040349,0.440560341,0.757043302,0.592129946,0.276165634,-0.475736976,0.209845632,0.854189157],"scale":0.748558998,"type":"tropical_plant_03_a"}
{"ctxid":0,"pos":[618.839233,-660.667542,135.928711],"rotationMatrix":[-0.177630663,-0.963351369,0.201000199,0.963790655,-0.129019976,0.233368829,-0.198883131,0.235175654,0.951387346],"scale":0.882759035,"type":"tropical_plant_03_a"}
{"ctxid":0,"pos":[569.473328,-588.298157,131.988525],"rotationMatrix":[-0.771477103,-0.636257052,0,0.636257052,-0.771477103,0,0,0,1],"scale":0.846314907,"type":"tropical_plant_03_a"}
{"ctxid":0,"pos":[506.30957,-846.145996,129.499115],"rotationMatrix":[0.494974852,0.320940197,-0.807463467,-0.431839168,0.897255301,0.0919122249,0.753999174,0.303200126,0.582713366],"scale":0.837353468,"type":"tropical_plant_03_a"}
{"ctxid":0,"pos":[508.279816,-844.825134,130.67363],"rotationMatrix":[-0.738095522,-0.618275881,-0.270091712,0.380052656,-0.0502340794,-0.92359966,0.557471573,-0.784354031,0.272055209],"scale":0.707228065,"type":"tropical_plant_03_a"}
{"ctxid":0,"pos":[503.464386,-900.138,134.037415],"rotationMatrix":[0.404906929,-0.408328295,-0.818118751,0.536512613,0.830627322,-0.14903824,0.740408361,-0.378584445,0.555400074],"scale":0.885085404,"type":"tropical_plant_03_a"}
{"ctxid":0,"pos":[506.339325,-910.274292,134.827164],"rotationMatrix":[-0.162335515,-0.971902251,-0.17044954,0.87191689,-0.222161651,0.436354101,-0.461960912,-0.0777819902,0.883482933],"scale":0.784616947,"type":"tropical_plant_03_a"}
{"ctxid":0,"pos":[473.341431,-915.87439,138.827087],"rotationMatrix":[-0.775537968,0.586651385,0.233196482,-0.631293595,-0.718933582,-0.290865332,-0.00298376381,-0.372792631,0.927909851],"scale":0.842559218,"type":"tropical_plant_03_a"}
{"ctxid":0,"pos":[477.507141,-909.844116,142.950424],"rotationMatrix":[0.992874503,0.108696833,0.0488388687,-0.101942256,0.562528729,0.820468843,0.061709106,-0.819601357,0.569601297],"scale":0.704960763,"type":"tropical_plant_03_a"}
{"ctxid":0,"pos":[481.851318,-907.64856,143.066376],"rotationMatrix":[0.340860844,0.645277023,0.683689475,-0.920336962,0.0806559324,0.382719696,0.191816688,-0.7596789,0.621364832],"scale":0.745227575,"type":"tropical_plant_03_a"}
{"ctxid":0,"pos":[477.53186,-914.65979,140.000473],"rotationMatrix":[-0.952986717,0.127621919,0.274824053,-0.13412419,-0.990951896,-0.00491728447,0.271710008,-0.0415466726,0.961481929],"scale":0.794667125,"type":"tropical_plant_03_a"}
{"ctxid":0,"pos":[609.593567,-967.998047,138.174408],"rotationMatrix":[0.296116292,-0.933575094,0.201872632,0.953232706,0.302236736,-0.000530324876,-0.0605182201,0.192588657,0.979411662],"scale":0.783465624,"type":"tropical_plant_03_a"}
{"ctxid":0,"pos":[609.783386,-969.697876,132.589569],"rotationMatrix":[0.722012877,-0.554037929,-0.414414376,0.537195325,0.0714333057,0.840427339,-0.436025769,-0.829420865,0.349202454],"scale":0.750885844,"type":"tropical_plant_03_a"}
{"ctxid":0,"pos":[627.930176,-965.889709,144.699585],"rotationMatrix":[0.522117853,-0.589805365,0.616053879,0.105899721,0.761571229,0.639370382,-0.846273005,-0.268586695,0.46009016],"scale":0.849082887,"type":"tropical_plant_03_a"}
{"ctxid":0,"pos":[643.304077,-941.798035,140.707458],"rotationMatrix":[0.233028114,-0.971737027,-0.0377493501,0.225384474,0.0917280912,-0.969942153,0.945991397,0.217515647,0.240389705],"scale":0.807998478,"type":"tropical_plant_03_a"}
{"ctxid":0,"pos":[600.213074,-874.30542,129.361557],"rotationMatrix":[-0.692025781,-0.703880906,-0.16016154,0.702395797,-0.605381012,-0.374370962,0.16655381,-0.371571213,0.913342595],"scale":0.804063857,"type":"tropical_plant_03_a"}
{"ctxid":0,"pos":[432.150146,-813.250122,128.353348],"rotationMatrix":[-0.999177814,0.0126940375,0.0384988189,-0.0117093707,-0.999601126,0.0256950576,0.0388096422,0.0252231378,0.998928249],"scale":0.894254267,"type":"tropical_plant_03_a"}
{"ctxid":0,"pos":[434.249359,-811.838684,124.923523],"rotationMatrix":[-0.94732821,0.318154067,-0.0366993658,-0.319086045,-0.947445393,0.0230411571,-0.0274400152,0.0335378014,0.99906069],"scale":0.712580681,"type":"tropical_plant_03_a"}
{"ctxid":0,"pos":[442.919189,-820.699524,128.477783],"rotationMatrix":[0.881936729,-0.0759644434,-0.465206414,-0.280464649,0.708650708,-0.647420764,0.378849834,0.701458097,0.603679776],"scale":0.732884586,"type":"tropical_plant_03_a"}
{"ctxid":0,"pos":[442.184479,-822.606384,128.460419],"rotationMatrix":[0.614286244,0.789083362,0,-0.789083362,0.614286244,0,0,0,1],"scale":0.739025414,"type":"tropical_plant_03_a"}
{"ctxid":0,"pos":[601.068054,-712.174561,129.042953],"rotationMatrix":[0.766215146,-0.535973847,0.354466319,0.591344535,0.803987563,-0.0625751913,-0.251447856,0.25755778,0.93297267],"scale":0.775919557,"type":"tropical_plant_03_a"}
{"ctxid":0,"pos":[602.423462,-709.601746,135.974518],"rotationMatrix":[0.854305327,-0.501587808,-0.136279464,0.516292036,0.788612485,0.333965451,-0.0600413233,-0.355668455,0.93268162],"scale":0.875235558,"type":"tropical_plant_03_a"}
{"ctxid":0,"pos":[605.527344,-728.713562,142.181213],"rotationMatrix":[0.672824919,0.514575422,0.531524956,-0.695005476,0.685864389,0.21577169,-0.253523231,-0.51458931,0.819099426],"scale":0.826778293,"type":"tropical_plant_03_a"}
{"ctxid":0,"pos":[845.198853,-779.488647,133.624695],"rotationMatrix":[0.024520874,-0.808221161,0.588368237,0.753101289,-0.372119665,-0.542554319,0.657447398,0.456404805,0.599547863],"scale":0.737763166,"type":"tropical_plant_03_a"}
{"ctxid":0,"pos":[832.547485,-774.774841,136.11734],"rotationMatrix":[-0.192644835,0.715235114,0.671808243,-0.901899099,0.140677869,-0.408396304,-0.386607885,-0.684578836,0.617969275],"scale":0.815969586,"type":"tropical_plant_03_a"}
{"ctxid":0,"pos":[958.880188,-847.28772,130.555038],"rotationMatrix":[0.678431392,0.697069347,0.232002258,-0.643184483,0.41095233,0.646089673,0.355027437,-0.587547779,0.727147222],"scale":0.853318036,"type":"tropical_plant_03_a"}
{"ctxid":0,"pos":[299.489716,-71.6849442,170.80191],"rotationMatrix":[-0.352202356,-0.935923874,0,0.935923874,-0.352202356,0,0,0,1],"scale":0.827935696,"type":"tropical_plant_03_a"}
{"ctxid":0,"pos":[296.003357,-74.1808624,170.639526],"rotationMatrix":[0.990618289,0.136657715,0,-0.136657715,0.990618289,0,0,0,1],"scale":0.76528275,"type":"tropical_plant_03_a"}
{"ctxid":0,"pos":[285.043579,-88.5474014,176.243347],"rotationMatrix":[0.997325897,-0.0730825141,0,0.0730825141,0.997325897,0,0,0,1],"scale":0.827500641,"type":"tropical_plant_03_a"}
{"ctxid":0,"pos":[288.128265,-89.1386948,176.170135],"rotationMatrix":[-0.529615521,0.848237753,0,-0.848237753,-0.529615521,0,0,0,1],"scale":0.751401544,"type":"tropical_plant_03_a"}
{"ctxid":0,"pos":[307.416321,-78.2586365,175.20752],"rotationMatrix":[0.413417727,0.910541534,0,-0.910541534,0.413417727,0,0,0,1],"scale":0.782579541,"type":"tropical_plant_03_a"}
{"ctxid":0,"pos":[310.227814,-77.8583374,175.617279],"rotationMatrix":[-0.535028636,-0.84483397,0,0.84483397,-0.535028636,0,0,0,1],"scale":0.881623268,"type":"tropical_plant_03_a"}
{"ctxid":0,"pos":[704.833191,651.109131,140.816269],"rotationMatrix":[-0.433958769,-0.798877358,0.416502655,0.518360734,-0.599515676,-0.609821796,0.736872852,-0.0487389863,0.67427206],"scale":0.769769073,"type":"tropical_plant_03_a"}
{"ctxid":0,"pos":[708.005737,648.406067,138.362198],"rotationMatrix":[0.826457858,-0.517694294,-0.221269071,0.487129837,0.854585052,-0.179968938,0.282262146,0.0409499556,0.958462894],"scale":0.871169508,"type":"tropical_plant_03_a"}
{"ctxid":0,"pos":[702.004456,655.113525,143.324127],"rotationMatrix":[-0.906812429,-0.347013056,0.239317387,0.275971413,-0.917870998,-0.285223424,0.318638772,-0.192599446,0.928102791],"scale":0.700811863,"type":"tropical_plant_03_a"}
{"ctxid":0,"pos":[700.286926,622.931702,139.612045],"rotationMatrix":[0.955072999,-0.292850494,-0.0455431677,0.295491815,0.952756107,0.0702876151,0.0228077658,-0.0805874318,0.996486545],"scale":0.864519715,"type":"tropical_plant_03_a"}
{"ctxid":0,"pos":[698.158447,623.865051,141.899826],"rotationMatrix":[-0.37763226,-0.803189754,0.460738301,0.923008323,-0.286854267,0.256456494,-0.0738184601,0.522111595,0.849676549],"scale":0.783252656,"type":"tropical_plant_03_a"}
{"ctxid":0,"pos":[694.41394,622.991882,147.028641],"rotationMatrix":[0.662112057,0.745251417,-0.0787898451,-0.732538819,0.665803552,0.141747832,0.158096343,-0.0361363068,0.986762226],"scale":0.89258486,"type":"tropical_plant_03_a"}
{"ctxid":0,"pos":[684.04364,612.848206,144.50943],"rotationMatrix":[-0.99568665,0.012268465,0.0919628218,-0.0181873962,-0.997796535,-0.0638031289,0.0909774378,-0.0652005002,0.99371624],"scale":0.709679186,"type":"tropical_plant_03_a"}
{"ctxid":0,"pos":[688.086243,647.243958,145.183167],"rotationMatrix":[0.635118365,-0.687711716,-0.351677507,0.652290106,0.721379757,-0.232655883,0.413693219,-0.0816317722,0.906749189],"scale":0.845525026,"type":"tropical_plant_03_a"}
{"ctxid":0,"pos":[688.4021,643.585938,143.931885],"rotationMatrix":[0.837084413,-0.486152619,-0.250889122,0.479585797,0.87275964,-0.0910386071,0.263224542,-0.0441158488,0.963725388],"scale":0.766966343,"type":"tropical_plant_03_a"}
{"ctxid":0,"pos":[695.553833,629.474487,143.324005],"rotationMatrix":[0.733918309,-0.615366042,-0.287556052,0.472247303,0.766569078,-0.435148597,0.488207221,0.18356593,0.853204131],"scale":0.704321206,"type":"tropical_plant_03_a"}
{"ctxid":0,"pos":[697.346497,631.47937,140.518188],"rotationMatrix":[0.922962487,0.024182627,-0.384129405,-0.0583781078,0.995273113,-0.0776105076,0.380436838,0.0940563381,0.92001152],"scale":0.893024981,"type":"tropical_plant_03_a"}
{"ctxid":0,"pos":[697.790222,629.178589,140.526871],"rotationMatrix":[-0.873889089,-0.0632886961,0.481987745,0.121181183,-0.988550067,0.0899086371,0.470778912,0.13697803,0.871552765],"scale":0.714589417,"type":"tropical_plant_03_a"}
{"ctxid":0,"pos":[695.467651,631.407471,142.393799],"rotationMatrix":[0.588404894,-0.792286575,-0.161436126,0.671322644,0.58997786,-0.4486112,0.450672388,0.155589283,0.879025817],"scale":0.702313125,"type":"tropical_plant_03_a"}
{"ctxid":0,"pos":[716,581.459717,137.507629],"rotationMatrix":[-0.231665134,-0.972530007,0.0227210224,0.929999471,-0.214561701,0.298435569,-0.285362542,0.0902677327,0.95415926],"scale":0.790135145,"type":"tropical_plant_03_a"}
{"ctxid":0,"pos":[716.421387,584.28418,137.582306],"rotationMatrix":[0.727639437,0.682328463,0.0704891682,-0.66360867,0.726221621,-0.179515094,-0.173679024,0.0838450417,0.981226563],"scale":0.841058493,"type":"tropical_plant_03_a"}
{"ctxid":0,"pos":[728.21936,572.388184,138.481339],"rotationMatrix":[0.568273723,-0.813027799,-0.12669082,0.789043248,0.582108617,-0.196367249,0.233399883,0.0116257817,0.972311318],"scale":0.862795055,"type":"tropical_plant_03_a"}
{"ctxid":0,"pos":[730.937134,570.871094,138.055145],"rotationMatrix":[0.974209011,-0.144356728,0.173429877,0.12198732,0.98352474,0.133409873,-0.189831197,-0.108812846,0.975768328],"scale":0.800389111,"type":"tropical_plant_03_a"}
{"ctxid":0,"pos":[726.215942,568.456604,132.777893],"rotationMatrix":[0.845186472,0.534218669,-0.016437836,-0.497597814,0.797729611,0.340622783,0.195080042,-0.279710352,0.940056324],"scale":0.831522763,"type":"tropical_plant_03_a"}
{"ctxid":0,"pos":[736.866577,577.332092,129.520248],"rotationMatrix":[-0.729866028,0.195384935,0.655072689,-0.546353579,-0.742668629,-0.387222171,0.410844564,-0.640521646,0.648797929],"scale":0.748777092,"type":"tropical_plant_03_a"}
{"ctxid":0,"pos":[742.793823,587.397705,130.774368],"rotationMatrix":[-0.498051286,-0.860010147,-0.111027196,0.699272752,-0.322609305,-0.63791889,0.512798369,-0.395354778,0.76205802],"scale":0.758465528,"type":"tropical_plant_03_a"}
{"ctxid":0,"pos":[734.919495,576.509033,131.431778],"rotationMatrix":[-0.526042938,-0.809342265,0.261234283,0.667645931,-0.583274603,-0.462643564,0.526808441,-0.068958506,0.847182095],"scale":0.830495715,"type":"tropical_plant_03_a"}
{"ctxid":0,"pos":[701.322327,691.215393,145.277969],"rotationMatrix":[0.505872071,0.719832361,-0.475325942,-0.709165156,0.660763383,0.245919779,0.491099,0.212680653,0.844741821],"scale":0.86148268,"type":"tropical_plant_03_a"}
{"ctxid":0,"pos":[697.453186,697.323486,148.424408],"rotationMatrix":[0.707641363,0.0190152824,-0.706315875,-0.156458139,0.979039431,-0.13039428,0.689031601,0.20278126,0.695783854],"scale":0.756265759,"type":"tropical_plant_03_a"}
{"ctxid":0,"pos":[699.377563,696.931519,146.747314],"rotationMatrix":[-0.786563396,0.599013388,-0.15000236,-0.526195705,-0.523048997,0.670475602,0.323165268,0.606302261,0.726609707],"scale":0.700208247,"type":"tropical_plant_03_a"}
{"ctxid":0,"pos":[546.121948,791.389771,135.017975],"rotationMatrix":[-0.331384301,0.918504775,-0.215714604,-0.933095276,-0.35290432,-0.0692175329,-0.139703333,0.178344712,0.974000096],"scale":0.787550926,"type":"tropical_plant_03_a"}
{"ctxid":0,"pos":[548.805542,798.564514,133.400269],"rotationMatrix":[0.998104095,-0.0111282784,0.060534142,0.0171970166,0.994770646,-0.100675881,-0.0590972379,0.101526022,0.993076026],"scale":0.82823962,"type":"tropical_plant_03_a"}
{"ctxid":0,"pos":[548.971313,793.851929,134.858932],"rotationMatrix":[-0.965391278,0.180106297,-0.188629076,-0.214191303,-0.960170031,0.179430157,-0.148799524,0.213623077,0.965517402],"scale":0.708809495,"type":"tropical_plant_03_a"}
{"ctxid":0,"pos":[548.018311,786.167542,139.357422],"rotationMatrix":[-0.951726198,-0.271542162,-0.143115371,0.180580705,-0.872353911,0.45430094,-0.248209089,0.406526268,0.879277349],"scale":0.8851524,"type":"tropical_plant_03_a"}
{"ctxid":0,"pos":[543.319946,788.624451,135.020157],"rotationMatrix":[-0.963467479,-0.234376669,-0.129606202,0.200161397,-0.95165658,0.232991308,-0.177948341,0.198537409,0.96380353],"scale":0.761276364,"type":"tropical_plant_03_a"}
{"ctxid":0,"pos":[540.10907,779.531067,139.278336],"rotationMatrix":[-0.928673744,0.317593545,-0.191569537,-0.354254514,-0.912510633,0.204517841,-0.109855741,0.257794797,0.959934115],"scale":0.812318504,"type":"tropical_plant_03_a"}
{"ctxid":0,"pos":[545.222839,786.937744,136.934937],"rotationMatrix":[0.317870915,0.918408036,-0.235551789,-0.906378984,0.221430421,-0.359785408,-0.278271556,0.327864498,0.902812183],"scale":0.850199223,"type":"tropical_plant_03_a"}
{"ctxid":0,"pos":[545.33606,781.586243,139.826355],"rotationMatrix":[0.362406254,0.922528386,-0.13267611,-0.907244802,0.316575706,-0.276923329,-0.213467643,0.220728457,0.95168823],"scale":0.715762913,"type":"tropical_plant_03_a"}
{"ctxid":0,"pos":[505.111542,772.49469,137.221313],"rotationMatrix":[-0.964811444,-0.159498408,0.209043086,0.193207011,-0.969287038,0.15216279,0.178353041,0.187197,0.96599561],"scale":0.72133255,"type":"tropical_plant_03_a"}
{"ctxid":0,"pos":[504.06601,776.835083,134.881882],"rotationMatrix":[0.998834193,-0.0426884368,0.0225369632,0.0477320254,0.943064451,-0.329167306,-0.00720216893,0.329859316,0.944002628],"scale":0.727747142,"type":"tropical_plant_03_a"}
{"ctxid":0,"pos":[501.530487,770.889709,138.797119],"rotationMatrix":[0.396363556,0.905312181,-0.152662009,-0.91610992,0.400925875,-0.000979170203,0.0603196844,0.140243292,0.988277972],"scale":0.702977896,"type":"tropical_plant_03_a"}
{"ctxid":0,"pos":[502.244446,769.018616,138.855621],"rotationMatrix":[-0.290296555,-0.955222905,0.0572405234,0.922664225,-0.295263529,-0.248011291,0.253807187,-0.0191830993,0.967064559],"scale":0.713418663,"type":"tropical_plant_03_a"}
{"ctxid":0,"pos":[483.011566,771.332581,141.943115],"rotationMatrix":[0.919754684,-0.387993753,0.0592638217,0.385542691,0.864816368,-0.321635544,0.0735402703,0.318674505,0.945007086],"scale":0.743021667,"type":"tropical_plant_03_a"}
{"ctxid":0,"pos":[484.859772,765.995178,144.791763],"rotationMatrix":[-0.235685706,-0.948042989,0.213696569,0.971416473,-0.236225963,0.0233817101,0.0283138677,0.213099152,0.976620197],"scale":0.857917368,"type":"tropical_plant_03_a"}
{"ctxid":0,"pos":[483.746185,762.757324,146.237015],"rotationMatrix":[0.488991439,0.866715968,-0.0984416306,-0.872287214,0.485670686,-0.0569115952,-0.00151598454,0.113698669,0.993514121],"scale":0.836706281,"type":"tropical_plant_03_a"}
{"ctxid":0,"pos":[632.089966,-11.2288218,132.397461],"rotationMatrix":[0.999186397,0.0403321385,0,-0.0403321385,0.999186397,0,0,0,1],"scale":0.722390592,"type":"tropical_plant_03_a"}
{"ctxid":0,"pos":[-830.119873,706.170898,136.705658],"rotationMatrix":[-0.208292827,-0.978066504,0,0.978066504,-0.208292827,0,0,0,1],"scale":0.825716972,"type":"tropical_plant_03_a"}
{"ctxid":0,"pos":[-833.856262,706.10675,136.236298],"rotationMatrix":[0.863732278,-0.503950834,0,0.503950834,0.863732278,0,0,0,1],"scale":0.718881369,"type":"tropical_plant_03_a"}
{"ctxid":0,"pos":[-843.382935,700.01178,137.352692],"rotationMatrix":[-0.994175553,-0.10777282,0,0.10777282,-0.994175553,0,0,0,1],"scale":0.825192451,"type":"tropical_plant_03_a"}
{"ctxid":0,"pos":[-824.553955,698.632751,128.291687],"rotationMatrix":[0.725556672,-0.655182302,-0.210484341,0.649170935,0.7531389,-0.106577724,0.228351787,-0.0593121499,0.971770287],"scale":0.836891294,"type":"tropical_plant_03_a"}
{"ctxid":0,"pos":[635.163147,33.94104,139.649887],"rotationMatrix":[0.605571091,-0.79579109,0,0.79579109,0.605571091,0,0,0,1],"scale":0.783213377,"type":"tropical_plant_03_a"}
{"ctxid":0,"pos":[631.921021,32.7481232,143.335556],"rotationMatrix":[-0.999150515,-0.0412091464,0,0.0412091464,-0.999150515,0,0,0,1],"scale":0.884155989,"type":"tropical_plant_03_a"}
{"ctxid":0,"pos":[620.81488,14.9660368,139.649887],"rotationMatrix":[-0.104557872,0.994518638,0,-0.994518638,-0.104557872,0,0,0,1],"scale":0.784557402,"type":"tropical_plant_03_a"}
{"ctxid":0,"pos":[594.595886,18.8461685,132.802216],"rotationMatrix":[-0.301832974,-0.953360856,0,0.953360856,-0.301832974,0,0,0,1],"scale":0.890441537,"type":"tropical_plant_03_a"}
{"ctxid":0,"pos":[625.550537,-23.4367657,143.181824],"rotationMatrix":[0.908415735,-0.417667627,-0.0182894655,0.417737514,0.908567727,0,0.0166172162,-0.0076401867,0.99983269],"scale":0.896736324,"type":"tropical_plant_03_a"}
