{"ctxid":0,"pos":[-18.1088638,-314.965515,135.776779],"rotationMatrix":[-0.473563045,-0.880759895,0,0.880759895,-0.473563045,0,0,0,1],"scale":0.504870355,"type":"tropical_plant_01_a"}
{"ctxid":0,"pos":[-22.5840645,-318.856567,136.844818],"rotationMatrix":[0.203901991,-0.97899133,0,0.97899133,0.203901991,0,0,0,1],"scale":0.519137979,"type":"tropical_plant_01_a"}
{"ctxid":0,"pos":[-15.705472,-320.36673,135.321304],"rotationMatrix":[-0.99892199,-0.0464209653,0,0.0464209653,-0.99892199,0,0,0,1],"scale":0.457244068,"type":"tropical_plant_01_a"}
{"ctxid":0,"pos":[-16.8614941,-319.631866,135.749878],"rotationMatrix":[0.136848807,-0.990591943,0,0.990591943,0.136848807,0,0,0,1],"scale":0.45371455,"type":"tropical_plant_01_a"}
{"ctxid":0,"pos":[-23.4796543,-321.05899,137.230118],"rotationMatrix":[-0.671021998,-0.741437435,0,0.741437435,-0.671021998,0,0,0,1],"scale":0.594218254,"type":"tropical_plant_01_a"}
{"ctxid":0,"pos":[-20.437746,-325.704407,136.620224],"rotationMatrix":[-0.990487337,-0.137603894,0,0.137603894,-0.990487337,0,0,0,1],"scale":0.544890702,"type":"tropical_plant_01_a"}
{"ctxid":0,"pos":[-21.8691883,-323.954834,136.984253],"rotationMatrix":[-0.00917802099,0.99995786,0,-0.99995786,-0.00917802099,0,0,0,1],"scale":0.471199304,"type":"tropical_plant_01_a"}
{"ctxid":0,"pos":[-15.8868637,-323.251312,135.266052],"rotationMatrix":[0.552794397,-0.833317697,0,0.833317697,0.552794397,0,0,0,1],"scale":0.443349928,"type":"tropical_plant_01_a"}
{"ctxid":0,"pos":[-17.8956795,-325.429413,135.823181],"rotationMatrix":[0.777204752,-0.629247785,0,0.629247785,0.777204752,0,0,0,1],"scale":0.698958099,"type":"tropical_plant_01_a"}
{"ctxid":0,"pos":[-16.8894253,-323.288391,135.594208],"rotationMatrix":[-0.937010646,0.349300742,0,-0.349300742,-0.937010646,0,0,0,1],"scale":0.577149332,"type":"tropical_plant_01_a"}
{"ctxid":0,"pos":[-21.6983814,-316.939941,136.599106],"rotationMatrix":[-0.28971839,-0.957111955,0,0.957111955,-0.28971839,0,0,0,1],"scale":0.6256423,"type":"tropical_plant_01_a"}
{"ctxid":0,"pos":[-16.3509121,-322.030518,135.458069],"rotationMatrix":[0.958480537,-0.285157949,0,0.285157949,0.958480537,0,0,0,1],"scale":0.593726873,"type":"tropical_plant_01_a"}
{"ctxid":0,"pos":[-25.0953979,-350.159454,136.338165],"rotationMatrix":[-0.982255816,0.187546119,0,-0.187546119,-0.982255816,0,0,0,1],"scale":0.617854714,"type":"tropical_plant_01_a"}
{"ctxid":0,"pos":[-29.833683,-346.509094,135.143784],"rotationMatrix":[-0.751539528,-0.659688056,0,0.659688056,-0.751539528,0,0,0,1],"scale":0.463258833,"type":"tropical_plant_01_a"}
{"ctxid":0,"pos":[-25.6359596,-349.359741,136.130737],"rotationMatrix":[-0.999672711,0.0255815182,0,-0.0255815182,-0.999672711,0,0,0,1],"scale":0.631655574,"type":"tropical_plant_01_a"}
{"ctxid":0,"pos":[-28.9798717,-340.494843,136.001328],"rotationMatrix":[0.289094776,0.957300484,0,-0.957300484,0.289094776,0,0,0,1],"scale":0.535493791,"type":"tropical_plant_01_a"}
{"ctxid":0,"pos":[-28.2328415,-347.142761,135.610672],"rotationMatrix":[0.661084414,-0.750311553,0,0.750311553,0.661084414,0,0,0,1],"scale":0.653059781,"type":"tropical_plant_01_a"}
{"ctxid":0,"pos":[-33.2770882,-337.815369,137.064087],"rotationMatrix":[0.228162169,-0.973623157,0,0.973623157,0.228162169,0,0,0,1],"scale":0.519904017,"type":"tropical_plant_01_a"}
{"ctxid":0,"pos":[-26.5480499,-325.99646,137.860718],"rotationMatrix":[0.847326159,-0.531072855,0,0.531072855,0.847326159,0,0,0,1],"scale":0.531883776,"type":"tropical_plant_01_a"}
{"ctxid":0,"pos":[-30.2344265,-349.783508,135.849854],"rotationMatrix":[-0.999808967,-0.0195466075,0,0.0195466075,-0.999808967,0,0,0,1],"scale":0.683564961,"type":"tropical_plant_01_a"}
{"ctxid":0,"pos":[-34.432045,-345.147705,135.56778],"rotationMatrix":[-0.278952271,0.960304976,0,-0.960304976,-0.278952271,0,0,0,1],"scale":0.599489808,"type":"tropical_plant_01_a"}
{"ctxid":0,"pos":[-20.629343,-331.156189,136.70491],"rotationMatrix":[-0.77462399,0.63242209,0,-0.63242209,-0.77462399,0,0,0,1],"scale":0.525733232,"type":"tropical_plant_01_a"}
{"ctxid":0,"pos":[-28.2978039,-338.963104,136.436081],"rotationMatrix":[-0.965240955,0.261361539,0,-0.261361539,-0.965240955,0,0,0,1],"scale":0.439045072,"type":"tropical_plant_01_a"}
{"ctxid":0,"pos":[-25.152317,-338.76828,136.414932],"rotationMatrix":[-0.9468714,-0.321612358,0,0.321612358,-0.9468714,0,0,0,1],"scale":0.695507824,"type":"tropical_plant_01_a"}
{"ctxid":0,"pos":[-30.0278625,-334.887726,138.047974],"rotationMatrix":[-0.745163321,-0.666882038,0,0.666882038,-0.745163321,0,0,0,1],"scale":0.681170523,"type":"tropical_plant_01_a"}
{"ctxid":0,"pos":[-16.89645,-336.408783,135.789825],"rotationMatrix":[0.977843404,-0.209337831,0,0.209337831,0.977843404,0,0,0,1],"scale":0.585231245,"type":"tropical_plant_01_a"}
{"ctxid":0,"pos":[-49.6353989,-330.370819,140.426483],"rotationMatrix":[-0.294629484,-0.955611587,0,0.955611587,-0.294629484,0,0,0,1],"scale":0.464376867,"type":"tropical_plant_01_a"}
{"ctxid":0,"pos":[-52.8022919,-330.292206,140.441589],"rotationMatrix":[0.913762212,-0.406249404,0,0.406249404,0.913762212,0,0,0,1],"scale":0.640339196,"type":"tropical_plant_01_a"}
{"ctxid":0,"pos":[-48.8780365,-326.998413,141.203156],"rotationMatrix":[-0.98236686,0.186963648,0,-0.186963648,-0.98236686,0,0,0,1],"scale":0.493048966,"type":"tropical_plant_01_a"}
{"ctxid":0,"pos":[-42.3744774,-331.69693,140.049866],"rotationMatrix":[0.763285875,-0.646060884,0,0.646060884,0.763285875,0,0,0,1],"scale":0.617631733,"type":"tropical_plant_01_a"}
{"ctxid":0,"pos":[-40.0889893,-331.49295,139.935394],"rotationMatrix":[-0.533845484,0.845582068,0,-0.845582068,-0.533845484,0,0,0,1],"scale":0.625236332,"type":"tropical_plant_01_a"}
{"ctxid":0,"pos":[-35.4082031,-332.357574,138.751724],"rotationMatrix":[-0.969941318,0.243338928,0,-0.243338928,-0.969941318,0,0,0,1],"scale":0.448885858,"type":"tropical_plant_01_a"}
{"ctxid":0,"pos":[-35.5334549,-331.439117,139.03801],"rotationMatrix":[0.393035293,0.919523418,0,-0.919523418,0.393035293,0,0,0,1],"scale":0.550896049,"type":"tropical_plant_01_a"}
{"ctxid":0,"pos":[-28.2532501,-325.23822,138.235886],"rotationMatrix":[0.0468888097,0.998900115,0,-0.998900115,0.0468888097,0,0,0,1],"scale":0.651853681,"type":"tropical_plant_01_a"}
{"ctxid":0,"pos":[-25.9125137,-324.490967,137.678619],"rotationMatrix":[-0.470449537,-0.882426918,0,0.882426918,-0.470449537,0,0,0,1],"scale":0.613011956,"type":"tropical_plant_01_a"}
{"ctxid":0,"pos":[321.432739,-143.888962,160.067108],"rotationMatrix":[-0.093724817,-0.995598137,0,0.995598137,-0.093724817,0,0,0,1],"scale":0.56388253,"type":"tropical_plant_01_a"}
{"ctxid":0,"pos":[324.028717,-143.663818,160.136475],"rotationMatrix":[-0.317017734,-0.948419631,0,0.948419631,-0.317017734,0,0,0,1],"scale":0.670302629,"type":"tropical_plant_01_a"}
{"ctxid":0,"pos":[783.273132,947.721985,150.074707],"rotationMatrix":[-0.984672725,0.174412206,0,-0.174412206,-0.984672725,0,0,0,1],"scale":0.634854317,"type":"tropical_plant_01_a"}
{"ctxid":0,"pos":[781.761719,947.621338,150.190979],"rotationMatrix":[0.61084944,-0.791746795,0,0.791746795,0.61084944,0,0,0,1],"scale":0.648001611,"type":"tropical_plant_01_a"}
{"ctxid":0,"pos":[821.411072,829.021484,146.395065],"rotationMatrix":[-0.47216624,-0.881509542,0,0.881509542,-0.47216624,0,0,0,1],"scale":0.52453655,"type":"tropical_plant_01_a"}
{"ctxid":0,"pos":[470.936798,-236.993347,160.087616],"rotationMatrix":[-0.905435503,0.424483865,0,-0.424483865,-0.905435503,0,0,0,1],"scale":0.683625519,"type":"tropical_plant_01_a"}
{"ctxid":0,"pos":[617.307068,-420.269073,160.092834],"rotationMatrix":[-0.999996066,-0.0027953668,0,0.0027953668,-0.999996066,0,0,0,1],"scale":0.644108713,"type":"tropical_plant_01_a"}
{"ctxid":0,"pos":[756.939148,-583.02771,160.097992],"rotationMatrix":[-0.851307154,0.524667621,0,-0.524667621,-0.851307154,0,0,0,1],"scale":0.439262837,"type":"tropical_plant_01_a"}
{"ctxid":0,"pos":[775.657898,-614.138306,159.997559],"rotationMatrix":[-0.424207389,-0.905565083,0,0.905565083,-0.424207389,0,0,0,1],"scale":0.683290243,"type":"tropical_plant_01_a"}
{"ctxid":0,"pos":[449.186462,-208.742111,159.996552],"rotationMatrix":[0.205289647,-0.978701234,0,0.978701234,0.205289647,0,0,0,1],"scale":0.519757032,"type":"tropical_plant_01_a"}
{"ctxid":0,"pos":[559.574036,-350.679474,160.070923],"rotationMatrix":[-0.493315697,-0.869850338,0,0.869850338,-0.493315697,0,0,0,1],"scale":0.484233856,"type":"tropical_plant_01_a"}
{"ctxid":0,"pos":[610.289368,-413.126587,160.001984],"rotationMatrix":[0.0971495211,-0.995269775,0,0.995269775,0.0971495211,0,0,0,1],"scale":0.685371041,"type":"tropical_plant_01_a"}
{"ctxid":0,"pos":[610.035889,-410.608765,160.076355],"rotationMatrix":[-0.805030465,-0.593233466,0,0.593233466,-0.805030465,0,0,0,1],"scale":0.607473314,"type":"tropical_plant_01_a"}
{"ctxid":0,"pos":[642.957275,-450.304688,159.993317],"rotationMatrix":[-0.998797476,0.0490262285,0,-0.0490262285,-0.998797476,0,0,0,1],"scale":0.665080667,"type":"tropical_plant_01_a"}
{"ctxid":0,"pos":[641.460938,-446.020416,159.966125],"rotationMatrix":[0.432201266,-0.901777148,0,0.901777148,0.432201266,0,0,0,1],"scale":0.527942121,"type":"tropical_plant_01_a"}
{"ctxid":0,"pos":[666.186462,-482.797729,159.99585],"rotationMatrix":[0.934447467,-0.356101066,0,0.356101066,0.934447467,0,0,0,1],"scale":0.481378138,"type":"tropical_plant_01_a"}
{"ctxid":0,"pos":[725.622498,-549.28241,160.006042],"rotationMatrix":[0.529261708,-0.848458648,0,0.848458648,0.529261708,0,0,0,1],"scale":0.682246327,"type":"tropical_plant_01_a"}
{"ctxid":0,"pos":[722.465454,-544.581543,159.990662],"rotationMatrix":[-0.239844441,0.970811307,0,-0.970811307,-0.239844441,0,0,0,1],"scale":0.416015476,"type":"tropical_plant_01_a"}
{"ctxid":0,"pos":[488.76062,-446.724304,127.062744],"rotationMatrix":[-0.641188264,0.767383516,0,-0.767383516,-0.641188264,0,0,0,1],"scale":0.684377611,"type":"tropical_plant_01_a"}
{"ctxid":0,"pos":[485.14624,-441.800323,126.837898],"rotationMatrix":[0.0799309462,0.996800423,0,-0.996800423,0.0799309462,0,0,0,1],"scale":0.477821827,"type":"tropical_plant_01_a"}
{"ctxid":0,"pos":[486.266998,-444.92926,126.682182],"rotationMatrix":[-0.990783155,-0.135457665,0,0.135457665,-0.990783155,0,0,0,1],"scale":0.690755606,"type":"tropical_plant_01_a"}
{"ctxid":0,"pos":[451.16629,-388.440491,126.798897],"rotationMatrix":[-0.578761578,-0.815496862,0,0.815496862,-0.578761578,0,0,0,1],"scale":0.430356979,"type":"tropical_plant_01_a"}
{"ctxid":0,"pos":[452.247192,-389.861328,126.88472],"rotationMatrix":[-0.897541344,-0.440930516,0,0.440930516,-0.897541344,0,0,0,1],"scale":0.576466441,"type":"tropical_plant_01_a"}
{"ctxid":0,"pos":[418.165314,-351.291412,125.962967],"rotationMatrix":[-0.83846581,-0.54495436,0,0.54495436,-0.83846581,0,0,0,1],"scale":0.542825222,"type":"tropical_plant_01_a"}
{"ctxid":0,"pos":[408.897888,-332.635162,125.935646],"rotationMatrix":[0.454526931,0.890733123,0,-0.890733123,0.454526931,0,0,0,1],"scale":0.473078609,"type":"tropical_plant_01_a"}
{"ctxid":0,"pos":[405.97348,-331.03183,125.501953],"rotationMatrix":[0.760462344,-0.649381936,0,0.649381936,0.760462344,0,0,0,1],"scale":0.452213168,"type":"tropical_plant_01_a"}
{"ctxid":0,"pos":[404.716797,-332.02652,125.816452],"rotationMatrix":[0.532041728,-0.846718192,0,0.846718192,0.532041728,0,0,0,1],"scale":0.585484147,"type":"tropical_plant_01_a"}
{"ctxid":0,"pos":[319.305817,-280.054321,126.368713],"rotationMatrix":[0.519352555,-0.854560137,0,0.854560137,0.519352555,0,0,0,1],"scale":0.684521794,"type":"tropical_plant_01_a"}
{"ctxid":0,"pos":[318.345276,-283.543274,126.293137],"rotationMatrix":[-0.220038593,0.975491166,0,-0.975491166,-0.220038593,0,0,0,1],"scale":0.424724519,"type":"tropical_plant_01_a"}
{"ctxid":0,"pos":[215.793228,-315.506653,128.67691],"rotationMatrix":[-0.769799232,0.638286173,0,-0.638286173,-0.769799232,0,0,0,1],"scale":0.459127069,"type":"tropical_plant_01_a"}
{"ctxid":0,"pos":[217.977539,-314.417419,127.902664],"rotationMatrix":[-0.477633357,0.878559172,0,-0.878559172,-0.477633357,0,0,0,1],"scale":0.482300341,"type":"tropical_plant_01_a"}
{"ctxid":0,"pos":[216.81015,-310.894989,129.868561],"rotationMatrix":[-0.699313223,-0.714815497,0,0.714815497,-0.699313223,0,0,0,1],"scale":0.435102701,"type":"tropical_plant_01_a"}
{"ctxid":0,"pos":[165.772568,-344.98056,130.7052],"rotationMatrix":[0.490525454,0.871427,0,-0.871427,0.490525454,0,0,0,1],"scale":0.636443973,"type":"tropical_plant_01_a"}
{"ctxid":0,"pos":[114.278297,-445.862061,130.015442],"rotationMatrix":[0.764160931,-0.645025671,0,0.645025671,0.764160931,0,0,0,1],"scale":0.496924937,"type":"tropical_plant_01_a"}
{"ctxid":0,"pos":[116.103897,-446.937073,129.853729],"rotationMatrix":[-0.996107161,0.088150233,0,-0.088150233,-0.996107161,0,0,0,1],"scale":0.604759097,"type":"tropical_plant_01_a"}
{"ctxid":0,"pos":[118.235367,-453.203918,129.575256],"rotationMatrix":[0.598198593,-0.801347852,0,0.801347852,0.598198593,0,0,0,1],"scale":0.479980469,"type":"tropical_plant_01_a"}
{"ctxid":0,"pos":[119.969032,-451.546844,129.212402],"rotationMatrix":[0.602665901,-0.797993541,0,0.797993541,0.602665901,0,0,0,1],"scale":0.565870881,"type":"tropical_plant_01_a"}
{"ctxid":0,"pos":[118.70623,-454.554626,129.402863],"rotationMatrix":[-0.99543798,0.0954098105,0,-0.0954098105,-0.99543798,0,0,0,1],"scale":0.633428752,"type":"tropical_plant_01_a"}
{"ctxid":0,"pos":[597.015076,-657.821533,131.616272],"rotationMatrix":[0.760231495,-0.649652243,0,0.649652243,0.760231495,0,0,0,1],"scale":0.475185275,"type":"tropical_plant_01_a"}
{"ctxid":0,"pos":[596.41217,-656.748535,131.246643],"rotationMatrix":[0.952830553,-0.30350253,0,0.30350253,0.952830553,0,0,0,1],"scale":0.411100298,"type":"tropical_plant_01_a"}
{"ctxid":0,"pos":[596.438049,-660.730713,130.785995],"rotationMatrix":[-0.999485254,-0.0320800655,0,0.0320800655,-0.999485254,0,0,0,1],"scale":0.491768301,"type":"tropical_plant_01_a"}
{"ctxid":0,"pos":[594.928223,-654.071106,130.465302],"rotationMatrix":[-0.715039134,-0.570610046,-0.403884768,0.581500053,-0.806151032,0.109443583,-0.388041794,-0.156602591,0.908239603],"scale":0.483373761,"type":"tropical_plant_01_a"}
{"ctxid":0,"pos":[594.094666,-652.790527,130.131821],"rotationMatrix":[0.199259818,-0.975065649,-0.0976835415,0.929481924,0.156480849,0.334030867,-0.31041652,-0.157353997,0.937486649],"scale":0.640717983,"type":"tropical_plant_01_a"}
{"ctxid":0,"pos":[594.973572,-649.414246,131.606689],"rotationMatrix":[-0.750934601,-0.616813898,-0.2358758,0.621949911,-0.780649424,0.0613530278,-0.221979782,-0.100630835,0.96984452],"scale":0.595362663,"type":"tropical_plant_01_a"}
{"ctxid":0,"pos":[592.919189,-647.477295,130.597198],"rotationMatrix":[0.0697552562,0.992328703,0.1020675,-0.889192402,0.108230054,-0.444548011,-0.452184528,-0.0597481281,0.88992095],"scale":0.601910532,"type":"tropical_plant_01_a"}
{"ctxid":0,"pos":[597.015259,-655.796692,131.572357],"rotationMatrix":[0.957571626,-0.283343226,0.0526609197,0.282008022,0.95889765,0.0314137079,-0.0593972951,-0.0152300736,0.998118222],"scale":0.637403011,"type":"tropical_plant_01_a"}
{"ctxid":0,"pos":[595.065979,-656.924194,130.125763],"rotationMatrix":[-0.251627684,0.966256738,-0.0550585687,-0.875684857,-0.251529217,-0.412200272,-0.412140101,-0.0555070788,0.90942812],"scale":0.51501143,"type":"tropical_plant_01_a"}
{"ctxid":0,"pos":[314.494354,-540.536011,129.054718],"rotationMatrix":[0.431605458,-0.869163811,0.241393626,0.902043283,0.414112568,-0.12177258,0.00587619096,0.270305216,0.962756753],"scale":0.470184118,"type":"tropical_plant_01_a"}
{"ctxid":0,"pos":[266.754211,-576.148743,131.302139],"rotationMatrix":[0.332465529,0.932606161,-0.140400052,-0.942106545,0.321525633,-0.0951650292,-0.0436093211,0.16391091,0.985510767],"scale":0.574051917,"type":"tropical_plant_01_a"}
{"ctxid":0,"pos":[270.141907,-579.234497,131.947296],"rotationMatrix":[0.525521874,-0.848411858,0.0634341165,0.850779951,0.524059117,-0.0391828716,0,0.0745599419,0.997216523],"scale":0.424692661,"type":"tropical_plant_01_a"}
{"ctxid":0,"pos":[301.480255,-578.948181,132.092896],"rotationMatrix":[-0.999520421,-0.0309272334,-0.00144579355,0.0308106467,-0.998177767,0.0518793836,-0.00304764509,0.0518099666,0.998652339],"scale":0.501399875,"type":"tropical_plant_01_a"}
{"ctxid":0,"pos":[303.705353,-569.875366,131.956619],"rotationMatrix":[0.224802434,0.970183909,-0.0905915499,-0.957910478,0.203006327,-0.202967539,-0.178525209,0.13240619,0.974985838],"scale":0.574959397,"type":"tropical_plant_01_a"}
{"ctxid":0,"pos":[301.634888,-565.138916,129.882004],"rotationMatrix":[0.88666147,-0.436148107,0.153643101,0.44342798,0.896184802,-0.0149776228,-0.13116014,0.0814097375,0.98801291],"scale":0.525120676,"type":"tropical_plant_01_a"}
{"ctxid":0,"pos":[299.192871,-562.985901,129.389908],"rotationMatrix":[0.22611016,0.973814726,-0.0236414708,-0.974004984,0.2256791,-0.0195743814,-0.0137264393,0.0274528787,0.999528825],"scale":0.612198889,"type":"tropical_plant_01_a"}
{"ctxid":0,"pos":[344.774261,-576.87793,132.386703],"rotationMatrix":[0.139573336,0.920694351,-0.364473581,-0.968175769,0.204105675,0.144831896,0.207736984,0.33265987,0.91988188],"scale":0.651527524,"type":"tropical_plant_01_a"}
{"ctxid":0,"pos":[342.825165,-575.373718,131.998871],"rotationMatrix":[-0.303554773,-0.876640618,0.373303413,0.952403486,-0.267670035,0.145876661,-0.0279592425,0.399817109,0.916168392],"scale":0.433466077,"type":"tropical_plant_01_a"}
{"ctxid":0,"pos":[334.351105,-557.611938,130.208969],"rotationMatrix":[0.296081424,-0.952457607,0.0718341172,0.941436589,0.278296292,-0.190389603,0.161346883,0.123998076,0.979076922],"scale":0.65666163,"type":"tropical_plant_01_a"}
{"ctxid":0,"pos":[826.868591,-292.703827,131.472839],"rotationMatrix":[-0.243242502,-0.969965458,0,0.969965458,-0.243242502,0,0,0,1],"scale":0.401015103,"type":"tropical_plant_01_a"}
{"ctxid":0,"pos":[827.936829,-294.412689,131.786591],"rotationMatrix":[-0.30256936,-0.953127384,0,0.953127384,-0.30256936,0,0,0,1],"scale":0.592209697,"type":"tropical_plant_01_a"}
{"ctxid":0,"pos":[823.340088,-295.843597,132.0345],"rotationMatrix":[-0.157412738,-0.987532854,0,0.987532854,-0.157412738,0,0,0,1],"scale":0.663669527,"type":"tropical_plant_01_a"}
{"ctxid":0,"pos":[824.951294,-297.113434,131.963577],"rotationMatrix":[-0.180048123,-0.983657718,0,0.983657718,-0.180048123,0,0,0,1],"scale":0.450031161,"type":"tropical_plant_01_a"}
{"ctxid":0,"pos":[826.209778,-295.931458,131.928864],"rotationMatrix":[-0.984829187,0.173526376,0,-0.173526376,-0.984829187,0,0,0,1],"scale":0.446083248,"type":"tropical_plant_01_a"}
{"ctxid":0,"pos":[858.330383,-329.023346,131.83847],"rotationMatrix":[-0.405834138,0.913946688,0,-0.913946688,-0.405834138,0,0,0,1],"scale":0.681134462,"type":"tropical_plant_01_a"}
{"ctxid":0,"pos":[889.422546,-415.213867,145.468735],"rotationMatrix":[0.804467738,-0.593996346,0,0.593996346,0.804467738,0,0,0,1],"scale":0.53472352,"type":"tropical_plant_01_a"}
{"ctxid":0,"pos":[892.63147,-410.641663,147.89798],"rotationMatrix":[-0.587281764,-0.809382677,0,0.809382677,-0.587281764,0,0,0,1],"scale":0.626684725,"type":"tropical_plant_01_a"}
{"ctxid":0,"pos":[889.75061,-412.966522,146.322723],"rotationMatrix":[-0.0354743339,-0.999370575,0,0.999370575,-0.0354743339,0,0,0,1],"scale":0.582432628,"type":"tropical_plant_01_a"}
{"ctxid":0,"pos":[836.337952,-355.662537,135.976425],"rotationMatrix":[-0.517683864,-0.855571866,0,0.855571866,-0.517683864,0,0,0,1],"scale":0.678709984,"type":"tropical_plant_01_a"}
{"ctxid":0,"pos":[834.002136,-355.755463,135.568817],"rotationMatrix":[-0.830644965,-0.55680263,0,0.55680263,-0.830644965,0,0,0,1],"scale":0.44231683,"type":"tropical_plant_01_a"}
{"ctxid":0,"pos":[837.075562,-355.068939,136.195145],"rotationMatrix":[0.473141551,-0.880986333,0,0.880986333,0.473141551,0,0,0,1],"scale":0.611234725,"type":"tropical_plant_01_a"}
{"ctxid":0,"pos":[836.097473,-353.405334,136.29715],"rotationMatrix":[-0.954023957,-0.299730241,0,0.299730241,-0.954023957,0,0,0,1],"scale":0.445377409,"type":"tropical_plant_01_a"}
{"ctxid":0,"pos":[832.942444,-352.531677,135.849762],"rotationMatrix":[-0.663234472,0.748411536,0,-0.748411536,-0.663234472,0,0,0,1],"scale":0.624166191,"type":"tropical_plant_01_a"}
{"ctxid":0,"pos":[823.335876,-340.279724,135.891846],"rotationMatrix":[-0.977328658,-0.211728111,0,0.211728111,-0.977328658,0,0,0,1],"scale":0.649992764,"type":"tropical_plant_01_a"}
{"ctxid":0,"pos":[824.814026,-341.170746,135.848297],"rotationMatrix":[-0.307174712,0.951653123,0,-0.951653123,-0.307174712,0,0,0,1],"scale":0.591039121,"type":"tropical_plant_01_a"}
{"ctxid":0,"pos":[622.749695,-43.307724,131.634094],"rotationMatrix":[-0.754085422,0.646766186,0.114228152,-0.632039428,-0.761906862,0.14150475,0.178551733,0.0345100015,0.983325124],"scale":0.675567687,"type":"tropical_plant_01_a"}
{"ctxid":0,"pos":[628.048157,-50.6419945,130.534637],"rotationMatrix":[0.523040533,-0.851840198,-0.0282280892,0.840434253,0.52098012,-0.149163991,0.141770154,0.0542949513,0.98840946],"scale":0.59859556,"type":"tropical_plant_01_a"}
{"ctxid":0,"pos":[625.409851,-52.008316,131.488922],"rotationMatrix":[-0.119832635,-0.990346849,0.0696640909,0.981298268,-0.128800511,-0.143052071,0.15064396,0.0512189418,0.987260342],"scale":0.652932107,"type":"tropical_plant_01_a"}
{"ctxid":0,"pos":[654.25592,-40.7659645,129.226685],"rotationMatrix":[-0.858047128,0.50572747,0.0894116312,-0.509963691,-0.859606504,-0.031833753,0.0607596301,-0.0729115605,0.995485902],"scale":0.58395952,"type":"tropical_plant_01_a"}
{"ctxid":0,"pos":[600.276428,116.890411,143.652466],"rotationMatrix":[0.745604217,-0.666388988,0,0.666388988,0.745604217,0,0,0,1],"scale":0.679698706,"type":"tropical_plant_01_a"}
{"ctxid":0,"pos":[601.295227,112.789543,141.502228],"rotationMatrix":[-0.914851427,-0.403790832,0,0.403790832,-0.914851427,0,0,0,1],"scale":0.426671714,"type":"tropical_plant_01_a"}
{"ctxid":0,"pos":[602.040527,120.068413,143.600937],"rotationMatrix":[-0.967852712,-0.251517713,0,0.251517713,-0.967852712,0,0,0,1],"scale":0.676421285,"type":"tropical_plant_01_a"}
{"ctxid":0,"pos":[577.920959,78.7587357,138.914551],"rotationMatrix":[0.922006488,-0.387174368,0,0.387174368,0.922006488,0,0,0,1],"scale":0.633897245,"type":"tropical_plant_01_a"}
{"ctxid":0,"pos":[580.786804,76.6897049,136.382553],"rotationMatrix":[0.0683110729,0.997664094,0,-0.997664094,0.0683110729,0,0,0,1],"scale":0.613070369,"type":"tropical_plant_01_a"}
{"ctxid":0,"pos":[577.4104,74.9300308,137.484879],"rotationMatrix":[-0.826946139,-0.562281072,0,0.562281072,-0.826946139,0,0,0,1],"scale":0.403996229,"type":"tropical_plant_01_a"}
{"ctxid":0,"pos":[577.319214,81.3013611,140.570175],"rotationMatrix":[-0.867951155,-0.496649563,0,0.496649563,-0.867951155,0,0,0,1],"scale":0.55184561,"type":"tropical_plant_01_a"}
{"ctxid":0,"pos":[581.240234,74.8515091,135.163467],"rotationMatrix":[-0.462347806,0.886698604,0,-0.886698604,-0.462347806,0,0,0,1],"scale":0.547714949,"type":"tropical_plant_01_a"}
{"ctxid":0,"pos":[564.989624,59.9478302,140.681885],"rotationMatrix":[0.860217094,-0.509927869,0,0.509927869,0.860217094,0,0,0,1],"scale":0.667143762,"type":"tropical_plant_01_a"}
{"ctxid":0,"pos":[558.271484,39.3261261,142.76088],"rotationMatrix":[0.690693796,-0.723147392,0,0.723147392,0.690693796,0,0,0,1],"scale":0.511312723,"type":"tropical_plant_01_a"}
{"ctxid":0,"pos":[561.418213,42.7900581,140.664307],"rotationMatrix":[0.232004285,-0.972714782,0,0.972714782,0.232004285,0,0,0,1],"scale":0.60524106,"type":"tropical_plant_01_a"}
{"ctxid":0,"pos":[562.550903,44.327713,139.902618],"rotationMatrix":[0.862244129,-0.506492853,0,0.506492853,0.862244129,0,0,0,1],"scale":0.618039131,"type":"tropical_plant_01_a"}
{"ctxid":0,"pos":[563.067871,39.2963066,140.435257],"rotationMatrix":[-0.999624729,0.0273923855,0,-0.0273923855,-0.999624729,0,0,0,1],"scale":0.588679671,"type":"tropical_plant_01_a"}
{"ctxid":0,"pos":[561.629883,35.7243614,141.809036],"rotationMatrix":[-0.587017357,-0.809574425,0,0.809574425,-0.587017357,0,0,0,1],"scale":0.668271899,"type":"tropical_plant_01_a"}
{"ctxid":0,"pos":[560.54541,43.7563934,140.787155],"rotationMatrix":[0.456296325,0.889827967,0,-0.889827967,0.456296325,0,0,0,1],"scale":0.433054775,"type":"tropical_plant_01_a"}
{"ctxid":0,"pos":[562.353516,38.9195442,140.801544],"rotationMatrix":[-0.381418705,0.924402356,0,-0.924402356,-0.381418705,0,0,0,1],"scale":0.566827297,"type":"tropical_plant_01_a"}
{"ctxid":0,"pos":[564.345215,43.00811,139.39769],"rotationMatrix":[0.368373573,0.929677963,0,-0.929677963,0.368373573,0,0,0,1],"scale":0.481053352,"type":"tropical_plant_01_a"}
{"ctxid":0,"pos":[560.706848,33.274395,143.012207],"rotationMatrix":[0.999912798,-0.013202385,0,0.013202385,0.999912798,0,0,0,1],"scale":0.566195965,"type":"tropical_plant_01_a"}
{"ctxid":0,"pos":[566.822327,35.5033836,137.937988],"rotationMatrix":[-0.984864652,-0.173324972,0,0.173324972,-0.984864652,0,0,0,1],"scale":0.402338862,"type":"tropical_plant_01_a"}
{"ctxid":0,"pos":[566.933594,34.0150375,137.96637],"rotationMatrix":[0.974348366,-0.225044772,0,0.225044772,0.974348366,0,0,0,1],"scale":0.530674279,"type":"tropical_plant_01_a"}
{"ctxid":0,"pos":[567.684387,4.91094303,141.417725],"rotationMatrix":[-0.153518185,-0.988145828,0,0.988145828,-0.153518185,0,0,0,1],"scale":0.406288713,"type":"tropical_plant_01_a"}
{"ctxid":0,"pos":[565.442993,8.07226467,142.191025],"rotationMatrix":[0.773803949,-0.633425176,0,0.633425176,0.773803949,0,0,0,1],"scale":0.562624395,"type":"tropical_plant_01_a"}
{"ctxid":0,"pos":[564.728821,11.2070141,142.02713],"rotationMatrix":[-0.367889106,0.929869652,0,-0.929869652,-0.367889106,0,0,0,1],"scale":0.652855396,"type":"tropical_plant_01_a"}
{"ctxid":0,"pos":[567.514954,10.4027643,140.034882],"rotationMatrix":[0.385377765,0.922758937,0,-0.922758937,0.385377765,0,0,0,1],"scale":0.453190327,"type":"tropical_plant_01_a"}
{"ctxid":0,"pos":[569.284424,5.24663353,140.420059],"rotationMatrix":[-0.950978518,0.30925709,0,-0.30925709,-0.950978518,0,0,0,1],"scale":0.694201171,"type":"tropical_plant_01_a"}
{"ctxid":0,"pos":[588.165283,107.642021,147.920883],"rotationMatrix":[0.210461766,0.977602124,0,-0.977602124,0.210461766,0,0,0,1],"scale":0.659615934,"type":"tropical_plant_01_a"}
{"ctxid":0,"pos":[588.913818,108.390518,147.655823],"rotationMatrix":[0.398864299,0.917010069,0,-0.917010069,0.398864299,0,0,0,1],"scale":0.683880687,"type":"tropical_plant_01_a"}
{"ctxid":0,"pos":[610.772156,114.555374,134.819977],"rotationMatrix":[0.193973169,0.981006861,0,-0.981006861,0.193973169,0,0,0,1],"scale":0.653334916,"type":"tropical_plant_01_a"}
{"ctxid":0,"pos":[609.924988,115.885567,136.388977],"rotationMatrix":[0.112505324,0.993651092,0,-0.993651092,0.112505324,0,0,0,1],"scale":0.472962439,"type":"tropical_plant_01_a"}
{"ctxid":0,"pos":[609.7052,129.906601,142.674133],"rotationMatrix":[-0.445431709,0.895315826,0,-0.895315826,-0.445431709,0,0,0,1],"scale":0.614840925,"type":"tropical_plant_01_a"}
{"ctxid":0,"pos":[617.973694,144.87265,143.475403],"rotationMatrix":[-0.857079744,-0.515183747,0,0.515183747,-0.857079744,0,0,0,1],"scale":0.446363121,"type":"tropical_plant_01_a"}
{"ctxid":0,"pos":[618.775635,142.533417,142.006012],"rotationMatrix":[-0.866464794,0.499238074,0,-0.499238074,-0.866464794,0,0,0,1],"scale":0.411536992,"type":"tropical_plant_01_a"}
{"ctxid":0,"pos":[618.559692,145.665573,143.659073],"rotationMatrix":[0.544568479,-0.838716388,0,0.838716388,0.544568479,0,0,0,1],"scale":0.585437953,"type":"tropical_plant_01_a"}
{"ctxid":0,"pos":[782.067078,346.537628,130.67749],"rotationMatrix":[-0.575911045,0.743221939,-0.34051007,-0.814711511,-0.487335563,0.314243108,0.0676096976,0.458393663,0.886173844],"scale":0.450500429,"type":"tropical_plant_01_a"}
{"ctxid":0,"pos":[777.249573,314.484222,129.468964],"rotationMatrix":[-0.357772827,-0.933445752,-0.0260285139,0.907783687,-0.341131926,-0.244044334,0.218922988,-0.110940702,0.969414711],"scale":0.652416646,"type":"tropical_plant_01_a"}
{"ctxid":0,"pos":[777.580078,315.974213,129.625443],"rotationMatrix":[-0.950906873,0.221387044,0.216249108,-0.234043851,-0.971615314,-0.0344550945,0.202483028,-0.0833753645,0.975730062],"scale":0.558994353,"type":"tropical_plant_01_a"}
{"ctxid":0,"pos":[778.505615,315.686157,129.13739],"rotationMatrix":[-0.93007803,-0.307606906,0.200829387,0.276792079,-0.946228027,-0.167446017,0.241537988,-0.1001499,0.965209484],"scale":0.420354873,"type":"tropical_plant_01_a"}
{"ctxid":0,"pos":[742.006836,202.986496,131.519379],"rotationMatrix":[0.351554036,-0.931557298,-0.0927929282,0.926021099,0.331477582,0.180575073,-0.137457281,-0.149410099,0.979174197],"scale":0.58629483,"type":"tropical_plant_01_a"}
{"ctxid":0,"pos":[657.483521,129.039261,129.000076],"rotationMatrix":[0.477504969,0.863454878,0.162586987,-0.862730324,0.425724387,0.272864431,0.166388929,-0.270562857,0.948214352],"scale":0.591144085,"type":"tropical_plant_01_a"}
{"ctxid":0,"pos":[659.062561,131.087997,129.629959],"rotationMatrix":[-0.386197329,0.90710187,0.167384163,-0.915508032,-0.399107933,0.0505714118,0.112677827,-0.13371101,0.984593868],"scale":0.699057043,"type":"tropical_plant_01_a"}
{"ctxid":0,"pos":[676.029175,710.617676,154.496399],"rotationMatrix":[-0.503435254,0.864031792,-0.00131840783,-0.864032745,-0.503434658,0.000768180529,0,0.00152587704,0.999998808],"scale":0.47878617,"type":"tropical_plant_01_a"}
{"ctxid":0,"pos":[679.552734,707.200867,154.498291],"rotationMatrix":[0.73227948,-0.681004167,0,0.681004167,0.73227948,0,0,0,1],"scale":0.488692701,"type":"tropical_plant_01_a"}
{"ctxid":0,"pos":[686.711609,712.29541,154.700439],"rotationMatrix":[-0.0594938993,-0.998207092,-0.00655674562,0.993776202,-0.0586075783,-0.0947311223,0.0941770077,-0.0121518746,0.995481312],"scale":0.657551646,"type":"tropical_plant_01_a"}
{"ctxid":0,"pos":[675.502686,723.573608,153.408081],"rotationMatrix":[-0.969388843,0.245530352,0,-0.245530352,-0.969388843,0,0,0,1],"scale":0.428962827,"type":"tropical_plant_01_a"}
{"ctxid":0,"pos":[828.140198,824.723083,146.186813],"rotationMatrix":[0.687554061,-0.726050436,0.0109611675,0.72612673,0.687533081,-0.00617677346,-0.00305151567,0.0122060627,0.999920845],"scale":0.542205572,"type":"tropical_plant_01_a"}
{"ctxid":0,"pos":[872.432068,822.924744,152.233185],"rotationMatrix":[-0.184147954,-0.954410255,0.234925866,0.982737243,-0.183107734,0.0264302567,0.0177915096,0.235737532,0.971653879],"scale":0.615809262,"type":"tropical_plant_01_a"}
{"ctxid":0,"pos":[915.848328,806.044312,153.490005],"rotationMatrix":[0.997319281,-0.0486707278,0.0546384789,0.0548682846,0.991455078,-0.118348114,-0.0484115072,0.121028773,0.991467774],"scale":0.696047485,"type":"tropical_plant_01_a"}
{"ctxid":0,"pos":[918.165649,794.916382,153.825256],"rotationMatrix":[-0.647159219,-0.724390447,-0.237577528,0.751892149,-0.657944918,-0.0420280769,-0.125868231,-0.205831558,0.970458925],"scale":0.476279706,"type":"tropical_plant_01_a"}
{"ctxid":0,"pos":[916.861694,794.230713,153.324402],"rotationMatrix":[0.675222039,-0.7303074,-0.103567973,0.725295126,0.631812692,0.273421973,-0.134246528,-0.259737879,0.956302285],"scale":0.683279276,"type":"tropical_plant_01_a"}
{"ctxid":0,"pos":[919.056763,794.454651,153.804718],"rotationMatrix":[-0.966348171,-0.127786532,-0.22325255,0.178432569,-0.958133698,-0.223923191,-0.185291424,-0.256223321,0.948692083],"scale":0.582437098,"type":"tropical_plant_01_a"}
{"ctxid":0,"pos":[921.394714,793.659729,153.689285],"rotationMatrix":[-0.990363717,0.0985050723,0.097345151,-0.11795374,-0.968297958,-0.220194206,0.072568886,-0.229554608,0.970586658],"scale":0.413732916,"type":"tropical_plant_01_a"}
{"ctxid":0,"pos":[925.281677,795.667053,153.39592],"rotationMatrix":[-0.377793074,-0.925347924,0.0316727273,0.924905658,-0.378747463,-0.0331590772,0.0426796637,0.0167670082,0.998948097],"scale":0.499125034,"type":"tropical_plant_01_a"}
{"ctxid":0,"pos":[923.858215,795.823364,153.782318],"rotationMatrix":[-0.776692152,0.616435766,0.129444018,-0.616004944,-0.786267042,0.048182603,0.13147907,-0.0423151068,0.990415394],"scale":0.474264681,"type":"tropical_plant_01_a"}
{"ctxid":0,"pos":[911.408508,795.492188,152.966217],"rotationMatrix":[-0.0426747799,-0.997476041,-0.0567464978,0.998045027,-0.0451570749,0.0432063229,-0.045659788,-0.0547917448,0.997453272],"scale":0.434122503,"type":"tropical_plant_01_a"}
{"ctxid":0,"pos":[846.660034,778.296082,134.244446],"rotationMatrix":[0.353859544,-0.93519485,0.0139229465,0.933410168,0.354051471,0.0582477674,-0.0594024584,-0.00761570223,0.998205066],"scale":0.449658513,"type":"tropical_plant_01_a"}
{"ctxid":0,"pos":[855.254517,779.386719,135.128418],"rotationMatrix":[-0.122377276,0.989322186,0.0791529939,-0.990134954,-0.116215467,-0.078272365,-0.068237789,-0.0879509225,0.993784785],"scale":0.532259881,"type":"tropical_plant_01_a"}
{"ctxid":0,"pos":[514.701782,792.495483,131.863403],"rotationMatrix":[-0.345890671,-0.938274741,0,0.938274741,-0.345890671,0,0,0,1],"scale":0.478350997,"type":"tropical_plant_01_a"}
{"ctxid":0,"pos":[516.536438,793.380981,131.863403],"rotationMatrix":[-0.335974574,0.941871047,0,-0.941871047,-0.335974574,0,0,0,1],"scale":0.666260958,"type":"tropical_plant_01_a"}
{"ctxid":0,"pos":[509.515717,798.359924,131.686661],"rotationMatrix":[-0.856461763,0.516210318,0,-0.516210318,-0.856461763,0,0,0,1],"scale":0.529366493,"type":"tropical_plant_01_a"}
{"ctxid":0,"pos":[492.114258,756.36853,141.54248],"rotationMatrix":[-0.623850286,-0.78154397,0,0.78154397,-0.623850286,0,0,0,1],"scale":0.432922691,"type":"tropical_plant_01_a"}
{"ctxid":0,"pos":[484.405548,759.955383,146.202362],"rotationMatrix":[0.781479955,-0.623930395,0,0.623930395,0.781479955,0,0,0,1],"scale":0.687846184,"type":"tropical_plant_01_a"}
{"ctxid":0,"pos":[485.529541,760.210327,146.090973],"rotationMatrix":[0.982019722,-0.188778207,0,0.188778207,0.982019722,0,0,0,1],"scale":0.551955581,"type":"tropical_plant_01_a"}
{"ctxid":0,"pos":[477.475983,750.444397,139.935699],"rotationMatrix":[-0.977686524,-0.210068986,0,0.210068986,-0.977686524,0,0,0,1],"scale":0.540680528,"type":"tropical_plant_01_a"}
{"ctxid":0,"pos":[468.404572,750.402832,139.391571],"rotationMatrix":[0.840171218,-0.542321205,0,0.542321205,0.840171218,0,0,0,1],"scale":0.684833646,"type":"tropical_plant_01_a"}
{"ctxid":0,"pos":[657.763855,-26.3715382,132.397461],"rotationMatrix":[-0.934974432,0.354715019,0,-0.354715019,-0.934974432,0,0,0,1],"scale":0.469951481,"type":"tropical_plant_01_a"}
{"ctxid":0,"pos":[665.783203,-22.6938438,132.397461],"rotationMatrix":[0.79745692,-0.603375912,0,0.603375912,0.79745692,0,0,0,1],"scale":0.536463439,"type":"tropical_plant_01_a"}
{"ctxid":0,"pos":[671.237915,-16.6361885,132.397461],"rotationMatrix":[-0.0796658546,0.996821523,0,-0.996821523,-0.0796658546,0,0,0,1],"scale":0.522735834,"type":"tropical_plant_01_a"}
{"ctxid":0,"pos":[667.554565,-14.5916929,132.397461],"rotationMatrix":[0.0110148666,-0.999939322,0,0.999939322,0.0110148666,0,0,0,1],"scale":0.54614681,"type":"tropical_plant_01_a"}
{"ctxid":0,"pos":[667.846741,-15.2856979,132.397461],"rotationMatrix":[-0.152135313,0.98835963,0,-0.98835963,-0.152135313,0,0,0,1],"scale":0.401349247,"type":"tropical_plant_01_a"}
{"ctxid":0,"pos":[664.929504,31.5151234,132.397461],"rotationMatrix":[-0.976875544,0.213808835,0,-0.213808835,-0.976875544,0,0,0,1],"scale":0.615649641,"type":"tropical_plant_01_a"}
{"ctxid":0,"pos":[665.71582,36.9670258,132.397461],"rotationMatrix":[-0.000370828318,-0.99999994,0,0.99999994,-0.000370828318,0,0,0,1],"scale":0.671689034,"type":"tropical_plant_01_a"}
{"ctxid":0,"pos":[660.775818,44.8963699,132.397461],"rotationMatrix":[0.536785007,-0.843719125,0,0.843719125,0.536785007,0,0,0,1],"scale":0.698572695,"type":"tropical_plant_01_a"}
{"ctxid":0,"pos":[-95.0656128,801.660034,129.334747],"rotationMatrix":[0.357737958,-0.929652631,0.0881434977,0.924487889,0.339268625,-0.173835307,0.13170217,0.143675089,0.980822086],"scale":0.667955399,"type":"tropical_plant_01_a"}
{"ctxid":0,"pos":[0.66511178,767.315796,129.509048],"rotationMatrix":[-0.996275365,0.0862280577,0,-0.0862280577,-0.996275365,0,0,0,1],"scale":0.58099246,"type":"tropical_plant_01_a"}
{"ctxid":0,"pos":[4.16215467,766.118774,129.573853],"rotationMatrix":[0.339987367,-0.940429926,0,0.940429926,0.339987367,0,0,0,1],"scale":0.616068363,"type":"tropical_plant_01_a"}
{"ctxid":0,"pos":[-4.30210114,770.53009,129.719391],"rotationMatrix":[-0.876256287,0.4818452,0,-0.4818452,-0.876256287,0,0,0,1],"scale":0.65813458,"type":"tropical_plant_01_a"}
{"ctxid":0,"pos":[-3.74678826,767.671204,130.402924],"rotationMatrix":[0.82062459,-0.571467638,0,0.571467638,0.82062459,0,0,0,1],"scale":0.696260571,"type":"tropical_plant_01_a"}
{"ctxid":0,"pos":[-1.69169855,765.563293,130.691803],"rotationMatrix":[-0.704943299,0.709263504,0,-0.709263504,-0.704943299,0,0,0,1],"scale":0.603590369,"type":"tropical_plant_01_a"}
{"ctxid":0,"pos":[26.4314117,759.983765,131.872559],"rotationMatrix":[-0.96590507,0.258896232,0,-0.258896232,-0.96590507,0,0,0,1],"scale":0.424355716,"type":"tropical_plant_01_a"}
{"ctxid":0,"pos":[24.4905167,759.367432,131.866455],"rotationMatrix":[0.425118953,0.905137539,0,-0.905137539,0.425118953,0,0,0,1],"scale":0.48176074,"type":"tropical_plant_01_a"}
{"ctxid":0,"pos":[25.1364117,759.936157,131.867279],"rotationMatrix":[0.138501003,0.990362287,0,-0.990362287,0.138501003,0,0,0,1],"scale":0.595497787,"type":"tropical_plant_01_a"}
{"ctxid":0,"pos":[52.929081,751.059143,131.881714],"rotationMatrix":[-0.997161031,-0.0752984062,0,0.0752984062,-0.997161031,0,0,0,1],"scale":0.675008833,"type":"tropical_plant_01_a"}
{"ctxid":0,"pos":[55.0362358,750.980164,131.884766],"rotationMatrix":[-0.718031168,0.696011007,0,-0.696011007,-0.718031168,0,0,0,1],"scale":0.620464742,"type":"tropical_plant_01_a"}
{"ctxid":0,"pos":[69.2781525,745.20636,131.882721],"rotationMatrix":[0.994944572,-0.100424878,0,0.100424878,0.994944572,0,0,0,1],"scale":0.406949699,"type":"tropical_plant_01_a"}
{"ctxid":0,"pos":[63.9880257,747.498718,131.86377],"rotationMatrix":[-0.662834644,0.748765826,0,-0.748765826,-0.662834644,0,0,0,1],"scale":0.616422594,"type":"tropical_plant_01_a"}
{"ctxid":0,"pos":[63.1382675,745.583862,131.89476],"rotationMatrix":[-0.0402983613,-0.999187708,0,0.999187708,-0.0402983613,0,0,0,1],"scale":0.687094808,"type":"tropical_plant_01_a"}
{"ctxid":0,"pos":[74.759758,743.278015,131.948669],"rotationMatrix":[-0.138823181,0.990317106,0,-0.990317106,-0.138823181,0,0,0,1],"scale":0.404671162,"type":"tropical_plant_01_a"}
{"ctxid":0,"pos":[135.936829,767.839294,127.482559],"rotationMatrix":[0.179923177,-0.983680606,0,0.983680606,0.179923177,0,0,0,1],"scale":0.419869751,"type":"tropical_plant_01_a"}
{"ctxid":0,"pos":[-315.931427,878.776184,128.925415],"rotationMatrix":[0.154102981,0.988054752,0,-0.988054752,0.154102981,0,0,0,1],"scale":0.496685982,"type":"tropical_plant_01_a"}
{"ctxid":0,"pos":[-311.316895,881.315552,128.215469],"rotationMatrix":[-0.721860111,-0.692039132,0,0.692039132,-0.721860111,0,0,0,1],"scale":0.588757038,"type":"tropical_plant_01_a"}
{"ctxid":0,"pos":[-312.259094,880.753052,128.468292],"rotationMatrix":[0.951449394,-0.307805091,0,0.307805091,0.951449394,0,0,0,1],"scale":0.594978511,"type":"tropical_plant_01_a"}
{"ctxid":0,"pos":[-317.961792,862.578979,131.139313],"rotationMatrix":[-0.292029291,-0.956409335,0,0.956409335,-0.292029291,0,0,0,1],"scale":0.588798642,"type":"tropical_plant_01_a"}
{"ctxid":0,"pos":[-293.044617,862.799561,131.418091],"rotationMatrix":[0.150484741,-0.988612294,0,0.988612294,0.150484741,0,0,0,1],"scale":0.548741043,"type":"tropical_plant_01_a"}
{"ctxid":0,"pos":[-899.386902,937.89032,138.992584],"rotationMatrix":[0.578235984,-0.81586951,0,0.81586951,0.578235984,0,0,0,1],"scale":0.56866008,"type":"tropical_plant_01_a"}
{"ctxid":0,"pos":[632.840454,45.3238297,139.649872],"rotationMatrix":[-0.696065247,-0.717978477,0,0.717978477,-0.696065247,0,0,0,1],"scale":0.428183675,"type":"tropical_plant_01_a"}
{"ctxid":0,"pos":[632.984985,52.9162521,132.397461],"rotationMatrix":[-0.807866275,0.58936584,0,-0.58936584,-0.807866275,0,0,0,1],"scale":0.555938482,"type":"tropical_plant_01_a"}
