{"ctxid":0,"pos":[-17.2140846,-316.406586,135.739471],"rotationMatrix":[-0.168357149,-0.985726058,0,0.985726058,-0.168357149,0,0,0,1],"scale":0.45084244,"type":"tropical_plant_01_b"}
{"ctxid":0,"pos":[-17.9844208,-313.444733,135.549042],"rotationMatrix":[0.564227521,0.82561934,0,-0.82561934,0.564227521,0,0,0,1],"scale":0.549663842,"type":"tropical_plant_01_b"}
{"ctxid":0,"pos":[-17.2322388,-320.746796,135.837875],"rotationMatrix":[0.958975017,0.283490539,0,-0.283490539,0.958975017,0,0,0,1],"scale":0.561731994,"type":"tropical_plant_01_b"}
{"ctxid":0,"pos":[-21.2270718,-321.893372,136.820511],"rotationMatrix":[0.977940083,0.208885536,0,-0.208885536,0.977940083,0,0,0,1],"scale":0.691445649,"type":"tropical_plant_01_b"}
{"ctxid":0,"pos":[-20.4477768,-318.519775,136.47316],"rotationMatrix":[0.968572855,-0.248729914,0,0.248729914,0.968572855,0,0,0,1],"scale":0.525080085,"type":"tropical_plant_01_b"}
{"ctxid":0,"pos":[-18.3065186,-320.3992,136.188553],"rotationMatrix":[0.986223161,0.165420383,0,-0.165420383,0.986223161,0,0,0,1],"scale":0.526267231,"type":"tropical_plant_01_b"}
{"ctxid":0,"pos":[-20.78862,-317.060089,136.427856],"rotationMatrix":[-0.951309919,-0.308236003,0,0.308236003,-0.951309919,0,0,0,1],"scale":0.648683548,"type":"tropical_plant_01_b"}
{"ctxid":0,"pos":[-15.6046162,-319.499817,135.311707],"rotationMatrix":[-0.540698171,-0.841216683,0,0.841216683,-0.540698171,0,0,0,1],"scale":0.481164038,"type":"tropical_plant_01_b"}
{"ctxid":0,"pos":[-20.1749935,-323.844543,136.70488],"rotationMatrix":[0.876324475,-0.481721252,0,0.481721252,0.876324475,0,0,0,1],"scale":0.663076401,"type":"tropical_plant_01_b"}
{"ctxid":0,"pos":[-21.9496918,-321.17746,136.903046],"rotationMatrix":[-0.671882808,-0.740657508,0,0.740657508,-0.671882808,0,0,0,1],"scale":0.660103321,"type":"tropical_plant_01_b"}
{"ctxid":0,"pos":[-16.0430737,-318.673737,135.552994],"rotationMatrix":[0.859477818,-0.51117301,0,0.51117301,0.859477818,0,0,0,1],"scale":0.627965212,"type":"tropical_plant_01_b"}
{"ctxid":0,"pos":[-18.9304714,-317.159241,136.117737],"rotationMatrix":[-0.612387121,-0.79055804,0,0.79055804,-0.612387121,0,0,0,1],"scale":0.679628134,"type":"tropical_plant_01_b"}
{"ctxid":0,"pos":[-17.9316292,-319.628326,136.089355],"rotationMatrix":[0.488401741,0.872618914,0,-0.872618914,0.488401741,0,0,0,1],"scale":0.496972442,"type":"tropical_plant_01_b"}
{"ctxid":0,"pos":[-15.1740751,-323.410919,135.018295],"rotationMatrix":[-0.335617632,0.941998303,0,-0.941998303,-0.335617632,0,0,0,1],"scale":0.461822629,"type":"tropical_plant_01_b"}
{"ctxid":0,"pos":[-16.9055405,-324.142761,135.568909],"rotationMatrix":[0.140394568,-0.990095615,0,0.990095615,0.140394568,0,0,0,1],"scale":0.669348598,"type":"tropical_plant_01_b"}
{"ctxid":0,"pos":[-19.347517,-325.950043,136.23793],"rotationMatrix":[0.924009085,-0.382370561,0,0.382370561,0.924009085,0,0,0,1],"scale":0.420501828,"type":"tropical_plant_01_b"}
{"ctxid":0,"pos":[-21.143322,-318.05484,136.556641],"rotationMatrix":[-0.904568493,0.426328272,0,-0.426328272,-0.904568493,0,0,0,1],"scale":0.587213755,"type":"tropical_plant_01_b"}
{"ctxid":0,"pos":[-19.6119785,-320.768433,136.466614],"rotationMatrix":[0.0462862626,0.998928189,0,-0.998928189,0.0462862626,0,0,0,1],"scale":0.621862233,"type":"tropical_plant_01_b"}
{"ctxid":0,"pos":[-24.27668,-320.423065,137.315613],"rotationMatrix":[0.308555424,0.951206386,0,-0.951206386,0.308555424,0,0,0,1],"scale":0.417853802,"type":"tropical_plant_01_b"}
{"ctxid":0,"pos":[-25.4629669,-345.848328,135.915573],"rotationMatrix":[-0.349984437,-0.936755538,0,0.936755538,-0.349984437,0,0,0,1],"scale":0.519193232,"type":"tropical_plant_01_b"}
{"ctxid":0,"pos":[-32.5535469,-343.253235,135.530319],"rotationMatrix":[0.982660413,0.185414538,0,-0.185414538,0.982660413,0,0,0,1],"scale":0.477273583,"type":"tropical_plant_01_b"}
{"ctxid":0,"pos":[-33.5456009,-340.671051,136.445587],"rotationMatrix":[0.998306572,-0.0581718795,0,0.0581718795,0.998306572,0,0,0,1],"scale":0.450294763,"type":"tropical_plant_01_b"}
{"ctxid":0,"pos":[-20.5831375,-346.57373,135.588348],"rotationMatrix":[-0.805127621,-0.593101621,0,0.593101621,-0.805127621,0,0,0,1],"scale":0.54817009,"type":"tropical_plant_01_b"}
{"ctxid":0,"pos":[-24.2956257,-350.346619,136.411163],"rotationMatrix":[-0.536812603,0.843701482,0,-0.843701482,-0.536812603,0,0,0,1],"scale":0.583771825,"type":"tropical_plant_01_b"}
{"ctxid":0,"pos":[-20.3834343,-334.145721,136.553482],"rotationMatrix":[-0.482543975,-0.875871778,0,0.875871778,-0.482543975,0,0,0,1],"scale":0.649670422,"type":"tropical_plant_01_b"}
{"ctxid":0,"pos":[-29.0598106,-342.038391,135.579681],"rotationMatrix":[0.883372188,0.468672186,0,-0.468672186,0.883372188,0,0,0,1],"scale":0.697198868,"type":"tropical_plant_01_b"}
{"ctxid":0,"pos":[-19.5137119,-346.7323,135.142044],"rotationMatrix":[-0.790202856,-0.612845421,0,0.612845421,-0.790202856,0,0,0,1],"scale":0.6844787,"type":"tropical_plant_01_b"}
{"ctxid":0,"pos":[-24.0880623,-337.862122,136.573853],"rotationMatrix":[0.98193872,0.189199194,0,-0.189199194,0.98193872,0,0,0,1],"scale":0.527768254,"type":"tropical_plant_01_b"}
{"ctxid":0,"pos":[-31.1698723,-341.818176,135.828705],"rotationMatrix":[-0.785800755,0.618479729,0,-0.618479729,-0.785800755,0,0,0,1],"scale":0.445664883,"type":"tropical_plant_01_b"}
{"ctxid":0,"pos":[-33.449028,-345.603058,135.438263],"rotationMatrix":[-0.470482767,-0.882409155,0,0.882409155,-0.470482767,0,0,0,1],"scale":0.685099363,"type":"tropical_plant_01_b"}
{"ctxid":0,"pos":[-28.6032333,-327.408356,138.213196],"rotationMatrix":[-0.650266588,0.75970608,0,-0.75970608,-0.650266588,0,0,0,1],"scale":0.431628317,"type":"tropical_plant_01_b"}
{"ctxid":0,"pos":[-27.5937672,-329.290802,137.722137],"rotationMatrix":[0.0794606954,0.996837974,0,-0.996837974,0.0794606954,0,0,0,1],"scale":0.528458953,"type":"tropical_plant_01_b"}
{"ctxid":0,"pos":[-34.0668716,-330.731354,138.91394],"rotationMatrix":[-0.288563818,0.957460642,0,-0.957460642,-0.288563818,0,0,0,1],"scale":0.560048103,"type":"tropical_plant_01_b"}
{"ctxid":0,"pos":[-46.3059464,-332.911011,139.782776],"rotationMatrix":[0.299791247,-0.954004824,0,0.954004824,0.299791247,0,0,0,1],"scale":0.611487627,"type":"tropical_plant_01_b"}
{"ctxid":0,"pos":[-34.9664917,-336.714966,137.565262],"rotationMatrix":[0.95626539,0.292500347,0,-0.292500347,0.95626539,0,0,0,1],"scale":0.531889737,"type":"tropical_plant_01_b"}
{"ctxid":0,"pos":[-28.9530354,-336.530579,136.83049],"rotationMatrix":[-0.940036297,-0.341074377,0,0.341074377,-0.940036297,0,0,0,1],"scale":0.658721805,"type":"tropical_plant_01_b"}
{"ctxid":0,"pos":[-26.5478611,-326.776398,137.755676],"rotationMatrix":[-0.308918685,0.951088428,0,-0.951088428,-0.308918685,0,0,0,1],"scale":0.446986854,"type":"tropical_plant_01_b"}
{"ctxid":0,"pos":[-37.6889801,-333.536682,139.056854],"rotationMatrix":[-0.981547892,-0.191216454,0,0.191216454,-0.981547892,0,0,0,1],"scale":0.412728071,"type":"tropical_plant_01_b"}
{"ctxid":0,"pos":[-28.4316788,-330.099335,137.787689],"rotationMatrix":[0.621622384,0.783317089,0,-0.783317089,0.621622384,0,0,0,1],"scale":0.523052037,"type":"tropical_plant_01_b"}
{"ctxid":0,"pos":[-39.1092224,-333.580078,139.460938],"rotationMatrix":[-0.813710213,-0.581270754,0,0.581270754,-0.813710213,0,0,0,1],"scale":0.655794322,"type":"tropical_plant_01_b"}
{"ctxid":0,"pos":[-30.7933197,-334.177368,137.463257],"rotationMatrix":[-0.987585664,0.157081217,0,-0.157081217,-0.987585664,0,0,0,1],"scale":0.547897637,"type":"tropical_plant_01_b"}
{"ctxid":0,"pos":[-32.6596603,-329.750336,138.834106],"rotationMatrix":[0.957094848,-0.289774746,0,0.289774746,0.957094848,0,0,0,1],"scale":0.567415535,"type":"tropical_plant_01_b"}
{"ctxid":0,"pos":[-36.397049,-334.033508,138.656357],"rotationMatrix":[0.219831258,-0.975537896,0,0.975537896,0.219831258,0,0,0,1],"scale":0.686932564,"type":"tropical_plant_01_b"}
{"ctxid":0,"pos":[-40.0675621,-336.398041,138.901276],"rotationMatrix":[0.74795866,0.663745344,0,-0.663745344,0.74795866,0,0,0,1],"scale":0.618352473,"type":"tropical_plant_01_b"}
{"ctxid":0,"pos":[-26.6344299,-329.719971,137.608582],"rotationMatrix":[0.833365977,-0.55272156,0,0.55272156,0.833365977,0,0,0,1],"scale":0.618972659,"type":"tropical_plant_01_b"}
{"ctxid":0,"pos":[-26.5976887,-328.239685,137.670547],"rotationMatrix":[-0.583984554,0.811764777,0,-0.811764777,-0.583984554,0,0,0,1],"scale":0.600496709,"type":"tropical_plant_01_b"}
{"ctxid":0,"pos":[-35.1690102,-330.43277,139.237762],"rotationMatrix":[-0.313547373,-0.949572563,0,0.949572563,-0.313547373,0,0,0,1],"scale":0.66416347,"type":"tropical_plant_01_b"}
{"ctxid":0,"pos":[-29.4815884,-331.908051,137.635391],"rotationMatrix":[0.727583051,0.686019599,0,-0.686019599,0.727583051,0,0,0,1],"scale":0.55281657,"type":"tropical_plant_01_b"}
{"ctxid":0,"pos":[-38.5124359,-335.34317,138.754913],"rotationMatrix":[0.999396622,0.0347332843,0,-0.0347332843,0.999396622,0,0,0,1],"scale":0.562551737,"type":"tropical_plant_01_b"}
{"ctxid":0,"pos":[-29.46731,-333.938019,137.34848],"rotationMatrix":[-0.467043459,-0.884234369,0,0.884234369,-0.467043459,0,0,0,1],"scale":0.589077592,"type":"tropical_plant_01_b"}
{"ctxid":0,"pos":[-40.8749695,-332.493317,139.765182],"rotationMatrix":[0.89433223,0.447403431,0,-0.447403431,0.89433223,0,0,0,1],"scale":0.61937052,"type":"tropical_plant_01_b"}
{"ctxid":0,"pos":[-36.0150986,-338.617706,137.32962],"rotationMatrix":[0.182469875,0.983211458,0,-0.983211458,0.182469875,0,0,0,1],"scale":0.419030368,"type":"tropical_plant_01_b"}
{"ctxid":0,"pos":[-27.5013046,-335.288513,136.884338],"rotationMatrix":[-0.522732437,-0.852496803,0,0.852496803,-0.522732437,0,0,0,1],"scale":0.587124586,"type":"tropical_plant_01_b"}
{"ctxid":0,"pos":[-34.4856873,-329.798126,139.299652],"rotationMatrix":[0.98796922,0.154650554,0,-0.154650554,0.98796922,0,0,0,1],"scale":0.50595957,"type":"tropical_plant_01_b"}
{"ctxid":0,"pos":[-26.8619137,-325.060883,137.983749],"rotationMatrix":[-0.970543265,-0.240926981,0,0.240926981,-0.970543265,0,0,0,1],"scale":0.487970054,"type":"tropical_plant_01_b"}
{"ctxid":0,"pos":[-32.3440323,-327.038605,139.531082],"rotationMatrix":[0.757404745,0.652945638,0,-0.652945638,0.757404745,0,0,0,1],"scale":0.449028373,"type":"tropical_plant_01_b"}
{"ctxid":0,"pos":[-44.4811859,-332.125061,140.010284],"rotationMatrix":[-0.703519166,0.710676253,0,-0.710676253,-0.703519166,0,0,0,1],"scale":0.563123524,"type":"tropical_plant_01_b"}
{"ctxid":0,"pos":[-40.4549713,-335.581573,139.156189],"rotationMatrix":[-0.44747901,-0.894294441,0,0.894294441,-0.44747901,0,0,0,1],"scale":0.507355273,"type":"tropical_plant_01_b"}
{"ctxid":0,"pos":[-45.262825,-335.168915,139.369537],"rotationMatrix":[-0.428443283,-0.903568685,0,0.903568685,-0.428443283,0,0,0,1],"scale":0.424922109,"type":"tropical_plant_01_b"}
{"ctxid":0,"pos":[-41.159359,-338.217346,138.647202],"rotationMatrix":[0.935370207,0.35367018,0,-0.35367018,0.935370207,0,0,0,1],"scale":0.480490744,"type":"tropical_plant_01_b"}
{"ctxid":0,"pos":[-38.4703636,-332.291687,139.682785],"rotationMatrix":[-0.999287963,-0.0377295166,0,0.0377295166,-0.999287963,0,0,0,1],"scale":0.503168344,"type":"tropical_plant_01_b"}
{"ctxid":0,"pos":[-26.1986198,-331.054565,137.304489],"rotationMatrix":[-0.679818749,0.733380198,0,-0.733380198,-0.679818749,0,0,0,1],"scale":0.425131083,"type":"tropical_plant_01_b"}
{"ctxid":0,"pos":[-32.4573784,-340.033112,136.531799],"rotationMatrix":[0.38154456,-0.924350441,0,0.924350441,0.38154456,0,0,0,1],"scale":0.441049367,"type":"tropical_plant_01_b"}
{"ctxid":0,"pos":[-42.4249878,-335.633057,139.268692],"rotationMatrix":[-0.933688104,-0.358087242,0,0.358087242,-0.933688104,0,0,0,1],"scale":0.512633502,"type":"tropical_plant_01_b"}
{"ctxid":0,"pos":[-39.6331177,-338.684784,138.391022],"rotationMatrix":[0.970817745,-0.239818424,0,0.239818424,0.970817745,0,0,0,1],"scale":0.567666173,"type":"tropical_plant_01_b"}
{"ctxid":0,"pos":[-31.5103874,-329.946655,138.581253],"rotationMatrix":[0.889247477,0.457426399,0,-0.457426399,0.889247477,0,0,0,1],"scale":0.562644124,"type":"tropical_plant_01_b"}
{"ctxid":0,"pos":[-35.807621,-327.549194,140.047913],"rotationMatrix":[0.968510807,0.248971537,0,-0.248971537,0.968510807,0,0,0,1],"scale":0.560418904,"type":"tropical_plant_01_b"}
{"ctxid":0,"pos":[-42.0033493,-333.134613,139.690216],"rotationMatrix":[-0.947581887,-0.319512993,0,0.319512993,-0.947581887,0,0,0,1],"scale":0.624896705,"type":"tropical_plant_01_b"}
{"ctxid":0,"pos":[-31.9881058,-328.947205,138.89122],"rotationMatrix":[0.318933606,-0.947777092,0,0.947777092,0.318933606,0,0,0,1],"scale":0.561164796,"type":"tropical_plant_01_b"}
{"ctxid":0,"pos":[-42.6958618,-334.219482,139.464386],"rotationMatrix":[0.779885292,-0.625922441,0,0.625922441,0.779885292,0,0,0,1],"scale":0.470090508,"type":"tropical_plant_01_b"}
{"ctxid":0,"pos":[-38.5413857,-337.957611,138.296082],"rotationMatrix":[0.747335553,-0.664446831,0,0.664446831,0.747335553,0,0,0,1],"scale":0.444004864,"type":"tropical_plant_01_b"}
{"ctxid":0,"pos":[-29.0531311,-324.82251,138.601242],"rotationMatrix":[-0.466062933,0.884751558,0,-0.884751558,-0.466062933,0,0,0,1],"scale":0.698957503,"type":"tropical_plant_01_b"}
{"ctxid":0,"pos":[-38.2666512,-340.4841,137.418427],"rotationMatrix":[0.579908729,-0.81468147,0,0.81468147,0.579908729,0,0,0,1],"scale":0.491173834,"type":"tropical_plant_01_b"}
{"ctxid":0,"pos":[-40.3553505,-333.249878,139.603394],"rotationMatrix":[-0.246268153,0.969201744,0,-0.969201744,-0.246268153,0,0,0,1],"scale":0.533073664,"type":"tropical_plant_01_b"}
{"ctxid":0,"pos":[-45.1698303,-334.22052,139.510727],"rotationMatrix":[0.836968064,0.547251701,0,-0.547251701,0.836968064,0,0,0,1],"scale":0.66191417,"type":"tropical_plant_01_b"}
{"ctxid":0,"pos":[-27.5744762,-333.108276,137.311707],"rotationMatrix":[-0.253212988,0.967410564,0,-0.967410564,-0.253212988,0,0,0,1],"scale":0.530276358,"type":"tropical_plant_01_b"}
{"ctxid":0,"pos":[-43.492794,-330.249054,140.620193],"rotationMatrix":[0.996939123,-0.0781816021,0,0.0781816021,0.996939123,0,0,0,1],"scale":0.677118242,"type":"tropical_plant_01_b"}
{"ctxid":0,"pos":[-36.4207573,-336.544067,138.067688],"rotationMatrix":[-0.806394756,-0.591377616,0,0.591377616,-0.806394756,0,0,0,1],"scale":0.487939954,"type":"tropical_plant_01_b"}
{"ctxid":0,"pos":[-38.9143639,-336.552277,138.628418],"rotationMatrix":[-0.0330835879,0.999452591,0,-0.999452591,-0.0330835879,0,0,0,1],"scale":0.529687762,"type":"tropical_plant_01_b"}
{"ctxid":0,"pos":[-27.2458611,-332.039459,137.486877],"rotationMatrix":[-0.98999083,0.141131744,0,-0.141131744,-0.98999083,0,0,0,1],"scale":0.400190175,"type":"tropical_plant_01_b"}
{"ctxid":0,"pos":[-41.1345482,-339.204834,138.431839],"rotationMatrix":[-0.702368915,-0.711813092,0,0.711813092,-0.702368915,0,0,0,1],"scale":0.465381265,"type":"tropical_plant_01_b"}
{"ctxid":0,"pos":[-32.3610077,-326.302155,139.714096],"rotationMatrix":[0.95367533,-0.300837815,0,0.300837815,0.95367533,0,0,0,1],"scale":0.408013731,"type":"tropical_plant_01_b"}
{"ctxid":0,"pos":[-31.0042725,-337.670685,136.766571],"rotationMatrix":[-0.953761578,0.30056417,0,-0.30056417,-0.953761578,0,0,0,1],"scale":0.520866215,"type":"tropical_plant_01_b"}
{"ctxid":0,"pos":[-31.9556541,-333.535492,137.726974],"rotationMatrix":[-0.72943753,-0.684047461,0,0.684047461,-0.72943753,0,0,0,1],"scale":0.521432877,"type":"tropical_plant_01_b"}
{"ctxid":0,"pos":[-30.3378372,-334.90976,137.268097],"rotationMatrix":[-0.471497208,0.881867588,0,-0.881867588,-0.471497208,0,0,0,1],"scale":0.439212859,"type":"tropical_plant_01_b"}
{"ctxid":0,"pos":[-42.2928276,-336.438538,139.152832],"rotationMatrix":[-0.964404821,-0.264430255,0,0.264430255,-0.964404821,0,0,0,1],"scale":0.561188936,"type":"tropical_plant_01_b"}
{"ctxid":0,"pos":[-32.170166,-330.867462,138.473328],"rotationMatrix":[-0.998016775,-0.0629489273,0,0.0629489273,-0.998016775,0,0,0,1],"scale":0.686086535,"type":"tropical_plant_01_b"}
{"ctxid":0,"pos":[819.960754,843.444824,148.84848],"rotationMatrix":[0.470531464,0.882383227,0,-0.882383227,0.470531464,0,0,0,1],"scale":0.5500862,"type":"tropical_plant_01_b"}
{"ctxid":0,"pos":[821.085388,831.036011,146.587372],"rotationMatrix":[0.722253144,0.691628814,0,-0.691628814,0.722253144,0,0,0,1],"scale":0.568809927,"type":"tropical_plant_01_b"}
{"ctxid":0,"pos":[818.332642,829.838379,145.866211],"rotationMatrix":[0.983910084,-0.178664282,0,0.178664282,0.983910084,0,0,0,1],"scale":0.501421392,"type":"tropical_plant_01_b"}
{"ctxid":0,"pos":[819.085693,830.81311,145.911972],"rotationMatrix":[-0.152739808,-0.988266408,0,0.988266408,-0.152739808,0,0,0,1],"scale":0.563583732,"type":"tropical_plant_01_b"}
{"ctxid":0,"pos":[821.371826,827.561157,146.76767],"rotationMatrix":[0.122109093,0.992516696,0,-0.992516696,0.122109093,0,0,0,1],"scale":0.601293147,"type":"tropical_plant_01_b"}
{"ctxid":0,"pos":[-569.982544,-469.082916,137.273956],"rotationMatrix":[-0.142563269,0.989785671,0,-0.989785671,-0.142563269,0,0,0,1],"scale":0.599329948,"type":"tropical_plant_01_b"}
{"ctxid":0,"pos":[-572.14917,-457.768585,138.137695],"rotationMatrix":[-0.874569714,0.484899759,0,-0.484899759,-0.874569714,0,0,0,1],"scale":0.554060638,"type":"tropical_plant_01_b"}
{"ctxid":0,"pos":[-580.384338,-458.045166,139.426117],"rotationMatrix":[0.653459549,0.756961405,0,-0.756961405,0.653459549,0,0,0,1],"scale":0.440225869,"type":"tropical_plant_01_b"}
{"ctxid":0,"pos":[-580.741699,-455.558685,139.259537],"rotationMatrix":[-0.98254472,0.186026484,0,-0.186026484,-0.98254472,0,0,0,1],"scale":0.453847051,"type":"tropical_plant_01_b"}
{"ctxid":0,"pos":[-588.408203,-458.102539,141.288315],"rotationMatrix":[-0.91078186,0.412887871,0,-0.412887871,-0.91078186,0,0,0,1],"scale":0.460013658,"type":"tropical_plant_01_b"}
{"ctxid":0,"pos":[-591.767334,-444.265442,141.636414],"rotationMatrix":[-0.0152727822,-0.999883354,0,0.999883354,-0.0152727822,0,0,0,1],"scale":0.411469132,"type":"tropical_plant_01_b"}
{"ctxid":0,"pos":[467.023651,-235.414871,160.015701],"rotationMatrix":[-0.935486376,-0.353362709,0,0.353362709,-0.935486376,0,0,0,1],"scale":0.661431134,"type":"tropical_plant_01_b"}
{"ctxid":0,"pos":[470.915802,-240.059174,160.06073],"rotationMatrix":[-0.200005054,0.97979486,0,-0.97979486,-0.200005054,0,0,0,1],"scale":0.426701933,"type":"tropical_plant_01_b"}
{"ctxid":0,"pos":[621.989624,-418.630951,159.997559],"rotationMatrix":[0.790331721,0.612679124,0,-0.612679124,0.790331721,0,0,0,1],"scale":0.497534454,"type":"tropical_plant_01_b"}
{"ctxid":0,"pos":[622.227295,-420.151337,159.997559],"rotationMatrix":[-0.364259541,-0.931297481,0,0.931297481,-0.364259541,0,0,0,1],"scale":0.408102781,"type":"tropical_plant_01_b"}
{"ctxid":0,"pos":[620.8703,-419.800903,159.997559],"rotationMatrix":[-0.923672855,0.383182079,0,-0.383182079,-0.923672855,0,0,0,1],"scale":0.42176187,"type":"tropical_plant_01_b"}
{"ctxid":0,"pos":[621.181335,-416.043671,159.997559],"rotationMatrix":[0.79013598,-0.612931609,0,0.612931609,0.79013598,0,0,0,1],"scale":0.435534686,"type":"tropical_plant_01_b"}
{"ctxid":0,"pos":[758.031311,-587.02417,160.058121],"rotationMatrix":[0.688078761,-0.725636065,0,0.725636065,0.688078761,0,0,0,1],"scale":0.440937012,"type":"tropical_plant_01_b"}
{"ctxid":0,"pos":[760.94574,-584.123657,160.08078],"rotationMatrix":[-0.159277558,0.987233818,0,-0.987233818,-0.159277558,0,0,0,1],"scale":0.485217243,"type":"tropical_plant_01_b"}
{"ctxid":0,"pos":[763.64386,-586.971069,160.071548],"rotationMatrix":[-0.75434041,0.656483471,0,-0.656483471,-0.75434041,0,0,0,1],"scale":0.435065717,"type":"tropical_plant_01_b"}
{"ctxid":0,"pos":[760.979858,-580.552612,160.149597],"rotationMatrix":[-0.560012102,0.828484416,0,-0.828484416,-0.560012102,0,0,0,1],"scale":0.604760051,"type":"tropical_plant_01_b"}
{"ctxid":0,"pos":[759.892212,-580.366333,160.147034],"rotationMatrix":[-0.286388069,0.95811373,0,-0.95811373,-0.286388069,0,0,0,1],"scale":0.464768648,"type":"tropical_plant_01_b"}
{"ctxid":0,"pos":[761.090454,-581.68811,160.107086],"rotationMatrix":[0.907679677,0.419663697,0,-0.419663697,0.907679677,0,0,0,1],"scale":0.62401408,"type":"tropical_plant_01_b"}
{"ctxid":0,"pos":[781.069824,-615.736938,159.997559],"rotationMatrix":[0.695975721,0.718065321,0,-0.718065321,0.695975721,0,0,0,1],"scale":0.543237209,"type":"tropical_plant_01_b"}
{"ctxid":0,"pos":[776.521729,-615.687073,159.997559],"rotationMatrix":[-0.178241834,-0.983986735,0,0.983986735,-0.178241834,0,0,0,1],"scale":0.554774046,"type":"tropical_plant_01_b"}
{"ctxid":0,"pos":[774.210327,-612.971069,159.997559],"rotationMatrix":[-0.908251226,0.418425262,0,-0.418425262,-0.908251226,0,0,0,1],"scale":0.691939354,"type":"tropical_plant_01_b"}
{"ctxid":0,"pos":[782.494873,-615.126221,159.997559],"rotationMatrix":[0.525676548,0.850684524,0,-0.850684524,0.525676548,0,0,0,1],"scale":0.572867811,"type":"tropical_plant_01_b"}
{"ctxid":0,"pos":[779.811462,-614.754395,159.997559],"rotationMatrix":[-0.895332456,0.44539845,0,-0.44539845,-0.895332456,0,0,0,1],"scale":0.595597684,"type":"tropical_plant_01_b"}
{"ctxid":0,"pos":[779.622314,-613.82019,159.997559],"rotationMatrix":[0.430926204,-0.902387142,0,0.902387142,0.430926204,0,0,0,1],"scale":0.659252226,"type":"tropical_plant_01_b"}
{"ctxid":0,"pos":[780.839661,-614.328125,159.997559],"rotationMatrix":[0.324845552,-0.945767105,0,0.945767105,0.324845552,0,0,0,1],"scale":0.532135367,"type":"tropical_plant_01_b"}
{"ctxid":0,"pos":[781.930176,-616.007812,159.997559],"rotationMatrix":[-0.735416412,-0.677615464,0,0.677615464,-0.735416412,0,0,0,1],"scale":0.502553642,"type":"tropical_plant_01_b"}
{"ctxid":0,"pos":[781.356384,-609.481628,160.084137],"rotationMatrix":[-0.795957506,-0.605352461,0,0.605352461,-0.795957506,0,0,0,1],"scale":0.541666865,"type":"tropical_plant_01_b"}
{"ctxid":0,"pos":[791.943176,-629.63385,159.997559],"rotationMatrix":[-0.999758542,-0.0219738986,0,0.0219738986,-0.999758542,0,0,0,1],"scale":0.564887404,"type":"tropical_plant_01_b"}
{"ctxid":0,"pos":[469.970428,-239.865082,160.060242],"rotationMatrix":[0.997971177,0.0636669472,0,-0.0636669472,0.997971177,0,0,0,1],"scale":0.570342839,"type":"tropical_plant_01_b"}
{"ctxid":0,"pos":[463.950134,-232.389877,159.997559],"rotationMatrix":[-0.262671113,0.964885414,0,-0.964885414,-0.262671113,0,0,0,1],"scale":0.434906363,"type":"tropical_plant_01_b"}
{"ctxid":0,"pos":[447.501709,-203.577744,159.991455],"rotationMatrix":[-0.783831716,-0.620973289,0,0.620973289,-0.783831716,0,0,0,1],"scale":0.571331084,"type":"tropical_plant_01_b"}
{"ctxid":0,"pos":[613.178894,-412.980927,160.338043],"rotationMatrix":[-0.331443101,-0.943475187,0,0.943475187,-0.331443101,0,0,0,1],"scale":0.493390739,"type":"tropical_plant_01_b"}
{"ctxid":0,"pos":[615.584106,-413.792542,159.997559],"rotationMatrix":[0.547244668,0.836972654,0,-0.836972654,0.547244668,0,0,0,1],"scale":0.639011681,"type":"tropical_plant_01_b"}
{"ctxid":0,"pos":[642.243164,-446.171234,159.9608],"rotationMatrix":[-0.804338694,-0.594171047,0,0.594171047,-0.804338694,0,0,0,1],"scale":0.529937148,"type":"tropical_plant_01_b"}
{"ctxid":0,"pos":[644.016907,-448.750824,159.981476],"rotationMatrix":[0.733906329,-0.679250717,0,0.679250717,0.733906329,0,0,0,1],"scale":0.577628255,"type":"tropical_plant_01_b"}
{"ctxid":0,"pos":[640.835083,-448.068604,159.989914],"rotationMatrix":[0.701539814,0.712630272,0,-0.712630272,0.701539814,0,0,0,1],"scale":0.5202865,"type":"tropical_plant_01_b"}
{"ctxid":0,"pos":[641.878845,-448.1586,159.984497],"rotationMatrix":[0.15872319,-0.987323105,0,0.987323105,0.15872319,0,0,0,1],"scale":0.467188686,"type":"tropical_plant_01_b"}
{"ctxid":0,"pos":[667.915222,-485.38443,159.997559],"rotationMatrix":[-0.041010309,0.99915874,0,-0.99915874,-0.041010309,0,0,0,1],"scale":0.698343515,"type":"tropical_plant_01_b"}
{"ctxid":0,"pos":[669.199829,-482.757904,159.984009],"rotationMatrix":[-0.401447803,-0.915881932,0,0.915881932,-0.401447803,0,0,0,1],"scale":0.661472082,"type":"tropical_plant_01_b"}
{"ctxid":0,"pos":[670.920837,-483.925354,159.968018],"rotationMatrix":[0.302762181,0.953066111,0,-0.953066111,0.302762181,0,0,0,1],"scale":0.663675487,"type":"tropical_plant_01_b"}
{"ctxid":0,"pos":[721.787598,-543.445496,159.995148],"rotationMatrix":[0.759374619,0.65065366,0,-0.65065366,0.759374619,0,0,0,1],"scale":0.550639749,"type":"tropical_plant_01_b"}
{"ctxid":0,"pos":[484.208374,-447.516205,126.154373],"rotationMatrix":[0.6232903,-0.781990409,0,0.781990409,0.6232903,0,0,0,1],"scale":0.671572149,"type":"tropical_plant_01_b"}
{"ctxid":0,"pos":[487.139618,-448.105591,126.81208],"rotationMatrix":[0.166382343,0.986061335,0,-0.986061335,0.166382343,0,0,0,1],"scale":0.462116063,"type":"tropical_plant_01_b"}
{"ctxid":0,"pos":[482.767365,-447.400482,125.921692],"rotationMatrix":[-0.448920548,-0.893571734,0,0.893571734,-0.448920548,0,0,0,1],"scale":0.477550805,"type":"tropical_plant_01_b"}
{"ctxid":0,"pos":[480.901337,-444.963959,125.59787],"rotationMatrix":[-0.257453382,0.966290712,0,-0.966290712,-0.257453382,0,0,0,1],"scale":0.663456857,"type":"tropical_plant_01_b"}
{"ctxid":0,"pos":[484.960388,-445.35199,126.332138],"rotationMatrix":[-0.223111704,-0.974792838,0,0.974792838,-0.223111704,0,0,0,1],"scale":0.494558305,"type":"tropical_plant_01_b"}
{"ctxid":0,"pos":[455.27533,-388.005432,128.455429],"rotationMatrix":[-0.306013048,-0.952027321,0,0.952027321,-0.306013048,0,0,0,1],"scale":0.404111207,"type":"tropical_plant_01_b"}
{"ctxid":0,"pos":[453.129333,-389.848511,127.086014],"rotationMatrix":[0.87705338,0.480392992,0,-0.480392992,0.87705338,0,0,0,1],"scale":0.635669827,"type":"tropical_plant_01_b"}
{"ctxid":0,"pos":[416.672516,-348.930084,126.083687],"rotationMatrix":[-0.972725332,0.231960163,0,-0.231960163,-0.972725332,0,0,0,1],"scale":0.514125049,"type":"tropical_plant_01_b"}
{"ctxid":0,"pos":[418.269379,-348.414337,126.054611],"rotationMatrix":[0.84107691,0.540915668,0,-0.540915668,0.84107691,0,0,0,1],"scale":0.640904427,"type":"tropical_plant_01_b"}
{"ctxid":0,"pos":[406.283844,-335.109131,125.403793],"rotationMatrix":[-0.872119844,-0.489292502,0,0.489292502,-0.872119844,0,0,0,1],"scale":0.597614646,"type":"tropical_plant_01_b"}
{"ctxid":0,"pos":[318.593994,-278.89859,126.425842],"rotationMatrix":[-0.788155138,-0.615476608,0,0.615476608,-0.788155138,0,0,0,1],"scale":0.414950132,"type":"tropical_plant_01_b"}
{"ctxid":0,"pos":[317.374237,-277.065033,126.551453],"rotationMatrix":[0.162560806,0.986698508,0,-0.986698508,0.162560806,0,0,0,1],"scale":0.513580799,"type":"tropical_plant_01_b"}
{"ctxid":0,"pos":[317.980347,-278.235168,126.462036],"rotationMatrix":[0.38123256,-0.924479127,0,0.924479127,0.38123256,0,0,0,1],"scale":0.447144985,"type":"tropical_plant_01_b"}
{"ctxid":0,"pos":[313.618958,-278.068115,126.542381],"rotationMatrix":[0.274899334,0.961473107,0,-0.961473107,0.274899334,0,0,0,1],"scale":0.557653308,"type":"tropical_plant_01_b"}
{"ctxid":0,"pos":[318.889832,-281.026825,126.239426],"rotationMatrix":[0.575754404,0.817622781,0,-0.817622781,0.575754404,0,0,0,1],"scale":0.489415139,"type":"tropical_plant_01_b"}
{"ctxid":0,"pos":[317.581726,-282.436676,126.41246],"rotationMatrix":[0.503122628,-0.864215016,0,0.864215016,0.503122628,0,0,0,1],"scale":0.460125864,"type":"tropical_plant_01_b"}
{"ctxid":0,"pos":[319.21524,-283.966766,126.243507],"rotationMatrix":[-0.428956479,0.903325081,0,-0.903325081,-0.428956479,0,0,0,1],"scale":0.660802841,"type":"tropical_plant_01_b"}
{"ctxid":0,"pos":[316.502441,-284.215698,125.961632],"rotationMatrix":[0.0252093151,0.999682128,0,-0.999682128,0.0252093151,0,0,0,1],"scale":0.449730754,"type":"tropical_plant_01_b"}
{"ctxid":0,"pos":[319.395447,-285.44635,125.726212],"rotationMatrix":[-0.124938346,-0.992164493,0,0.992164493,-0.124938346,0,0,0,1],"scale":0.542620003,"type":"tropical_plant_01_b"}
{"ctxid":0,"pos":[320.363861,-280.913239,126.515968],"rotationMatrix":[-0.616287947,0.787520766,0,-0.787520766,-0.616287947,0,0,0,1],"scale":0.5997895,"type":"tropical_plant_01_b"}
{"ctxid":0,"pos":[315.333832,-280.726288,126.638275],"rotationMatrix":[-0.957517743,-0.288374275,0,0.288374275,-0.957517743,0,0,0,1],"scale":0.691511095,"type":"tropical_plant_01_b"}
{"ctxid":0,"pos":[225.240601,-300.782867,129.163589],"rotationMatrix":[0.998983979,0.0450661704,0,-0.0450661704,0.998983979,0,0,0,1],"scale":0.56205225,"type":"tropical_plant_01_b"}
{"ctxid":0,"pos":[225.337891,-297.454224,130.96579],"rotationMatrix":[-0.309824556,-0.950793743,0,0.950793743,-0.309824556,0,0,0,1],"scale":0.54483813,"type":"tropical_plant_01_b"}
{"ctxid":0,"pos":[225.755814,-299.592407,129.408539],"rotationMatrix":[0.781844616,0.623473465,0,-0.623473465,0.781844616,0,0,0,1],"scale":0.441980064,"type":"tropical_plant_01_b"}
{"ctxid":0,"pos":[227.099304,-298.346985,129.228806],"rotationMatrix":[-0.766544521,-0.642191291,0,0.642191291,-0.766544521,0,0,0,1],"scale":0.659113288,"type":"tropical_plant_01_b"}
{"ctxid":0,"pos":[225.375153,-296.176849,131.249023],"rotationMatrix":[-0.177098662,-0.984193087,0,0.984193087,-0.177098662,0,0,0,1],"scale":0.65815258,"type":"tropical_plant_01_b"}
{"ctxid":0,"pos":[216.649643,-313.755646,128.886169],"rotationMatrix":[-0.527745605,-0.849402547,0,0.849402547,-0.527745605,0,0,0,1],"scale":0.417603403,"type":"tropical_plant_01_b"}
{"ctxid":0,"pos":[168.441483,-344.189331,130.377106],"rotationMatrix":[0.757805407,-0.652480662,0,0.652480662,0.757805407,0,0,0,1],"scale":0.629180491,"type":"tropical_plant_01_b"}
{"ctxid":0,"pos":[165.707581,-346.982483,130.084717],"rotationMatrix":[0.940591812,0.339539498,0,-0.339539498,0.940591812,0,0,0,1],"scale":0.419802696,"type":"tropical_plant_01_b"}
{"ctxid":0,"pos":[167.524826,-344.604462,130.423508],"rotationMatrix":[-0.800050497,0.599932671,0,-0.599932671,-0.800050497,0,0,0,1],"scale":0.52201438,"type":"tropical_plant_01_b"}
{"ctxid":0,"pos":[164.622635,-335.438812,134.815002],"rotationMatrix":[0.206308722,-0.978486955,0,0.978486955,0.206308722,0,0,0,1],"scale":0.61564213,"type":"tropical_plant_01_b"}
{"ctxid":0,"pos":[165.855606,-346.147888,130.275467],"rotationMatrix":[0.575442433,-0.817842185,0,0.817842185,0.575442433,0,0,0,1],"scale":0.54717052,"type":"tropical_plant_01_b"}
{"ctxid":0,"pos":[114.109734,-434.64978,130.074844],"rotationMatrix":[0.223744094,-0.97464788,0,0.97464788,0.223744094,0,0,0,1],"scale":0.521353841,"type":"tropical_plant_01_b"}
{"ctxid":0,"pos":[113.967194,-432.819794,130.051514],"rotationMatrix":[-0.723539591,-0.690282822,0,0.690282822,-0.723539591,0,0,0,1],"scale":0.643431425,"type":"tropical_plant_01_b"}
{"ctxid":0,"pos":[114.910919,-432.381317,129.98494],"rotationMatrix":[0.498486251,0.866897702,0,-0.866897702,0.498486251,0,0,0,1],"scale":0.645994663,"type":"tropical_plant_01_b"}
{"ctxid":0,"pos":[115.806091,-434.520538,129.958664],"rotationMatrix":[0.854917169,-0.518764317,0,0.518764317,0.854917169,0,0,0,1],"scale":0.627252698,"type":"tropical_plant_01_b"}
{"ctxid":0,"pos":[115.766739,-447.739838,129.8918],"rotationMatrix":[0.743346572,0.668906569,0,-0.668906569,0.743346572,0,0,0,1],"scale":0.456317544,"type":"tropical_plant_01_b"}
{"ctxid":0,"pos":[112.782104,-446.34613,130.08078],"rotationMatrix":[0.871376932,-0.490614116,0,0.490614116,0.871376932,0,0,0,1],"scale":0.480420083,"type":"tropical_plant_01_b"}
{"ctxid":0,"pos":[114.47525,-447.073425,129.999817],"rotationMatrix":[0.277142316,0.96082896,0,-0.96082896,0.277142316,0,0,0,1],"scale":0.624582052,"type":"tropical_plant_01_b"}
{"ctxid":0,"pos":[113.917068,-444.43634,130.043213],"rotationMatrix":[0.534377754,0.845245898,0,-0.845245898,0.534377754,0,0,0,1],"scale":0.674194276,"type":"tropical_plant_01_b"}
{"ctxid":0,"pos":[119.301537,-450.14151,129.460419],"rotationMatrix":[-0.999305427,0.0372627191,0,-0.0372627191,-0.999305427,0,0,0,1],"scale":0.446685612,"type":"tropical_plant_01_b"}
{"ctxid":0,"pos":[118.432129,-452.30014,129.575836],"rotationMatrix":[0.993939042,-0.10993205,0,0.10993205,0.993939042,0,0,0,1],"scale":0.525086522,"type":"tropical_plant_01_b"}
{"ctxid":0,"pos":[595.19812,-661.372314,129.264847],"rotationMatrix":[-0.334945917,-0.942237377,0,0.942237377,-0.334945917,0,0,0,1],"scale":0.553901076,"type":"tropical_plant_01_b"}
{"ctxid":0,"pos":[601.94873,-663.777344,131.845322],"rotationMatrix":[-0.894556046,-0.446575016,-0.0184369422,0.44611153,-0.894640684,0.0245388411,-0.0274528787,0.0137264393,0.999528825],"scale":0.663151681,"type":"tropical_plant_01_b"}
{"ctxid":0,"pos":[598.995789,-661.058472,132.026459],"rotationMatrix":[-0.970729113,0.203504324,-0.127555624,-0.186406523,-0.973268032,-0.134169161,-0.151449844,-0.106464744,0.982714713],"scale":0.450220734,"type":"tropical_plant_01_b"}
{"ctxid":0,"pos":[593.573364,-655.378052,128.825226],"rotationMatrix":[-0.867660522,0.296771228,-0.398863524,-0.217978418,-0.948151231,-0.231289044,-0.446822912,-0.113736734,0.887363076],"scale":0.668833554,"type":"tropical_plant_01_b"}
{"ctxid":0,"pos":[597.03894,-653.03125,131.728271],"rotationMatrix":[0.349516928,0.932581782,0.0901606381,-0.930386305,0.356818438,-0.0840343386,-0.110539868,-0.0545128137,0.992375553],"scale":0.4032197,"type":"tropical_plant_01_b"}
{"ctxid":0,"pos":[594.791321,-651.973999,130.865768],"rotationMatrix":[-0.536509633,0.841795504,-0.0594748557,-0.784267962,-0.523383379,-0.333156496,-0.311577857,-0.132097512,0.940993905],"scale":0.624621749,"type":"tropical_plant_01_b"}
{"ctxid":0,"pos":[596.030762,-650.817139,131.689514],"rotationMatrix":[-0.975872636,-0.200575024,-0.0862656608,0.202936023,-0.97899878,-0.0194402523,-0.080554761,-0.0364776291,0.996082485],"scale":0.403029174,"type":"tropical_plant_01_b"}
{"ctxid":0,"pos":[593.336975,-650.788818,130.182526],"rotationMatrix":[0.190641344,-0.975088477,-0.113393098,0.907305598,0.130923092,0.399569035,-0.374769479,-0.179056525,0.909662902],"scale":0.524222195,"type":"tropical_plant_01_b"}
{"ctxid":0,"pos":[592.730713,-649.978027,129.9216],"rotationMatrix":[-0.874386787,0.226555705,-0.42909205,-0.142278045,-0.965146184,-0.21965763,-0.463901341,-0.13101536,0.876145244],"scale":0.45581162,"type":"tropical_plant_01_b"}
{"ctxid":0,"pos":[595.206116,-646.875,131.837479],"rotationMatrix":[-0.387789845,-0.921005547,-0.0369826108,0.920291007,-0.389120102,0.0406195894,-0.0518015474,-0.0182828978,0.998490036],"scale":0.644560099,"type":"tropical_plant_01_b"}
{"ctxid":0,"pos":[594.851135,-645.596558,131.765457],"rotationMatrix":[-0.888981462,0.440586686,-0.124879397,-0.432909727,-0.897461414,-0.0845680535,-0.149334028,-0.0211179443,0.988561273],"scale":0.541814566,"type":"tropical_plant_01_b"}
{"ctxid":0,"pos":[309.736572,-543.592163,128.801727],"rotationMatrix":[0.71317184,0.700970411,0.00513480976,-0.697497845,0.710330963,-0.094480589,-0.0698755234,0.0637993813,0.995513439],"scale":0.675789595,"type":"tropical_plant_01_b"}
{"ctxid":0,"pos":[269.916595,-576.217407,131.50853],"rotationMatrix":[-0.396906137,0.915781736,-0.0617177784,-0.917827487,-0.396551967,0.0184113272,-0.0076135546,0.0639538467,0.997923791],"scale":0.692721784,"type":"tropical_plant_01_b"}
{"ctxid":0,"pos":[302.299469,-580.002502,132.215881],"rotationMatrix":[-0.931200027,-0.363685191,0.0244844407,0.364495695,-0.929625869,0.0542090125,0.00304635335,0.0594039075,0.998229384],"scale":0.698428631,"type":"tropical_plant_01_b"}
{"ctxid":0,"pos":[301.401184,-577.48761,131.94899],"rotationMatrix":[0.988475144,0.150397345,0.0172480494,-0.149406865,0.98756814,-0.0488549098,-0.0243812725,0.045714885,0.998656929],"scale":0.689472973,"type":"tropical_plant_01_b"}
{"ctxid":0,"pos":[299.807129,-579.600647,132.152283],"rotationMatrix":[0.345638037,-0.936116695,0.0649592429,0.938348055,0.345250845,-0.0174524523,-0.0060896948,0.0669866204,0.997735262],"scale":0.664061069,"type":"tropical_plant_01_b"}
{"ctxid":0,"pos":[302.874176,-581.635803,132.403625],"rotationMatrix":[-0.35685277,-0.932795167,0.0504852459,0.934140444,-0.355971217,0.0257988013,-0.00609369949,0.0563667007,0.998391509],"scale":0.539058566,"type":"tropical_plant_01_b"}
{"ctxid":0,"pos":[299.904419,-584.537476,132.551544],"rotationMatrix":[-0.293798447,-0.955784678,0.0125638954,0.955862403,-0.293813467,0.000669530593,0.00305151613,0.0122060627,0.999920845],"scale":0.563499153,"type":"tropical_plant_01_b"}
{"ctxid":0,"pos":[304.866455,-565.142395,130.490005],"rotationMatrix":[0.753463745,0.655631304,-0.0493946634,-0.655817509,0.744069934,-0.127527282,-0.0468578078,0.128481075,0.990604341],"scale":0.640786469,"type":"tropical_plant_01_b"}
{"ctxid":0,"pos":[297.894257,-566.976379,129.586365],"rotationMatrix":[0.521215916,-0.852975309,0.0276933163,0.853357971,0.521306634,-0.0044078147,-0.0106769502,0.0259297378,0.999606729],"scale":0.595535159,"type":"tropical_plant_01_b"}
{"ctxid":0,"pos":[300.403839,-565.242004,129.663422],"rotationMatrix":[0.768344045,-0.638832867,0.0392421223,0.639235675,0.769005477,0.00288218539,-0.0320186429,0.0228704549,0.999225557],"scale":0.624114752,"type":"tropical_plant_01_b"}
{"ctxid":0,"pos":[299.052612,-565.453003,129.537445],"rotationMatrix":[0.101510704,0.99371624,-0.0471516103,-0.992156982,0.0976487994,-0.0780317485,-0.0729371384,0.0547028594,0.995835185],"scale":0.626792789,"type":"tropical_plant_01_b"}
{"ctxid":0,"pos":[302.963226,-564.348022,130.002213],"rotationMatrix":[0.567303419,0.821995318,-0.0499043278,-0.81472832,0.551397443,-0.179383889,-0.119935602,0.142423555,0.982512593],"scale":0.575380266,"type":"tropical_plant_01_b"}
{"ctxid":0,"pos":[304.544159,-563.765869,129.939285],"rotationMatrix":[-0.982140541,0.174326718,-0.0707799345,-0.179080129,-0.981516361,0.0674954504,-0.0577054173,0.0789653063,0.99520582],"scale":0.528179467,"type":"tropical_plant_01_b"}
{"ctxid":0,"pos":[340.901917,-574.474609,131.712784],"rotationMatrix":[0.603564143,-0.620152235,0.50112009,0.751514435,0.652436912,-0.097734943,-0.266338676,0.43558836,0.859840989],"scale":0.578642607,"type":"tropical_plant_01_b"}
{"ctxid":0,"pos":[340.020111,-574.990845,131.689606],"rotationMatrix":[-0.589753389,0.631951451,-0.502819657,-0.76240015,-0.641014457,0.0885767192,-0.266338646,0.4355883,0.859840989],"scale":0.477537841,"type":"tropical_plant_01_b"}
{"ctxid":0,"pos":[342.025787,-576.585266,132.489548],"rotationMatrix":[-0.999201059,0.0260108393,-0.0303344429,-0.025813194,-0.999642849,-0.00688909274,-0.0305028073,-0.00610056147,0.99951607],"scale":0.463559628,"type":"tropical_plant_01_b"}
{"ctxid":0,"pos":[336.12207,-559.007935,129.838013],"rotationMatrix":[-0.517852664,0.855365276,0.0133499354,-0.837672353,-0.510184169,0.194978416,0.173588738,0.0897872746,0.980716646],"scale":0.633235753,"type":"tropical_plant_01_b"}
{"ctxid":0,"pos":[827.87085,-296.420441,131.91629],"rotationMatrix":[0.781477571,-0.623933375,0,0.623933375,0.781477571,0,0,0,1],"scale":0.546993852,"type":"tropical_plant_01_b"}
{"ctxid":0,"pos":[823.048889,-294.427399,132.037628],"rotationMatrix":[0.999553025,-0.0298946239,0,0.0298946239,0.999553025,0,0,0,1],"scale":0.583417535,"type":"tropical_plant_01_b"}
{"ctxid":0,"pos":[826.211975,-294.517242,131.816116],"rotationMatrix":[0.41651234,0.909130156,0,-0.909130156,0.41651234,0,0,0,1],"scale":0.605190456,"type":"tropical_plant_01_b"}
{"ctxid":0,"pos":[821.336792,-296.499573,132.167831],"rotationMatrix":[0.750456452,-0.660919905,0,0.660919905,0.750456452,0,0,0,1],"scale":0.604967773,"type":"tropical_plant_01_b"}
{"ctxid":0,"pos":[829.166809,-295.235992,131.926971],"rotationMatrix":[0.440326989,0.897837579,0,-0.897837579,0.440326989,0,0,0,1],"scale":0.594825685,"type":"tropical_plant_01_b"}
{"ctxid":0,"pos":[825.910583,-293.410278,131.685822],"rotationMatrix":[-0.866831899,0.498600423,0,-0.498600423,-0.866831899,0,0,0,1],"scale":0.413806379,"type":"tropical_plant_01_b"}
{"ctxid":0,"pos":[825.047363,-293.386871,131.724747],"rotationMatrix":[0.91282618,-0.408348382,0,0.408348382,0.91282618,0,0,0,1],"scale":0.482266426,"type":"tropical_plant_01_b"}
{"ctxid":0,"pos":[824.404968,-299.031494,132.179565],"rotationMatrix":[0.989902258,0.141751751,0,-0.141751751,0.989902258,0,0,0,1],"scale":0.590970337,"type":"tropical_plant_01_b"}
{"ctxid":0,"pos":[822.36145,-292.1763,132.002869],"rotationMatrix":[0.712882042,0.701284111,0,-0.701284111,0.712882042,0,0,0,1],"scale":0.68426919,"type":"tropical_plant_01_b"}
