{"ctxid":0,"pos":[324.860291,-149.122589,160.33522],"rotationMatrix":[-0.989947617,-0.14143464,0,0.14143464,-0.989947617,0,0,0,1],"scale":0.650743783,"type":"tropical_plant_03_b"}
{"ctxid":0,"pos":[322.221069,-146.45845,160.011307],"rotationMatrix":[0.131576806,0.991306007,0,-0.991306007,0.131576806,0,0,0,1],"scale":0.749193668,"type":"tropical_plant_03_b"}
{"ctxid":0,"pos":[321.907471,-141.095322,160.118683],"rotationMatrix":[-0.823780596,0.566908777,0,-0.566908777,-0.823780596,0,0,0,1],"scale":0.753967345,"type":"tropical_plant_03_b"}
{"ctxid":0,"pos":[325.914978,-139.149918,159.980286],"rotationMatrix":[-0.038052354,-0.999275744,0,0.999275744,-0.038052354,0,0,0,1],"scale":0.680687428,"type":"tropical_plant_03_b"}
{"ctxid":0,"pos":[321.100647,-133.597717,160.015869],"rotationMatrix":[-0.442629457,-0.896704614,0,0.896704614,-0.442629457,0,0,0,1],"scale":0.775488257,"type":"tropical_plant_03_b"}
{"ctxid":0,"pos":[321.91449,-135.318298,160.018219],"rotationMatrix":[0.765403688,0.643550456,0,-0.643550456,0.765403688,0,0,0,1],"scale":0.669442415,"type":"tropical_plant_03_b"}
{"ctxid":0,"pos":[323.92337,-123.296005,159.996735],"rotationMatrix":[-0.734518647,-0.67858851,0,0.67858851,-0.734518647,0,0,0,1],"scale":0.620258808,"type":"tropical_plant_03_b"}
{"ctxid":0,"pos":[319.146942,-132.76915,159.984726],"rotationMatrix":[0.156201407,0.987725198,0,-0.987725198,0.156201407,0,0,0,1],"scale":0.744247258,"type":"tropical_plant_03_b"}
{"ctxid":0,"pos":[307.09552,-124.087013,159.904587],"rotationMatrix":[-0.91439414,-0.404825091,0,0.404825091,-0.91439414,0,0,0,1],"scale":0.768311262,"type":"tropical_plant_03_b"}
{"ctxid":0,"pos":[313.402039,-119.382881,159.886658],"rotationMatrix":[0.279394329,-0.960176468,0,0.960176468,0.279394329,0,0,0,1],"scale":0.671822786,"type":"tropical_plant_03_b"}
{"ctxid":0,"pos":[964.149475,-803.696655,134.870605],"rotationMatrix":[0.911350787,-0.411630541,0,0.411630541,0.911350787,0,0,0,1],"scale":0.604766905,"type":"tropical_plant_03_b"}
{"ctxid":0,"pos":[974.558899,-829.894653,152.310181],"rotationMatrix":[0.5682019,0.822889149,0,-0.822889149,0.5682019,0,0,0,1],"scale":0.798325181,"type":"tropical_plant_03_b"}
{"ctxid":0,"pos":[807.747864,933.55365,149.809021],"rotationMatrix":[-0.631720483,0.775196254,0,-0.775196254,-0.631720483,0,0,0,1],"scale":0.669648468,"type":"tropical_plant_03_b"}
{"ctxid":0,"pos":[807.94458,936.160339,149.685913],"rotationMatrix":[0.934873819,0.35498023,0,-0.35498023,0.934873819,0,0,0,1],"scale":0.67605567,"type":"tropical_plant_03_b"}
{"ctxid":0,"pos":[806.60614,927.760925,149.583786],"rotationMatrix":[0.711113632,0.703077078,0,-0.703077078,0.711113632,0,0,0,1],"scale":0.766453505,"type":"tropical_plant_03_b"}
{"ctxid":0,"pos":[805.357727,919.290344,149.007629],"rotationMatrix":[-0.94659543,-0.322423816,0,0.322423816,-0.94659543,0,0,0,1],"scale":0.719053268,"type":"tropical_plant_03_b"}
{"ctxid":0,"pos":[807.595459,921.297607,148.806534],"rotationMatrix":[-0.14954412,-0.988755047,0,0.988755047,-0.14954412,0,0,0,1],"scale":0.715372622,"type":"tropical_plant_03_b"}
{"ctxid":0,"pos":[797.21344,919.455627,148.017044],"rotationMatrix":[0.456823081,0.8895576,0,-0.8895576,0.456823081,0,0,0,1],"scale":0.707199991,"type":"tropical_plant_03_b"}
{"ctxid":0,"pos":[798.595032,916.957947,148.103958],"rotationMatrix":[-0.985608757,0.169042647,0,-0.169042647,-0.985608757,0,0,0,1],"scale":0.79510808,"type":"tropical_plant_03_b"}
{"ctxid":0,"pos":[807.919128,938.541931,149.340378],"rotationMatrix":[-0.623482287,-0.781837463,0,0.781837463,-0.623482287,0,0,0,1],"scale":0.773030281,"type":"tropical_plant_03_b"}
{"ctxid":0,"pos":[802.012756,907.711182,147.598267],"rotationMatrix":[0.789095879,-0.614270031,0,0.614270031,0.789095879,0,0,0,1],"scale":0.741176605,"type":"tropical_plant_03_b"}
{"ctxid":0,"pos":[803.055054,905.323792,147.506668],"rotationMatrix":[-0.650454223,0.759545445,0,-0.759545445,-0.650454223,0,0,0,1],"scale":0.737565041,"type":"tropical_plant_03_b"}
{"ctxid":0,"pos":[796.472229,928.291443,148.355057],"rotationMatrix":[0.602852404,0.797852755,0,-0.797852755,0.602852404,0,0,0,1],"scale":0.746027946,"type":"tropical_plant_03_b"}
{"ctxid":0,"pos":[-744.023193,-550.931763,173.143402],"rotationMatrix":[-0.323422611,0.946254611,0,-0.946254611,-0.323422611,0,0,0,1],"scale":0.720911086,"type":"tropical_plant_03_b"}
{"ctxid":0,"pos":[-745.086548,-546.141052,174.303528],"rotationMatrix":[0.597257674,0.802049398,0,-0.802049398,0.597257674,0,0,0,1],"scale":0.681318462,"type":"tropical_plant_03_b"}
{"ctxid":0,"pos":[-740.600037,-560.08606,171.25116],"rotationMatrix":[0.997510135,0.0705236271,0,-0.0705236271,0.997510135,0,0,0,1],"scale":0.723743796,"type":"tropical_plant_03_b"}
{"ctxid":0,"pos":[-737.228455,-549.170715,170.984009],"rotationMatrix":[-0.223384678,0.974730372,0,-0.974730372,-0.223384678,0,0,0,1],"scale":0.662981391,"type":"tropical_plant_03_b"}
{"ctxid":0,"pos":[-738.015137,-543.81311,172.316864],"rotationMatrix":[-0.231004462,0.972952664,0,-0.972952664,-0.231004462,0,0,0,1],"scale":0.616616547,"type":"tropical_plant_03_b"}
{"ctxid":0,"pos":[-699.957703,-530.6604,163.641571],"rotationMatrix":[0.41572392,0.909490883,0,-0.909490883,0.41572392,0,0,0,1],"scale":0.726780891,"type":"tropical_plant_03_b"}
{"ctxid":0,"pos":[894.795654,-797.371338,126.383987],"rotationMatrix":[-0.513527215,-0.858073294,0,0.858073294,-0.513527215,0,0,0,1],"scale":0.66432631,"type":"tropical_plant_03_b"}
{"ctxid":0,"pos":[836.188416,-783.863342,129.147156],"rotationMatrix":[-0.00485369423,0.999988198,0,-0.999988198,-0.00485369423,0,0,0,1],"scale":0.689415157,"type":"tropical_plant_03_b"}
{"ctxid":0,"pos":[-128.182846,-406.114471,131.737457],"rotationMatrix":[-0.0116335982,0.999932349,0,-0.999932349,-0.0116335982,0,0,0,1],"scale":0.669761121,"type":"tropical_plant_03_b"}
{"ctxid":0,"pos":[-126.70369,-408.608612,131.884216],"rotationMatrix":[-0.275823444,-0.961208284,0,0.961208284,-0.275823444,0,0,0,1],"scale":0.601711571,"type":"tropical_plant_03_b"}
{"ctxid":0,"pos":[-50.4108543,-468.740417,130.40155],"rotationMatrix":[0.97882092,0.2047185,0,-0.2047185,0.97882092,0,0,0,1],"scale":0.710448027,"type":"tropical_plant_03_b"}
{"ctxid":0,"pos":[-45.5242958,-480.786713,130.797546],"rotationMatrix":[0.281194329,-0.959650874,0,0.959650874,0.281194329,0,0,0,1],"scale":0.661726952,"type":"tropical_plant_03_b"}
{"ctxid":0,"pos":[-357.511169,-407.928864,132.516815],"rotationMatrix":[-0.590787292,0.806827366,0,-0.806827366,-0.590787292,0,0,0,1],"scale":0.790222526,"type":"tropical_plant_03_b"}
{"ctxid":0,"pos":[-352.414703,-410.046936,133.965591],"rotationMatrix":[-0.368727565,0.929537535,0,-0.929537535,-0.368727565,0,0,0,1],"scale":0.778576255,"type":"tropical_plant_03_b"}
{"ctxid":0,"pos":[-426.027313,-729.613647,181.562744],"rotationMatrix":[-0.103843942,-0.99459362,0,0.99459362,-0.103843942,0,0,0,1],"scale":0.637646437,"type":"tropical_plant_03_b"}
{"ctxid":0,"pos":[610.074585,-870.020203,130.310059],"rotationMatrix":[-0.90917635,-0.41641131,0,0.41641131,-0.90917635,0,0,0,1],"scale":0.735687137,"type":"tropical_plant_03_b"}
{"ctxid":0,"pos":[604.642029,-863.793213,129.310852],"rotationMatrix":[-0.980688453,0.195576608,0,-0.195576608,-0.980688453,0,0,0,1],"scale":0.618129492,"type":"tropical_plant_03_b"}
{"ctxid":0,"pos":[601.10437,-872.446411,129.059265],"rotationMatrix":[0.969872415,-0.243613407,0,0.243613407,0.969872415,0,0,0,1],"scale":0.651400328,"type":"tropical_plant_03_b"}
{"ctxid":0,"pos":[-98.7456207,-550.376892,132.081635],"rotationMatrix":[-0.523259759,-0.852173209,0,0.852173209,-0.523259759,0,0,0,1],"scale":0.656545877,"type":"tropical_plant_03_b"}
{"ctxid":0,"pos":[-97.8732376,-545.930115,132.61998],"rotationMatrix":[0.95205307,-0.305932879,0,0.305932879,0.95205307,0,0,0,1],"scale":0.719390988,"type":"tropical_plant_03_b"}
{"ctxid":0,"pos":[-94.2817459,-555.451721,131.910889],"rotationMatrix":[-0.947032452,0.321137965,0,-0.321137965,-0.947032452,0,0,0,1],"scale":0.768138587,"type":"tropical_plant_03_b"}
{"ctxid":0,"pos":[-96.5460663,-567.520081,132.340118],"rotationMatrix":[0.703052819,-0.711137652,0,0.711137652,0.703052819,0,0,0,1],"scale":0.77143985,"type":"tropical_plant_03_b"}
{"ctxid":0,"pos":[-82.0207825,-564.057068,132.738068],"rotationMatrix":[-0.58294338,-0.812512755,0,0.812512755,-0.58294338,0,0,0,1],"scale":0.770212829,"type":"tropical_plant_03_b"}
{"ctxid":0,"pos":[-67.6614609,-563.304199,131.652527],"rotationMatrix":[0.193330064,-0.981133759,0,0.981133759,0.193330064,0,0,0,1],"scale":0.683519542,"type":"tropical_plant_03_b"}
{"ctxid":0,"pos":[-58.5882759,-551.377197,130.705185],"rotationMatrix":[-0.223579928,-0.974685609,0,0.974685609,-0.223579928,0,0,0,1],"scale":0.7378304,"type":"tropical_plant_03_b"}
{"ctxid":0,"pos":[-58.589386,-563.716003,130.285263],"rotationMatrix":[-0.493135035,-0.869952798,0,0.869952798,-0.493135035,0,0,0,1],"scale":0.699247956,"type":"tropical_plant_03_b"}
{"ctxid":0,"pos":[-56.5609703,-566.101868,130.905853],"rotationMatrix":[0.831943154,-0.55486089,0,0.55486089,0.831943154,0,0,0,1],"scale":0.757811725,"type":"tropical_plant_03_b"}
{"ctxid":0,"pos":[-50.4848022,-553.061035,130.604828],"rotationMatrix":[0.99860996,-0.0527080297,0,0.0527080297,0.99860996,0,0,0,1],"scale":0.641860008,"type":"tropical_plant_03_b"}
{"ctxid":0,"pos":[-60.5515976,-558.485535,130.946716],"rotationMatrix":[0.673886955,-0.7388345,0,0.7388345,0.673886955,0,0,0,1],"scale":0.789750695,"type":"tropical_plant_03_b"}
{"ctxid":0,"pos":[-67.8556213,-572.554932,130.641541],"rotationMatrix":[-0.704564691,0.709639728,0,-0.709639728,-0.704564691,0,0,0,1],"scale":0.678503573,"type":"tropical_plant_03_b"}
{"ctxid":0,"pos":[651.493103,-324.960175,182.823654],"rotationMatrix":[0.822767973,-0.568377435,0,0.568377435,0.822767973,0,0,0,1],"scale":0.62805903,"type":"tropical_plant_03_b"}
{"ctxid":0,"pos":[647.513733,-338.61087,180.168579],"rotationMatrix":[-0.872487068,-0.488637149,0,0.488637149,-0.872487068,0,0,0,1],"scale":0.662946343,"type":"tropical_plant_03_b"}
{"ctxid":0,"pos":[652.832092,-339.414368,182.055298],"rotationMatrix":[0.791080236,0.611712456,0,-0.611712456,0.791080236,0,0,0,1],"scale":0.655794144,"type":"tropical_plant_03_b"}
{"ctxid":0,"pos":[654.062683,-346.1651,182.006317],"rotationMatrix":[0.950256824,-0.31146723,0,0.31146723,0.950256824,0,0,0,1],"scale":0.793113351,"type":"tropical_plant_03_b"}
{"ctxid":0,"pos":[662.0979,-358.199646,181.110901],"rotationMatrix":[-0.52360338,0.851962149,0,-0.851962149,-0.52360338,0,0,0,1],"scale":0.62037307,"type":"tropical_plant_03_b"}
{"ctxid":0,"pos":[654.748596,-359.742737,181.368683],"rotationMatrix":[0.381949037,-0.924183369,0,0.924183369,0.381949037,0,0,0,1],"scale":0.647178292,"type":"tropical_plant_03_b"}
{"ctxid":0,"pos":[669.204407,-374.932648,177.883682],"rotationMatrix":[0.926348627,0.376667291,0,-0.376667291,0.926348627,0,0,0,1],"scale":0.700922966,"type":"tropical_plant_03_b"}
{"ctxid":0,"pos":[663.71698,-367.102417,180.432114],"rotationMatrix":[0.209194869,0.977873981,0,-0.977873981,0.209194869,0,0,0,1],"scale":0.711138904,"type":"tropical_plant_03_b"}
{"ctxid":0,"pos":[628.113098,-290.963623,184.275162],"rotationMatrix":[-0.599445701,0.800415397,0,-0.800415397,-0.599445701,0,0,0,1],"scale":0.683096111,"type":"tropical_plant_03_b"}
{"ctxid":0,"pos":[620.59906,-293.758911,185.042511],"rotationMatrix":[-0.267266303,0.963622689,0,-0.963622689,-0.267266303,0,0,0,1],"scale":0.634376824,"type":"tropical_plant_03_b"}
{"ctxid":0,"pos":[511.169159,-874.833862,139.921082],"rotationMatrix":[-0.61080724,0.791779339,0,-0.791779339,-0.61080724,0,0,0,1],"scale":0.688632786,"type":"tropical_plant_03_b"}
{"ctxid":0,"pos":[513.920166,-870.974731,139.934662],"rotationMatrix":[-0.758693159,0.651448131,0,-0.651448131,-0.758693159,0,0,0,1],"scale":0.707134485,"type":"tropical_plant_03_b"}
{"ctxid":0,"pos":[512.070312,-866.295227,139.925507],"rotationMatrix":[-0.332565963,0.943080008,0,-0.943080008,-0.332565963,0,0,0,1],"scale":0.720573008,"type":"tropical_plant_03_b"}
{"ctxid":0,"pos":[508.312073,-854.544067,139.540497],"rotationMatrix":[-0.327313334,0.944915831,0,-0.944915831,-0.327313334,0,0,0,1],"scale":0.601134658,"type":"tropical_plant_03_b"}
{"ctxid":0,"pos":[501.765656,-849.778137,140.101105],"rotationMatrix":[0.343716353,-0.939073503,0,0.939073503,0.343716353,0,0,0,1],"scale":0.657169461,"type":"tropical_plant_03_b"}
{"ctxid":0,"pos":[506.108063,-857.725647,139.938354],"rotationMatrix":[-0.95604974,0.293204546,0,-0.293204546,-0.95604974,0,0,0,1],"scale":0.750305593,"type":"tropical_plant_03_b"}
{"ctxid":0,"pos":[508.391968,-861.136353,139.93222],"rotationMatrix":[0.624231637,-0.781239331,0,0.781239331,0.624231637,0,0,0,1],"scale":0.659409165,"type":"tropical_plant_03_b"}
{"ctxid":0,"pos":[502.334503,-888.606567,152.620209],"rotationMatrix":[-0.785203457,0.61923784,0,-0.61923784,-0.785203457,0,0,0,1],"scale":0.797938526,"type":"tropical_plant_03_b"}
{"ctxid":0,"pos":[506.444519,-891.162659,150.102692],"rotationMatrix":[-0.211227223,-0.97743696,0,0.97743696,-0.211227223,0,0,0,1],"scale":0.799908638,"type":"tropical_plant_03_b"}
{"ctxid":0,"pos":[487.672974,-874.606079,150.060364],"rotationMatrix":[0.259978652,-0.965614378,0,0.965614378,0.259978652,0,0,0,1],"scale":0.768396854,"type":"tropical_plant_03_b"}
{"ctxid":0,"pos":[487.600311,-878.016541,151.050964],"rotationMatrix":[-0.102483734,0.994734704,0,-0.994734704,-0.102483734,0,0,0,1],"scale":0.781650662,"type":"tropical_plant_03_b"}
{"ctxid":0,"pos":[481.322906,-868.676819,148.440414],"rotationMatrix":[0.571673751,0.820481062,0,-0.820481062,0.571673751,0,0,0,1],"scale":0.699456453,"type":"tropical_plant_03_b"}
{"ctxid":0,"pos":[477.324341,-868.042419,148.118332],"rotationMatrix":[0.339256644,0.940693855,0,-0.940693855,0.339256644,0,0,0,1],"scale":0.67614913,"type":"tropical_plant_03_b"}
{"ctxid":0,"pos":[469.552155,-866.078003,147.295242],"rotationMatrix":[0.930140376,-0.3672041,0,0.3672041,0.930140376,0,0,0,1],"scale":0.794417679,"type":"tropical_plant_03_b"}
{"ctxid":0,"pos":[466.99292,-865.142456,146.998016],"rotationMatrix":[-0.416790456,0.909002602,0,-0.909002602,-0.416790456,0,0,0,1],"scale":0.772297204,"type":"tropical_plant_03_b"}
{"ctxid":0,"pos":[481.976379,-856.634888,148.070129],"rotationMatrix":[-0.956081092,0.293102205,0,-0.293102205,-0.956081092,0,0,0,1],"scale":0.737127423,"type":"tropical_plant_03_b"}
{"ctxid":0,"pos":[492.076965,-861.912842,149.178879],"rotationMatrix":[0.95895189,0.28356874,0,-0.28356874,0.95895189,0,0,0,1],"scale":0.607248187,"type":"tropical_plant_03_b"}
{"ctxid":0,"pos":[491.362152,-858.551697,148.724945],"rotationMatrix":[0.127571046,-0.991829455,0,0.991829455,0.127571046,0,0,0,1],"scale":0.763160706,"type":"tropical_plant_03_b"}
{"ctxid":0,"pos":[490.346436,-857.008545,148.524261],"rotationMatrix":[0.905037463,-0.425331891,0,0.425331891,0.905037463,0,0,0,1],"scale":0.690537751,"type":"tropical_plant_03_b"}
{"ctxid":0,"pos":[488.388306,-852.921753,147.55632],"rotationMatrix":[0.596638322,0.802510262,0,-0.802510262,0.596638322,0,0,0,1],"scale":0.748360097,"type":"tropical_plant_03_b"}
{"ctxid":0,"pos":[435.746002,-181.250183,166.725891],"rotationMatrix":[0.989316344,-0.145784661,0,0.145784661,0.989316344,0,0,0,1],"scale":0.738738716,"type":"tropical_plant_03_b"}
{"ctxid":0,"pos":[441.985779,-181.650955,160.367706],"rotationMatrix":[-0.106142923,0.994350672,0,-0.994350672,-0.106142923,0,0,0,1],"scale":0.672866344,"type":"tropical_plant_03_b"}
{"ctxid":0,"pos":[442.306519,-187.775681,166.725891],"rotationMatrix":[-0.889259458,-0.457403153,0,0.457403153,-0.889259458,0,0,0,1],"scale":0.692035079,"type":"tropical_plant_03_b"}
{"ctxid":0,"pos":[515.908142,-884.742493,139.086594],"rotationMatrix":[0.945608735,-0.325306207,0,0.325306207,0.945608735,0,0,0,1],"scale":0.714266419,"type":"tropical_plant_03_b"}
{"ctxid":0,"pos":[513.7854,-889.272888,139.879456],"rotationMatrix":[-0.992476761,0.122433349,0,-0.122433349,-0.992476761,0,0,0,1],"scale":0.75538379,"type":"tropical_plant_03_b"}
{"ctxid":0,"pos":[511.078369,-891.255493,138.479492],"rotationMatrix":[-0.0956747979,0.995412648,0,-0.995412648,-0.0956747979,0,0,0,1],"scale":0.77899313,"type":"tropical_plant_03_b"}
{"ctxid":0,"pos":[507.236877,-894.94635,140.849152],"rotationMatrix":[0.698239267,0.71586448,0,-0.71586448,0.698239267,0,0,0,1],"scale":0.797635674,"type":"tropical_plant_03_b"}
{"ctxid":0,"pos":[507.924805,-900.021057,134.477051],"rotationMatrix":[-0.238097459,0.971241295,0,-0.971241295,-0.238097459,0,0,0,1],"scale":0.607852161,"type":"tropical_plant_03_b"}
{"ctxid":0,"pos":[509.121552,-898.218689,133.599808],"rotationMatrix":[0.525613129,-0.850723743,0,0.850723743,0.525613129,0,0,0,1],"scale":0.748331308,"type":"tropical_plant_03_b"}
{"ctxid":0,"pos":[510.91626,-888.65686,145.127167],"rotationMatrix":[0.377243876,-0.926113963,0,0.926113963,0.377243876,0,0,0,1],"scale":0.766257465,"type":"tropical_plant_03_b"}
{"ctxid":0,"pos":[21.4479313,-394.267792,131.281113],"rotationMatrix":[-0.381181568,-0.924500108,0,0.924500108,-0.381181568,0,0,0,1],"scale":0.626427293,"type":"tropical_plant_03_b"}
{"ctxid":0,"pos":[20.0911293,-391.658447,131.411438],"rotationMatrix":[-0.90077877,-0.43427816,0,0.43427816,-0.90077877,0,0,0,1],"scale":0.616759002,"type":"tropical_plant_03_b"}
{"ctxid":0,"pos":[21.0418053,-405.824402,131.644897],"rotationMatrix":[0.207369372,-0.978262663,0,0.978262663,0.207369372,0,0,0,1],"scale":0.66905129,"type":"tropical_plant_03_b"}
{"ctxid":0,"pos":[33.4678307,-407.545532,130.80249],"rotationMatrix":[-0.967323422,-0.253545493,0,0.253545493,-0.967323422,0,0,0,1],"scale":0.797923982,"type":"tropical_plant_03_b"}
{"ctxid":0,"pos":[29.5909081,-406.141296,130.952271],"rotationMatrix":[0.981984496,0.188961327,0,-0.188961327,0.981984496,0,0,0,1],"scale":0.732145548,"type":"tropical_plant_03_b"}
{"ctxid":0,"pos":[27.7982864,-410.19812,132.452118],"rotationMatrix":[0.952186644,0.305517018,0,-0.305517018,0.952186644,0,0,0,1],"scale":0.676093876,"type":"tropical_plant_03_b"}
{"ctxid":0,"pos":[7.79057217,-397.887451,133.441818],"rotationMatrix":[-0.347152025,0.937808812,0,-0.937808812,-0.347152025,0,0,0,1],"scale":0.736870766,"type":"tropical_plant_03_b"}
{"ctxid":0,"pos":[-56.8496056,-152.406754,131.625458],"rotationMatrix":[0.69528383,0.718735397,0,-0.718735397,0.69528383,0,0,0,1],"scale":0.643149734,"type":"tropical_plant_03_b"}
{"ctxid":0,"pos":[-59.8830338,-153.127884,131.806641],"rotationMatrix":[-0.978007078,0.208571255,0,-0.208571255,-0.978007078,0,0,0,1],"scale":0.753109276,"type":"tropical_plant_03_b"}
{"ctxid":0,"pos":[-59.2078972,-149.111862,132.150543],"rotationMatrix":[-0.729550481,0.683926821,0,-0.683926821,-0.729550481,0,0,0,1],"scale":0.705732942,"type":"tropical_plant_03_b"}
{"ctxid":0,"pos":[-53.630127,-146.549545,132.11441],"rotationMatrix":[-0.996906281,0.0785984993,0,-0.0785984993,-0.996906281,0,0,0,1],"scale":0.750562012,"type":"tropical_plant_03_b"}
{"ctxid":0,"pos":[-51.0872498,-151.940018,131.421448],"rotationMatrix":[0.0302241854,0.99954313,0,-0.99954313,0.0302241854,0,0,0,1],"scale":0.717004538,"type":"tropical_plant_03_b"}
{"ctxid":0,"pos":[-44.1909409,-149.249908,131.531937],"rotationMatrix":[-0.933111489,-0.359587371,0,0.359587371,-0.933111489,0,0,0,1],"scale":0.690597653,"type":"tropical_plant_03_b"}
{"ctxid":0,"pos":[-47.6732063,-145.013824,132.067123],"rotationMatrix":[0.982373834,0.186926857,0,-0.186926857,0.982373834,0,0,0,1],"scale":0.629243851,"type":"tropical_plant_03_b"}
{"ctxid":0,"pos":[-49.9837151,-142.811081,132.366989],"rotationMatrix":[0.858420074,-0.512947261,0,0.512947261,0.858420074,0,0,0,1],"scale":0.664601445,"type":"tropical_plant_03_b"}
{"ctxid":0,"pos":[-35.8342781,-146.499329,131.499939],"rotationMatrix":[-0.673839569,0.738877535,0,-0.738877535,-0.673839569,0,0,0,1],"scale":0.759511948,"type":"tropical_plant_03_b"}
{"ctxid":0,"pos":[-38.5473709,-143.115005,131.992172],"rotationMatrix":[0.999240637,-0.0389629044,0,0.0389629044,0.999240637,0,0,0,1],"scale":0.629202664,"type":"tropical_plant_03_b"}
{"ctxid":0,"pos":[-41.9768028,-136.091843,133.166931],"rotationMatrix":[-0.670679808,-0.741747081,0,0.741747081,-0.670679808,0,0,0,1],"scale":0.723738313,"type":"tropical_plant_03_b"}
{"ctxid":0,"pos":[-39.5432358,-133.498871,133.762329],"rotationMatrix":[0.995322466,0.0966087133,0,-0.0966087133,0.995322466,0,0,0,1],"scale":0.687623024,"type":"tropical_plant_03_b"}
{"ctxid":0,"pos":[-32.7854652,-131.781189,132.748932],"rotationMatrix":[0.00292318244,0.999995649,0,-0.999995649,0.00292318244,0,0,0,1],"scale":0.666580915,"type":"tropical_plant_03_b"}
{"ctxid":0,"pos":[-36.9814644,-138.063492,132.279236],"rotationMatrix":[-0.969768763,-0.244025528,0,0.244025528,-0.969768763,0,0,0,1],"scale":0.78904593,"type":"tropical_plant_03_b"}
{"ctxid":0,"pos":[-42.1406364,-141.055099,132.24971],"rotationMatrix":[0.987519085,0.15749912,0,-0.15749912,0.987519085,0,0,0,1],"scale":0.699088514,"type":"tropical_plant_03_b"}
{"ctxid":0,"pos":[-31.7503014,-140.569977,131.990631],"rotationMatrix":[0.56922847,-0.822179317,0,0.822179317,0.56922847,0,0,0,1],"scale":0.636955023,"type":"tropical_plant_03_b"}
{"ctxid":0,"pos":[2.9011507,-154.762131,131.293381],"rotationMatrix":[0.479562521,-0.877507627,0,0.877507627,0.479562521,0,0,0,1],"scale":0.721427023,"type":"tropical_plant_03_b"}
{"ctxid":0,"pos":[9.03400993,-149.1651,131.251495],"rotationMatrix":[0.0702452362,0.997529745,0,-0.997529745,0.0702452362,0,0,0,1],"scale":0.694796026,"type":"tropical_plant_03_b"}
{"ctxid":0,"pos":[-13.6822519,-163.957413,131.292908],"rotationMatrix":[-0.628279805,0.777987301,0,-0.777987301,-0.628279805,0,0,0,1],"scale":0.660225511,"type":"tropical_plant_03_b"}
{"ctxid":0,"pos":[-20.5169106,-166.319077,131.232849],"rotationMatrix":[-0.347646564,0.937625587,0,-0.937625587,-0.347646564,0,0,0,1],"scale":0.612136722,"type":"tropical_plant_03_b"}
{"ctxid":0,"pos":[-16.469923,-171.097595,133.22879],"rotationMatrix":[0.438200116,0.898877501,0,-0.898877501,0.438200116,0,0,0,1],"scale":0.750344992,"type":"tropical_plant_03_b"}
{"ctxid":0,"pos":[-10.5671387,-168.598755,133.02002],"rotationMatrix":[-0.257306844,0.966329694,0,-0.966329694,-0.257306844,0,0,0,1],"scale":0.643562436,"type":"tropical_plant_03_b"}
{"ctxid":0,"pos":[-3.47493386,-165.810501,133.505524],"rotationMatrix":[0.657837808,0.753159702,0,-0.753159702,0.657837808,0,0,0,1],"scale":0.746598363,"type":"tropical_plant_03_b"}
{"ctxid":0,"pos":[-24.7412128,-168.545914,131.396805],"rotationMatrix":[0.929469347,-0.368899256,0,0.368899256,0.929469347,0,0,0,1],"scale":0.791698337,"type":"tropical_plant_03_b"}
{"ctxid":0,"pos":[-33.7588043,-171.868073,131.415405],"rotationMatrix":[0.575393319,-0.817876816,0,0.817876816,0.575393319,0,0,0,1],"scale":0.630927622,"type":"tropical_plant_03_b"}
{"ctxid":0,"pos":[-37.2089157,-170.666306,131.117096],"rotationMatrix":[-0.283069164,-0.959099472,0,0.959099472,-0.283069164,0,0,0,1],"scale":0.635940313,"type":"tropical_plant_03_b"}
{"ctxid":0,"pos":[-496.561371,-153.259415,152.195374],"rotationMatrix":[-0.279306531,0.960201919,0,-0.960201919,-0.279306531,0,0,0,1],"scale":0.769814074,"type":"tropical_plant_03_b"}
{"ctxid":0,"pos":[-501.641724,-148.833313,155.784424],"rotationMatrix":[-0.656804383,0.754060984,0,-0.754060984,-0.656804383,0,0,0,1],"scale":0.683355927,"type":"tropical_plant_03_b"}
{"ctxid":0,"pos":[-501.939697,-146.807098,156.73114],"rotationMatrix":[0.605693638,-0.795697927,0,0.795697927,0.605693638,0,0,0,1],"scale":0.655995786,"type":"tropical_plant_03_b"}
{"ctxid":0,"pos":[-501.304565,-152.298172,153.415268],"rotationMatrix":[0.401903719,0.915682018,0,-0.915682018,0.401903719,0,0,0,1],"scale":0.673585415,"type":"tropical_plant_03_b"}
{"ctxid":0,"pos":[-514.604797,-146.438904,153.599091],"rotationMatrix":[-0.65416193,0.75635457,0,-0.75635457,-0.65416193,0,0,0,1],"scale":0.685174227,"type":"tropical_plant_03_b"}
{"ctxid":0,"pos":[-505.230347,-149.264938,151.84137],"rotationMatrix":[0.97280395,-0.231629893,0,0.231629893,0.97280395,0,0,0,1],"scale":0.624464512,"type":"tropical_plant_03_b"}
{"ctxid":0,"pos":[-501.169983,-154.628296,150.304718],"rotationMatrix":[0.96605438,0.258338869,0,-0.258338869,0.96605438,0,0,0,1],"scale":0.778288543,"type":"tropical_plant_03_b"}
{"ctxid":0,"pos":[-486.80304,-149.505203,154.14978],"rotationMatrix":[0.888905823,-0.458089888,0,0.458089888,0.888905823,0,0,0,1],"scale":0.602016926,"type":"tropical_plant_03_b"}
{"ctxid":0,"pos":[-484.325073,-149.990219,154.31015],"rotationMatrix":[0.276916444,0.960894108,0,-0.960894108,0.276916444,0,0,0,1],"scale":0.622253299,"type":"tropical_plant_03_b"}
{"ctxid":0,"pos":[-498.562408,-157.912537,142.425751],"rotationMatrix":[0.920914471,0.389764756,0,-0.389764756,0.920914471,0,0,0,1],"scale":0.615894914,"type":"tropical_plant_03_b"}
{"ctxid":0,"pos":[-495.894012,-158.311996,144.760834],"rotationMatrix":[0.907746136,-0.419519782,0,0.419519782,0.907746136,0,0,0,1],"scale":0.666193604,"type":"tropical_plant_03_b"}
{"ctxid":0,"pos":[-517.482483,-157.392807,141.05011],"rotationMatrix":[0.716951251,0.697123408,0,-0.697123408,0.716951251,0,0,0,1],"scale":0.74018389,"type":"tropical_plant_03_b"}
{"ctxid":0,"pos":[-519.346313,-157.627365,140.650146],"rotationMatrix":[0.939252913,0.343225867,0,-0.343225867,0.939252913,0,0,0,1],"scale":0.63033545,"type":"tropical_plant_03_b"}
{"ctxid":0,"pos":[-278.78656,-743.912842,179.079803],"rotationMatrix":[-0.244413391,0.96967113,0,-0.96967113,-0.244413391,0,0,0,1],"scale":0.697804928,"type":"tropical_plant_03_b"}
{"ctxid":0,"pos":[-285.669006,-742.165344,180.101257],"rotationMatrix":[-0.945523739,0.325553179,0,-0.325553179,-0.945523739,0,0,0,1],"scale":0.648728251,"type":"tropical_plant_03_b"}
{"ctxid":0,"pos":[-281.808044,-739.054688,178.718018],"rotationMatrix":[0.999902189,-0.0139821116,0,0.0139821116,0.999902189,0,0,0,1],"scale":0.681757092,"type":"tropical_plant_03_b"}
{"ctxid":0,"pos":[-283.886536,-740.573853,179.418335],"rotationMatrix":[0.922279954,-0.386522442,0,0.386522442,0.922279954,0,0,0,1],"scale":0.765292168,"type":"tropical_plant_03_b"}
{"ctxid":0,"pos":[-279.508972,-737.641907,177.206451],"rotationMatrix":[0.710721612,-0.70347333,0,0.70347333,0.710721612,0,0,0,1],"scale":0.702708721,"type":"tropical_plant_03_b"}
{"ctxid":0,"pos":[-283.887817,-737.004028,178.084534],"rotationMatrix":[0.328550965,0.94448626,0,-0.94448626,0.328550965,0,0,0,1],"scale":0.696063042,"type":"tropical_plant_03_b"}
{"ctxid":0,"pos":[-623.838074,-196.409714,145.148529],"rotationMatrix":[0.894230902,0.358591646,0.267886519,-0.432818353,0.845294535,0.313281924,-0.114102721,-0.396092564,0.911093473],"scale":0.7754125,"type":"tropical_plant_03_b"}
{"ctxid":0,"pos":[-620.799561,-198.801041,143.921005],"rotationMatrix":[-0.0265370123,-0.997512877,-0.0652982071,0.999647796,-0.0264803376,-0.00173342985,0,-0.0653212145,0.997864306],"scale":0.703529358,"type":"tropical_plant_03_b"}
{"ctxid":0,"pos":[-624.523254,-200.714661,142.872513],"rotationMatrix":[-0.94589591,0.189136043,-0.263644576,-0.169485897,-0.98088479,-0.0956008881,-0.276686549,-0.0457444526,0.959870815],"scale":0.66584897,"type":"tropical_plant_03_b"}
{"ctxid":0,"pos":[-624.235474,-196.220734,145.894333],"rotationMatrix":[-0.998213112,0.0597531758,0,-0.0597531758,-0.998213112,0,0,0,1],"scale":0.755930662,"type":"tropical_plant_03_b"}
{"ctxid":0,"pos":[-603.950928,-191.280075,153.070801],"rotationMatrix":[-0.552152336,0.833743095,0,-0.833743095,-0.552152336,0,0,0,1],"scale":0.639610469,"type":"tropical_plant_03_b"}
{"ctxid":0,"pos":[-601.769897,-194.860214,147.802505],"rotationMatrix":[-0.411413103,0.911448896,0,-0.911448896,-0.411413103,0,0,0,1],"scale":0.726185381,"type":"tropical_plant_03_b"}
{"ctxid":0,"pos":[-620.396118,-191.799133,150.950684],"rotationMatrix":[-0.986990571,0.160777986,0,-0.160777986,-0.986990571,0,0,0,1],"scale":0.668841124,"type":"tropical_plant_03_b"}
{"ctxid":0,"pos":[-625.130066,-184.803635,155.967926],"rotationMatrix":[-0.586044908,0.810278416,0,-0.810278416,-0.586044908,0,0,0,1],"scale":0.768177509,"type":"tropical_plant_03_b"}
{"ctxid":0,"pos":[-626.699768,-186.813904,153.422272],"rotationMatrix":[-0.985773921,-0.168076873,0,0.168076873,-0.985773921,0,0,0,1],"scale":0.693247259,"type":"tropical_plant_03_b"}
{"ctxid":0,"pos":[-602.463074,-224.068771,140.78241],"rotationMatrix":[0.206607789,-0.978423834,0,0.978423834,0.206607789,0,0,0,1],"scale":0.711572587,"type":"tropical_plant_03_b"}
{"ctxid":0,"pos":[-603.162048,-221.078049,140.837158],"rotationMatrix":[0.591425121,0.806360006,0,-0.806360006,0.591425121,0,0,0,1],"scale":0.733219028,"type":"tropical_plant_03_b"}
{"ctxid":0,"pos":[-571.749329,-210.336639,137.888016],"rotationMatrix":[-0.654125512,-0.756385982,0,0.756385982,-0.654125512,0,0,0,1],"scale":0.660308897,"type":"tropical_plant_03_b"}
{"ctxid":0,"pos":[-568.761108,-211.430847,140.329758],"rotationMatrix":[-0.99160707,0.128899753,-0.0100170746,-0.12494503,-0.975327671,-0.182001859,-0.0332299322,-0.179222718,0.983247161],"scale":0.752683401,"type":"tropical_plant_03_b"}
{"ctxid":0,"pos":[-573.003967,-205.226685,144.955017],"rotationMatrix":[-0.195719287,-0.512066841,-0.836350203,0.967629194,-0.23940815,-0.0798597634,-0.159335509,-0.824906886,0.542347491],"scale":0.641268015,"type":"tropical_plant_03_b"}
{"ctxid":0,"pos":[-569.71759,-208.903427,141.229706],"rotationMatrix":[-0.794095516,0.607793033,0,-0.607793033,-0.794095516,0,0,0,1],"scale":0.712717056,"type":"tropical_plant_03_b"}
{"ctxid":0,"pos":[-570.980896,-216.818619,138.198257],"rotationMatrix":[-0.729508042,0.683972239,0,-0.683972239,-0.729508042,0,0,0,1],"scale":0.632570803,"type":"tropical_plant_03_b"}
{"ctxid":0,"pos":[-573.099365,-212.994492,138.209824],"rotationMatrix":[-0.855431199,0.517916381,0,-0.517916381,-0.855431199,0,0,0,1],"scale":0.641373158,"type":"tropical_plant_03_b"}
{"ctxid":0,"pos":[-574.993591,-213.821655,138.051025],"rotationMatrix":[0.863132834,-0.504976988,0,0.504976988,0.863132834,0,0,0,1],"scale":0.732059598,"type":"tropical_plant_03_b"}
{"ctxid":0,"pos":[-587.658691,184.94104,130.055359],"rotationMatrix":[0.266462266,0.963845372,0,-0.963845372,0.266462266,0,0,0,1],"scale":0.750037253,"type":"tropical_plant_03_b"}
{"ctxid":0,"pos":[-593.925171,192.115021,129.909332],"rotationMatrix":[-0.979567826,-0.201113984,0,0.201113984,-0.979567826,0,0,0,1],"scale":0.749499798,"type":"tropical_plant_03_b"}
{"ctxid":0,"pos":[-592.785706,183.019913,129.99971],"rotationMatrix":[-0.656923413,-0.753957391,0,0.753957391,-0.656923413,0,0,0,1],"scale":0.772559166,"type":"tropical_plant_03_b"}
{"ctxid":0,"pos":[-783.985229,444.854675,125.592041],"rotationMatrix":[-0.526941776,-0.849901438,0,0.849901438,-0.526941776,0,0,0,1],"scale":0.712142944,"type":"tropical_plant_03_b"}
{"ctxid":0,"pos":[-768.277588,446.292847,125.592041],"rotationMatrix":[0.846359491,-0.532611907,0,0.532611907,0.846359491,0,0,0,1],"scale":0.78471756,"type":"tropical_plant_03_b"}
{"ctxid":0,"pos":[-775.033752,458.320618,125.592041],"rotationMatrix":[-0.96008718,-0.279701024,0,0.279701024,-0.96008718,0,0,0,1],"scale":0.697009325,"type":"tropical_plant_03_b"}
{"ctxid":0,"pos":[-817.832581,444.027344,125.592041],"rotationMatrix":[-0.968691707,-0.248266816,0,0.248266816,-0.968691707,0,0,0,1],"scale":0.698303103,"type":"tropical_plant_03_b"}
{"ctxid":0,"pos":[-837.602295,445.690582,125.566925],"rotationMatrix":[0.136465788,-0.990644753,0,0.990644753,0.136465788,0,0,0,1],"scale":0.75867939,"type":"tropical_plant_03_b"}
{"ctxid":0,"pos":[-822.562134,460.313049,125.592041],"rotationMatrix":[-0.864448071,-0.502722025,0,0.502722025,-0.864448071,0,0,0,1],"scale":0.774209857,"type":"tropical_plant_03_b"}
{"ctxid":0,"pos":[-806.779724,450.94516,125.592041],"rotationMatrix":[-0.95521915,-0.295899302,0,0.295899302,-0.95521915,0,0,0,1],"scale":0.653429747,"type":"tropical_plant_03_b"}
{"ctxid":0,"pos":[-825.582581,458.203949,125.592041],"rotationMatrix":[-0.208191603,0.978088021,0,-0.978088021,-0.208191603,0,0,0,1],"scale":0.718112409,"type":"tropical_plant_03_b"}
{"ctxid":0,"pos":[-818.627991,470.842834,125.589172],"rotationMatrix":[-0.119628131,0.992818713,0,-0.992818713,-0.119628131,0,0,0,1],"scale":0.697781563,"type":"tropical_plant_03_b"}
{"ctxid":0,"pos":[-804.73053,473.79126,125.592041],"rotationMatrix":[-0.988105297,0.153778508,0,-0.153778508,-0.988105297,0,0,0,1],"scale":0.743431747,"type":"tropical_plant_03_b"}
{"ctxid":0,"pos":[-820.004822,483.713379,125.16983],"rotationMatrix":[0.694202483,0.719779909,0,-0.719779909,0.694202483,0,0,0,1],"scale":0.634553194,"type":"tropical_plant_03_b"}
{"ctxid":0,"pos":[-796.35022,483.207825,125.577927],"rotationMatrix":[-0.164274722,-0.986414671,0,0.986414671,-0.164274722,0,0,0,1],"scale":0.687532187,"type":"tropical_plant_03_b"}
{"ctxid":0,"pos":[-800.215515,491.523621,125.276932],"rotationMatrix":[0.29935199,0.954142809,0,-0.954142809,0.29935199,0,0,0,1],"scale":0.786586702,"type":"tropical_plant_03_b"}
{"ctxid":0,"pos":[-801.324829,497.449982,125.291733],"rotationMatrix":[0.094895795,-0.995487213,0,0.995487213,0.094895795,0,0,0,1],"scale":0.733872652,"type":"tropical_plant_03_b"}
{"ctxid":0,"pos":[-774.679077,493.267944,125.709625],"rotationMatrix":[0.800499082,-0.599333882,0,0.599333882,0.800499082,0,0,0,1],"scale":0.791161299,"type":"tropical_plant_03_b"}
{"ctxid":0,"pos":[-768.371277,477.777222,125.558121],"rotationMatrix":[0.540487945,0.841351867,0,-0.841351867,0.540487945,0,0,0,1],"scale":0.692726612,"type":"tropical_plant_03_b"}
{"ctxid":0,"pos":[-782.129028,505.264099,126.369087],"rotationMatrix":[0.66427505,0.74748832,0,-0.74748832,0.66427505,0,0,0,1],"scale":0.792986453,"type":"tropical_plant_03_b"}
{"ctxid":0,"pos":[594.28479,-660.185547,128.616989],"rotationMatrix":[-0.359139204,0.926572084,-0.111727551,-0.795007348,-0.366435409,-0.483413041,-0.488858044,-0.0847883672,0.868233085],"scale":0.659397602,"type":"tropical_plant_03_b"}
{"ctxid":0,"pos":[597.105896,-662.071045,130.903229],"rotationMatrix":[-0.929713249,0.270962179,-0.24942416,-0.206488207,-0.944315195,-0.256185591,-0.304951668,-0.186676025,0.933893204],"scale":0.76353848,"type":"tropical_plant_03_b"}
{"ctxid":0,"pos":[607.609558,-672.750427,131.626862],"rotationMatrix":[-0.538120389,-0.820388854,-0.19336088,0.82611376,-0.558870673,0.0721072555,-0.167219743,-0.120935708,0.978474379],"scale":0.608470142,"type":"tropical_plant_03_b"}
{"ctxid":0,"pos":[615.743713,-664.905823,135.945038],"rotationMatrix":[0.896302223,-0.110938266,0.429342479,0.192673907,0.969461203,-0.151728988,-0.399398357,0.218718141,0.890305161],"scale":0.652233839,"type":"tropical_plant_03_b"}
{"ctxid":0,"pos":[614.097351,-664.191833,134.120193],"rotationMatrix":[0.640390396,-0.638644814,0.426653147,0.650151134,0.746500731,0.141563013,-0.408905387,0.186733469,0.893267572],"scale":0.705476522,"type":"tropical_plant_03_b"}
{"ctxid":0,"pos":[508.825714,-850.24939,132.537643],"rotationMatrix":[0.617064416,-0.78522253,0.0515452623,0.326929808,0.196231961,-0.924450994,0.715785086,0.58729744,0.377800524],"scale":0.602282703,"type":"tropical_plant_03_b"}
{"ctxid":0,"pos":[518.040771,-860.084473,131.441483],"rotationMatrix":[0.0986156464,-0.310155988,-0.945557117,0.807303548,0.580499172,-0.106215239,0.581838369,-0.752877116,0.30763638],"scale":0.604849756,"type":"tropical_plant_03_b"}
{"ctxid":0,"pos":[517.075012,-861.49353,130.496124],"rotationMatrix":[-0.820301771,0.461838782,-0.337356538,-0.195707396,-0.78091228,-0.593189776,-0.53740406,-0.420571595,0.730969429],"scale":0.623253047,"type":"tropical_plant_03_b"}
{"ctxid":0,"pos":[514.7771,-862.138306,132.757355],"rotationMatrix":[-0.545701504,0.361364126,-0.756059408,-0.693418622,-0.701320529,0.165287897,-0.47051084,0.614463508,0.633288324],"scale":0.695930362,"type":"tropical_plant_03_b"}
{"ctxid":0,"pos":[516.254089,-865.454041,132.733261],"rotationMatrix":[-0.232501745,-0.350778699,0.907136738,0.31664288,-0.909183025,-0.270413458,0.919608653,0.224366814,0.322458327],"scale":0.641689122,"type":"tropical_plant_03_b"}
{"ctxid":0,"pos":[518.582458,-862.697815,130.327667],"rotationMatrix":[0.396091521,-0.895489752,-0.203001082,0.916242898,0.399929523,0.0235625729,0.0600860491,-0.195331246,0.978894949],"scale":0.664817274,"type":"tropical_plant_03_b"}
{"ctxid":0,"pos":[510.390717,-847.077576,129.307617],"rotationMatrix":[-0.843034267,0.477204829,-0.248130292,-0.508561015,-0.857403278,0.0788994357,-0.175096571,0.19270432,0.965508282],"scale":0.773685336,"type":"tropical_plant_03_b"}
{"ctxid":0,"pos":[502.783569,-902.255615,136.09671],"rotationMatrix":[-0.950052738,-0.135677516,0.281054407,0.266268224,-0.822131395,0.503191113,0.162791908,0.552893877,0.8171947],"scale":0.644679487,"type":"tropical_plant_03_b"}
{"ctxid":0,"pos":[505.529755,-899.684509,136.649963],"rotationMatrix":[-0.607488513,-0.780308902,-0.148576736,0.793930233,-0.602387309,-0.0824849606,-0.0251370296,-0.16806829,0.985454798],"scale":0.715915084,"type":"tropical_plant_03_b"}
{"ctxid":0,"pos":[507.652802,-906.52771,135.349487],"rotationMatrix":[-0.951680303,-0.233289182,-0.199701101,0.245862991,-0.968465924,-0.0403120741,-0.18399936,-0.0874633268,0.979027271],"scale":0.731735766,"type":"tropical_plant_03_b"}
{"ctxid":0,"pos":[508.720825,-909.370239,134.435501],"rotationMatrix":[0.574299574,-0.556683779,-0.60023582,0.435113996,0.828633428,-0.352196574,0.693437576,-0.0589047074,0.71810478],"scale":0.688141465,"type":"tropical_plant_03_b"}
{"ctxid":0,"pos":[508.327209,-912.286438,134.390488],"rotationMatrix":[0.309057474,-0.838362813,-0.449033409,0.844538212,0.459033072,-0.275759935,0.437308043,-0.294000328,0.849897325],"scale":0.60498035,"type":"tropical_plant_03_b"}
{"ctxid":0,"pos":[471.458038,-915.081543,139.154495],"rotationMatrix":[-0.869047284,0.356859505,-0.342648149,-0.321683884,-0.933798432,-0.156651393,-0.37586689,-0.0259130895,0.926311255],"scale":0.766401649,"type":"tropical_plant_03_b"}
{"ctxid":0,"pos":[471.457123,-913.252686,140.300385],"rotationMatrix":[0.778144717,0.575200379,0.252260506,-0.539158642,0.405709624,0.73804307,0.322178125,-0.710312724,0.625825047],"scale":0.721873999,"type":"tropical_plant_03_b"}
{"ctxid":0,"pos":[470.526001,-911.714722,139.288635],"rotationMatrix":[0.58525759,0.517123699,-0.624545097,-0.247796133,0.847455382,0.469485193,0.772056103,-0.120009869,0.624120951],"scale":0.783292472,"type":"tropical_plant_03_b"}
{"ctxid":0,"pos":[485.270447,-907.269775,142.416962],"rotationMatrix":[-0.720327497,-0.691008151,-0.0602983981,0.454756558,-0.404828072,-0.793290973,0.52376008,-0.598850489,0.605849385],"scale":0.722480893,"type":"tropical_plant_03_b"}
{"ctxid":0,"pos":[480.39328,-912.996033,139.00325],"rotationMatrix":[-0.943058729,0.293721914,-0.156101063,-0.297289968,-0.533794999,0.791632056,0.149193719,0.792962909,0.590720773],"scale":0.671383977,"type":"tropical_plant_03_b"}
{"ctxid":0,"pos":[479.785095,-914.995178,139.462067],"rotationMatrix":[-0.721182346,0.678998053,0.13732256,-0.653536499,-0.73260653,0.190204471,0.22975187,0.0474268198,0.972092986],"scale":0.709757149,"type":"tropical_plant_03_b"}
{"ctxid":0,"pos":[481.744659,-909.830566,142.466309],"rotationMatrix":[-0.795706153,0.273750097,0.540288806,-0.597958446,-0.497053146,-0.628795147,0.0964196026,-0.823406696,0.559199929],"scale":0.672668576,"type":"tropical_plant_03_b"}
{"ctxid":0,"pos":[479.241608,-908.524109,142.513916],"rotationMatrix":[0.00300842524,0.99397409,0.109572202,-0.884257913,-0.0485252142,0.464470357,0.466988653,-0.0982873142,0.878783941],"scale":0.619664073,"type":"tropical_plant_03_b"}
{"ctxid":0,"pos":[479.198059,-910.598694,142.214996],"rotationMatrix":[0.206282854,-0.890284181,-0.406006455,0.564877987,0.447156549,-0.69351542,0.798974276,-0.0862839222,0.595142841],"scale":0.735677361,"type":"tropical_plant_03_b"}
{"ctxid":0,"pos":[483.600586,-907.443726,142.969254],"rotationMatrix":[0.888964832,-0.264158666,-0.374114633,0.433142304,0.750289202,0.499453574,0.148759142,-0.606041551,0.781399012],"scale":0.667920589,"type":"tropical_plant_03_b"}
