{"ctxid":0,"pos":[-19.5120087,-330.438293,136.324905],"rotationMatrix":[0.585419714,0.810730338,0,-0.810730338,0.585419714,0,0,0,1],"scale":0.783149183,"type":"tropical_plant_02_b"}
{"ctxid":0,"pos":[-12.57094,-328.823669,133.327469],"rotationMatrix":[-0.167404741,0.985888243,0,-0.985888243,-0.167404741,0,0,0,1],"scale":0.827787697,"type":"tropical_plant_02_b"}
{"ctxid":0,"pos":[-14.8962002,-336.529724,134.919601],"rotationMatrix":[-0.184137866,-0.982900441,0,0.982900441,-0.184137866,0,0,0,1],"scale":0.80085206,"type":"tropical_plant_02_b"}
{"ctxid":0,"pos":[325.50827,-124.834435,160.047424],"rotationMatrix":[-0.639356613,0.768910348,0,-0.768910348,-0.639356613,0,0,0,1],"scale":0.821636319,"type":"tropical_plant_02_b"}
{"ctxid":0,"pos":[314.502289,-126.453957,159.536743],"rotationMatrix":[0.997511148,0.0705084503,0,-0.0705084503,0.997511148,0,0,0,1],"scale":0.819207251,"type":"tropical_plant_02_b"}
{"ctxid":0,"pos":[326.022491,-133.529755,160.003845],"rotationMatrix":[0.168995678,-0.985616803,0,0.985616803,0.168995678,0,0,0,1],"scale":0.799571872,"type":"tropical_plant_02_b"}
{"ctxid":0,"pos":[257.728271,-150.434174,159.893234],"rotationMatrix":[-0.606154144,-0.795347214,0,0.795347214,-0.606154144,0,0,0,1],"scale":0.728093386,"type":"tropical_plant_02_b"}
{"ctxid":0,"pos":[258.419952,-152.436783,159.886902],"rotationMatrix":[0.383716702,-0.923450887,0,0.923450887,0.383716702,0,0,0,1],"scale":0.737358928,"type":"tropical_plant_02_b"}
{"ctxid":0,"pos":[263.656036,-157.430847,159.849823],"rotationMatrix":[-0.745563567,-0.666434526,0,0.666434526,-0.745563567,0,0,0,1],"scale":0.783019423,"type":"tropical_plant_02_b"}
{"ctxid":0,"pos":[340.319489,-157.934082,160.552704],"rotationMatrix":[-0.114445649,0.993429482,0,-0.993429482,-0.114445649,0,0,0,1],"scale":0.785002887,"type":"tropical_plant_02_b"}
{"ctxid":0,"pos":[963.238281,-821.00061,145.334137],"rotationMatrix":[0.0665580705,-0.997782528,0,0.997782528,0.0665580705,0,0,0,1],"scale":0.730182648,"type":"tropical_plant_02_b"}
{"ctxid":0,"pos":[972.291626,-817.690491,145.056244],"rotationMatrix":[-0.796025038,0.605263591,0,-0.605263591,-0.796025038,0,0,0,1],"scale":0.820604503,"type":"tropical_plant_02_b"}
{"ctxid":0,"pos":[982.526062,-814.727661,145.056152],"rotationMatrix":[0.513811171,0.857903302,0,-0.857903302,0.513811171,0,0,0,1],"scale":0.718896866,"type":"tropical_plant_02_b"}
{"ctxid":0,"pos":[980.491882,-811.383789,145.055664],"rotationMatrix":[-0.182826489,-0.983145177,0,0.983145177,-0.182826489,0,0,0,1],"scale":0.748742759,"type":"tropical_plant_02_b"}
{"ctxid":0,"pos":[973.341919,-808.062927,142.744232],"rotationMatrix":[-0.81420058,0.580583751,0,-0.580583751,-0.81420058,0,0,0,1],"scale":0.63083905,"type":"tropical_plant_02_b"}
{"ctxid":0,"pos":[980.29187,-828.798157,152.310181],"rotationMatrix":[-0.0863834769,-0.996261954,0,0.996261954,-0.0863834769,0,0,0,1],"scale":0.762368679,"type":"tropical_plant_02_b"}
{"ctxid":0,"pos":[977.320984,-835.290771,152.296875],"rotationMatrix":[0.341785729,0.939777911,0,-0.939777911,0.341785729,0,0,0,1],"scale":0.814325929,"type":"tropical_plant_02_b"}
{"ctxid":0,"pos":[798.093323,926.738892,148.884323],"rotationMatrix":[-0.773762465,0.63347584,0,-0.63347584,-0.773762465,0,0,0,1],"scale":0.794987917,"type":"tropical_plant_02_b"}
{"ctxid":0,"pos":[806.39447,917.987671,157.074768],"rotationMatrix":[0.993184805,0.116550058,0,-0.116550058,0.993184805,0,0,0,1],"scale":0.71781671,"type":"tropical_plant_02_b"}
{"ctxid":0,"pos":[795.956848,848.618286,148.656921],"rotationMatrix":[0.81437093,0.580344677,0,-0.580344677,0.81437093,0,0,0,1],"scale":0.741069674,"type":"tropical_plant_02_b"}
{"ctxid":0,"pos":[791.57373,828.666016,147.695816],"rotationMatrix":[0.946774185,-0.32189858,0,0.32189858,0.946774185,0,0,0,1],"scale":0.755398989,"type":"tropical_plant_02_b"}
{"ctxid":0,"pos":[780.251953,822.575928,146.502441],"rotationMatrix":[-0.688337982,0.725390136,0,-0.725390136,-0.688337982,0,0,0,1],"scale":0.741306186,"type":"tropical_plant_02_b"}
{"ctxid":0,"pos":[772.491333,810.576843,145.417664],"rotationMatrix":[-0.83824718,0.54529047,0,-0.54529047,-0.83824718,0,0,0,1],"scale":0.804984331,"type":"tropical_plant_02_b"}
{"ctxid":0,"pos":[788.319458,887.508789,146.763168],"rotationMatrix":[-0.961785793,0.273803115,0,-0.273803115,-0.961785793,0,0,0,1],"scale":0.78052485,"type":"tropical_plant_02_b"}
{"ctxid":0,"pos":[786.536072,889.902893,146.30806],"rotationMatrix":[-0.449157119,0.893452764,0,-0.893452764,-0.449157119,0,0,0,1],"scale":0.782725096,"type":"tropical_plant_02_b"}
{"ctxid":0,"pos":[787.374023,882.372864,147.00708],"rotationMatrix":[0.964541554,-0.263930976,0,0.263930976,0.964541554,0,0,0,1],"scale":0.81424731,"type":"tropical_plant_02_b"}
{"ctxid":0,"pos":[786.318481,866.328979,143.64769],"rotationMatrix":[-0.465830028,0.884874225,0,-0.884874225,-0.465830028,0,0,0,1],"scale":0.830716252,"type":"tropical_plant_02_b"}
{"ctxid":0,"pos":[789.217285,840.194275,140.920059],"rotationMatrix":[0.998648524,-0.0519718677,0,0.0519718677,0.998648524,0,0,0,1],"scale":0.720095932,"type":"tropical_plant_02_b"}
{"ctxid":0,"pos":[784.553223,830.829895,140.914001],"rotationMatrix":[0.94023478,0.340526938,0,-0.340526938,0.94023478,0,0,0,1],"scale":0.812452853,"type":"tropical_plant_02_b"}
{"ctxid":0,"pos":[790.286316,787.317871,140.862488],"rotationMatrix":[0.986911893,0.161260352,0,-0.161260352,0.986911893,0,0,0,1],"scale":0.819190443,"type":"tropical_plant_02_b"}
{"ctxid":0,"pos":[796.772034,784.38031,138.380737],"rotationMatrix":[0.224065557,0.974574089,0,-0.974574089,0.224065557,0,0,0,1],"scale":0.750599146,"type":"tropical_plant_02_b"}
{"ctxid":0,"pos":[778.976929,783.588684,137.790695],"rotationMatrix":[-0.659797728,0.751443207,0,-0.751443207,-0.659797728,0,0,0,1],"scale":0.710162759,"type":"tropical_plant_02_b"}
{"ctxid":0,"pos":[776.996521,780.385193,136.871674],"rotationMatrix":[0.510760307,0.859723151,0,-0.859723151,0.510760307,0,0,0,1],"scale":0.775534511,"type":"tropical_plant_02_b"}
{"ctxid":0,"pos":[764.891357,812.085999,136.080582],"rotationMatrix":[-0.987938225,0.154848427,0,-0.154848427,-0.987938225,0,0,0,1],"scale":0.712770224,"type":"tropical_plant_02_b"}
{"ctxid":0,"pos":[-583.665039,-456.515076,139.728729],"rotationMatrix":[-0.949472725,-0.313849598,0,0.313849598,-0.949472725,0,0,0,1],"scale":0.803203642,"type":"tropical_plant_02_b"}
{"ctxid":0,"pos":[-594.373413,-458.453491,141.198273],"rotationMatrix":[-0.466557711,0.884490728,0,-0.884490728,-0.466557711,0,0,0,1],"scale":0.829227209,"type":"tropical_plant_02_b"}
{"ctxid":0,"pos":[-584.594666,-460.007843,141.087433],"rotationMatrix":[0.976750314,-0.214380145,0,0.214380145,0.976750314,0,0,0,1],"scale":0.828894615,"type":"tropical_plant_02_b"}
{"ctxid":0,"pos":[-605.017334,-459.237854,143.263367],"rotationMatrix":[-0.325499177,0.945542336,0,-0.945542336,-0.325499177,0,0,0,1],"scale":0.823624849,"type":"tropical_plant_02_b"}
{"ctxid":0,"pos":[-614.116577,-461.439606,144.315781],"rotationMatrix":[0.0364056341,0.999337077,0,-0.999337077,0.0364056341,0,0,0,1],"scale":0.798232973,"type":"tropical_plant_02_b"}
{"ctxid":0,"pos":[-562.727661,-446.388428,137.50676],"rotationMatrix":[-0.567558587,0.823333025,0,-0.823333025,-0.567558587,0,0,0,1],"scale":0.82578975,"type":"tropical_plant_02_b"}
{"ctxid":0,"pos":[-792.067871,-579.053589,164.523895],"rotationMatrix":[0.993927717,0.110035136,0,-0.110035136,0.993927717,0,0,0,1],"scale":0.805953741,"type":"tropical_plant_02_b"}
{"ctxid":0,"pos":[-792.927124,-585.142822,164.358185],"rotationMatrix":[0.999954939,0.0094930334,0,-0.0094930334,0.999954939,0,0,0,1],"scale":0.776439905,"type":"tropical_plant_02_b"}
{"ctxid":0,"pos":[-795.783752,-565.56189,166.080154],"rotationMatrix":[-0.565472066,-0.82476747,0,0.82476747,-0.565472066,0,0,0,1],"scale":0.750587106,"type":"tropical_plant_02_b"}
{"ctxid":0,"pos":[-793.697571,-555.25177,168.583084],"rotationMatrix":[-0.951127589,-0.308798224,0,0.308798224,-0.951127589,0,0,0,1],"scale":0.767285585,"type":"tropical_plant_02_b"}
{"ctxid":0,"pos":[-797.899597,-547.668091,169.209137],"rotationMatrix":[-0.895662367,-0.385096312,-0.222463012,0.394994438,-0.918683529,0,-0.204373106,-0.0878716558,0.974941134],"scale":0.771830618,"type":"tropical_plant_02_b"}
{"ctxid":0,"pos":[-795.13385,-558.843506,167.785416],"rotationMatrix":[0.82297945,0.512949228,0.244106174,-0.52895081,0.848652482,0,-0.207161307,-0.129120156,0.969748497],"scale":0.72800678,"type":"tropical_plant_02_b"}
{"ctxid":0,"pos":[-804.063782,-563.618164,166.592194],"rotationMatrix":[-0.979944587,0.199270174,0,-0.199270174,-0.979944587,0,0,0,1],"scale":0.84815979,"type":"tropical_plant_02_b"}
{"ctxid":0,"pos":[-803.884949,-635.821594,162.489258],"rotationMatrix":[-0.905586243,0.424162179,0,-0.424162179,-0.905586243,0,0,0,1],"scale":0.726718485,"type":"tropical_plant_02_b"}
{"ctxid":0,"pos":[-801.383606,-632.433105,163.15097],"rotationMatrix":[-0.191837862,-0.981426656,0,0.981426656,-0.191837862,0,0,0,1],"scale":0.740659475,"type":"tropical_plant_02_b"}
{"ctxid":0,"pos":[-812.841919,-619.796143,156.487335],"rotationMatrix":[-0.798496604,0.601999342,0,-0.601999342,-0.798496604,0,0,0,1],"scale":0.72925216,"type":"tropical_plant_02_b"}
{"ctxid":0,"pos":[-814.003052,-624.566589,157.172485],"rotationMatrix":[0.869793117,0.493416578,0,-0.493416578,0.869793117,0,0,0,1],"scale":0.747277856,"type":"tropical_plant_02_b"}
{"ctxid":0,"pos":[-809.99176,-624.242004,159.182159],"rotationMatrix":[0.242845282,-0.970065057,0,0.970065057,0.242845282,0,0,0,1],"scale":0.824674964,"type":"tropical_plant_02_b"}
{"ctxid":0,"pos":[-814.716919,-632.033264,158.84259],"rotationMatrix":[0.833765507,-0.552118778,0,0.552118778,0.833765507,0,0,0,1],"scale":0.741445065,"type":"tropical_plant_02_b"}
{"ctxid":0,"pos":[-811.692383,-637.005005,160.531464],"rotationMatrix":[0.995597839,-0.0937278345,0,0.0937278345,0.995597839,0,0,0,1],"scale":0.810445428,"type":"tropical_plant_02_b"}
{"ctxid":0,"pos":[-809.901489,-633.277283,160.614807],"rotationMatrix":[-0.501342654,0.865248859,0,-0.865248859,-0.501342654,0,0,0,1],"scale":0.726456761,"type":"tropical_plant_02_b"}
{"ctxid":0,"pos":[-807.934082,-629.738647,161.103729],"rotationMatrix":[-0.737865269,-0.674947977,0,0.674947977,-0.737865269,0,0,0,1],"scale":0.771507382,"type":"tropical_plant_02_b"}
{"ctxid":0,"pos":[-772.647705,-547.463257,173.063202],"rotationMatrix":[0.98967433,0.143334255,0,-0.143334255,0.98967433,0,0,0,1],"scale":0.736983299,"type":"tropical_plant_02_b"}
{"ctxid":0,"pos":[-772.403503,-543.983154,172.27005],"rotationMatrix":[0.540898323,-0.841087997,0,0.841087997,0.540898323,0,0,0,1],"scale":0.804080009,"type":"tropical_plant_02_b"}
{"ctxid":0,"pos":[-767.048584,-549.38916,171.975403],"rotationMatrix":[-0.90221101,-0.431294888,0,0.431294888,-0.90221101,0,0,0,1],"scale":0.812865376,"type":"tropical_plant_02_b"}
{"ctxid":0,"pos":[-707.76001,-532.808899,168.225189],"rotationMatrix":[0.991375446,0.13105239,0,-0.13105239,0.991375446,0,0,0,1],"scale":0.845741093,"type":"tropical_plant_02_b"}
{"ctxid":0,"pos":[-708.862793,-541.356384,170.574371],"rotationMatrix":[-0.399503738,0.916731536,0,-0.916731536,-0.399503738,0,0,0,1],"scale":0.782903731,"type":"tropical_plant_02_b"}
{"ctxid":0,"pos":[-712.463745,-550.155701,172.630844],"rotationMatrix":[0.111320563,0.993784547,0,-0.993784547,0.111320563,0,0,0,1],"scale":0.768839836,"type":"tropical_plant_02_b"}
{"ctxid":0,"pos":[-702.82196,-530.012756,163.893997],"rotationMatrix":[0.999662519,-0.0259789899,0,0.0259789899,0.999662519,0,0,0,1],"scale":0.700855792,"type":"tropical_plant_02_b"}
{"ctxid":0,"pos":[-698.047485,-527.084961,163.673615],"rotationMatrix":[-0.352899671,-0.935661197,0,0.935661197,-0.352899671,0,0,0,1],"scale":0.759097576,"type":"tropical_plant_02_b"}
{"ctxid":0,"pos":[-702.906494,-520.210083,162.863739],"rotationMatrix":[-0.717398703,-0.696662843,0,0.696662843,-0.717398703,0,0,0,1],"scale":0.83827275,"type":"tropical_plant_02_b"}
{"ctxid":0,"pos":[-695.500427,-519.369019,161.747528],"rotationMatrix":[-0.602686882,0.797977805,0,-0.797977805,-0.602686882,0,0,0,1],"scale":0.712068081,"type":"tropical_plant_02_b"}
{"ctxid":0,"pos":[-708.256897,-521.202209,165.182098],"rotationMatrix":[0.509169817,-0.860666096,0,0.860666096,0.509169817,0,0,0,1],"scale":0.725718081,"type":"tropical_plant_02_b"}
{"ctxid":0,"pos":[-694.529419,-507.782867,159.434601],"rotationMatrix":[-0.987050056,0.160412535,0,-0.160412535,-0.987050056,0,0,0,1],"scale":0.803504705,"type":"tropical_plant_02_b"}
{"ctxid":0,"pos":[-696.73175,-508.4534,160.210632],"rotationMatrix":[0.919644475,0.392751843,0,-0.392751843,0.919644475,0,0,0,1],"scale":0.702271342,"type":"tropical_plant_02_b"}
{"ctxid":0,"pos":[-690.932617,-513.520691,159.53273],"rotationMatrix":[0.740554154,-0.671996713,0,0.671996713,0.740554154,0,0,0,1],"scale":0.831446052,"type":"tropical_plant_02_b"}
{"ctxid":0,"pos":[-690.073608,-515.441223,159.959167],"rotationMatrix":[-0.860474706,-0.509493113,0,0.509493113,-0.860474706,0,0,0,1],"scale":0.814125001,"type":"tropical_plant_02_b"}
{"ctxid":0,"pos":[-633.882629,-464.737915,147.277435],"rotationMatrix":[-0.944467068,0.328606039,0,-0.328606039,-0.944467068,0,0,0,1],"scale":0.830150545,"type":"tropical_plant_02_b"}
{"ctxid":0,"pos":[-643.137024,-479.217865,150.003098],"rotationMatrix":[-0.0876196176,-0.99615401,0,0.99615401,-0.0876196176,0,0,0,1],"scale":0.792810798,"type":"tropical_plant_02_b"}
{"ctxid":0,"pos":[-646.023621,-472.026703,150.23233],"rotationMatrix":[-0.496697128,-0.867923915,0,0.867923915,-0.496697128,0,0,0,1],"scale":0.787715435,"type":"tropical_plant_02_b"}
{"ctxid":0,"pos":[-699.822266,-513.676697,161.097626],"rotationMatrix":[0.174050406,-0.984736741,0,0.984736741,0.174050406,0,0,0,1],"scale":0.75736928,"type":"tropical_plant_02_b"}
{"ctxid":0,"pos":[-734.700256,-556.734314,170.857803],"rotationMatrix":[0.592663109,-0.805450499,0,0.805450499,0.592663109,0,0,0,1],"scale":0.802537978,"type":"tropical_plant_02_b"}
{"ctxid":0,"pos":[-740.430847,-551.080688,171.17926],"rotationMatrix":[-0.338380903,0.941009223,0,-0.941009223,-0.338380903,0,0,0,1],"scale":0.80354774,"type":"tropical_plant_02_b"}
{"ctxid":0,"pos":[-790.98938,-540.346069,170.863892],"rotationMatrix":[0.118126035,0.9929986,0,-0.9929986,0.118126035,0,0,0,1],"scale":0.791077256,"type":"tropical_plant_02_b"}
{"ctxid":0,"pos":[-789.975098,-549.977661,169.89035],"rotationMatrix":[-0.129666403,0.991557658,0,-0.991557658,-0.129666403,0,0,0,1],"scale":0.780951023,"type":"tropical_plant_02_b"}
{"ctxid":0,"pos":[964.30011,-802.225098,134.238846],"rotationMatrix":[-0.283762693,-0.958894551,0,0.958894551,-0.283762693,0,0,0,1],"scale":0.721178889,"type":"tropical_plant_02_b"}
{"ctxid":0,"pos":[-41.5386238,-477.552216,130.742142],"rotationMatrix":[-0.806513488,0.59121567,0,-0.59121567,-0.806513488,0,0,0,1],"scale":0.729145408,"type":"tropical_plant_02_b"}
{"ctxid":0,"pos":[-51.3694458,-475.241943,130.816605],"rotationMatrix":[-0.635245442,-0.772310317,0,0.772310317,-0.635245442,0,0,0,1],"scale":0.723905206,"type":"tropical_plant_02_b"}
{"ctxid":0,"pos":[-46.1341934,-468.191376,130.342499],"rotationMatrix":[0.216579303,-0.976265013,0,0.976265013,0.216579303,0,0,0,1],"scale":0.835768402,"type":"tropical_plant_02_b"}
{"ctxid":0,"pos":[-47.9925499,-483.036407,131.006577],"rotationMatrix":[0.471743196,0.881735981,0,-0.881735981,0.471743196,0,0,0,1],"scale":0.712939084,"type":"tropical_plant_02_b"}
{"ctxid":0,"pos":[-53.828083,-478.287476,130.735779],"rotationMatrix":[0.812413335,-0.583081961,0,0.583081961,0.812413335,0,0,0,1],"scale":0.842808247,"type":"tropical_plant_02_b"}
{"ctxid":0,"pos":[-37.909832,-476.082672,130.649734],"rotationMatrix":[-0.996112823,-0.0880868807,0,0.0880868807,-0.996112823,0,0,0,1],"scale":0.841934919,"type":"tropical_plant_02_b"}
{"ctxid":0,"pos":[-347.154388,-406.374512,133.934052],"rotationMatrix":[-0.0337059908,0.999431789,0,-0.999431789,-0.0337059908,0,0,0,1],"scale":0.819224536,"type":"tropical_plant_02_b"}
{"ctxid":0,"pos":[-360.119202,-796.800293,184.816483],"rotationMatrix":[0.968764484,0.247982651,0,-0.247982651,0.968764484,0,0,0,1],"scale":0.735463381,"type":"tropical_plant_02_b"}
{"ctxid":0,"pos":[-355.014282,-796.514526,184.744797],"rotationMatrix":[-0.301014543,-0.95361954,0,0.95361954,-0.301014543,0,0,0,1],"scale":0.774441421,"type":"tropical_plant_02_b"}
{"ctxid":0,"pos":[-356.94986,-790.452454,184.377182],"rotationMatrix":[0.137756258,-0.990466177,0,0.990466177,0.137756258,0,0,0,1],"scale":0.814468265,"type":"tropical_plant_02_b"}
{"ctxid":0,"pos":[-357.069,-783.921997,183.712921],"rotationMatrix":[-0.704735577,0.709470093,0,-0.709470093,-0.704735577,0,0,0,1],"scale":0.768781185,"type":"tropical_plant_02_b"}
{"ctxid":0,"pos":[-336.067596,-801.043335,185.357666],"rotationMatrix":[0.350841433,0.936434865,0,-0.936434865,0.350841433,0,0,0,1],"scale":0.748546004,"type":"tropical_plant_02_b"}
{"ctxid":0,"pos":[-340.103302,-786.349792,184.23053],"rotationMatrix":[0.986023128,-0.166608393,0,0.166608393,0.986023128,0,0,0,1],"scale":0.816680253,"type":"tropical_plant_02_b"}
{"ctxid":0,"pos":[-342.59729,-781.724243,183.893707],"rotationMatrix":[0.96759975,0.252488971,0,-0.252488971,0.96759975,0,0,0,1],"scale":0.765770197,"type":"tropical_plant_02_b"}
{"ctxid":0,"pos":[-375.862122,-798.493835,184.073547],"rotationMatrix":[0.971705258,0.236196652,0,-0.236196652,0.971705258,0,0,0,1],"scale":0.826088011,"type":"tropical_plant_02_b"}
{"ctxid":0,"pos":[613.648376,-873.773682,130.310059],"rotationMatrix":[-0.330812871,-0.94369638,0,0.94369638,-0.330812871,0,0,0,1],"scale":0.777600408,"type":"tropical_plant_02_b"}
{"ctxid":0,"pos":[609.374878,-867.955566,130.185074],"rotationMatrix":[-0.252772421,0.96752578,0,-0.96752578,-0.252772421,0,0,0,1],"scale":0.708729506,"type":"tropical_plant_02_b"}
{"ctxid":0,"pos":[601.057068,-863.435364,129.108856],"rotationMatrix":[0.939419031,-0.342770875,0,0.342770875,0.939419031,0,0,0,1],"scale":0.841073096,"type":"tropical_plant_02_b"}
{"ctxid":0,"pos":[598.030273,-868.58075,128.094849],"rotationMatrix":[-0.776515782,-0.630097806,0,0.630097806,-0.776515782,0,0,0,1],"scale":0.835691154,"type":"tropical_plant_02_b"}
{"ctxid":0,"pos":[608.189209,-875.05719,130.310059],"rotationMatrix":[0.783932447,0.620846093,0,-0.620846093,0.783932447,0,0,0,1],"scale":0.816627264,"type":"tropical_plant_02_b"}
{"ctxid":0,"pos":[-67.3031158,-569.419006,130.82933],"rotationMatrix":[-0.905222535,0.424937785,0,-0.424937785,-0.905222535,0,0,0,1],"scale":0.757892549,"type":"tropical_plant_02_b"}
{"ctxid":0,"pos":[-60.6701431,-564.686768,130.505783],"rotationMatrix":[-0.322059542,-0.946719408,0,0.946719408,-0.322059542,0,0,0,1],"scale":0.784823954,"type":"tropical_plant_02_b"}
{"ctxid":0,"pos":[-63.5952988,-563.867065,131.253601],"rotationMatrix":[-0.759706914,-0.650265634,0,0.650265634,-0.759706914,0,0,0,1],"scale":0.808856368,"type":"tropical_plant_02_b"}
{"ctxid":0,"pos":[-50.8923836,-557.438477,129.873108],"rotationMatrix":[-0.11404068,-0.993476093,0,0.993476093,-0.11404068,0,0,0,1],"scale":0.844377339,"type":"tropical_plant_02_b"}
{"ctxid":0,"pos":[-61.8006744,-571.21637,131.043671],"rotationMatrix":[-0.992602408,0.121410117,0,-0.121410117,-0.992602408,0,0,0,1],"scale":0.824873447,"type":"tropical_plant_02_b"}
{"ctxid":0,"pos":[-42.7397346,-548.732178,130.985321],"rotationMatrix":[0.86120671,0.508254826,0,-0.508254826,0.86120671,0,0,0,1],"scale":0.831489742,"type":"tropical_plant_02_b"}
{"ctxid":0,"pos":[-42.8055077,-540.034058,131.3349],"rotationMatrix":[0.543092906,0.839672565,0,-0.839672565,0.543092906,0,0,0,1],"scale":0.730169833,"type":"tropical_plant_02_b"}
{"ctxid":0,"pos":[-47.0909576,-541.737,131.618515],"rotationMatrix":[0.803424776,-0.595406234,0,0.595406234,0.803424776,0,0,0,1],"scale":0.713949859,"type":"tropical_plant_02_b"}
{"ctxid":0,"pos":[-48.752037,-538.417358,131.735229],"rotationMatrix":[0.594407737,0.804163814,0,-0.804163814,0.594407737,0,0,0,1],"scale":0.797275722,"type":"tropical_plant_02_b"}
{"ctxid":0,"pos":[-47.5735207,-535.798767,131.711365],"rotationMatrix":[0.381628186,-0.924315929,0,0.924315929,0.381628186,0,0,0,1],"scale":0.798537612,"type":"tropical_plant_02_b"}
{"ctxid":0,"pos":[-31.6837997,-525.980225,131.161499],"rotationMatrix":[0.809447229,-0.587192655,0,0.587192655,0.809447229,0,0,0,1],"scale":0.738095284,"type":"tropical_plant_02_b"}
{"ctxid":0,"pos":[-37.1269379,-532.64447,131.300232],"rotationMatrix":[-0.630268693,-0.776377082,0,0.776377082,-0.630268693,0,0,0,1],"scale":0.708468735,"type":"tropical_plant_02_b"}
{"ctxid":0,"pos":[510.997742,-858.74353,139.542191],"rotationMatrix":[-0.890033066,-0.455895931,0,0.455895931,-0.890033066,0,0,0,1],"scale":0.738749683,"type":"tropical_plant_02_b"}
{"ctxid":0,"pos":[503.309235,-854.991394,139.938354],"rotationMatrix":[-0.363314807,-0.931666434,0,0.931666434,-0.363314807,0,0,0,1],"scale":0.833607316,"type":"tropical_plant_02_b"}
{"ctxid":0,"pos":[486.695526,-873.027161,149.63002],"rotationMatrix":[0.267742842,-0.963490427,0,0.963490427,0.267742842,0,0,0,1],"scale":0.709099054,"type":"tropical_plant_02_b"}
{"ctxid":0,"pos":[491.307373,-880.344543,151.437378],"rotationMatrix":[0.419854254,-0.907591522,0,0.907591522,0.419854254,0,0,0,1],"scale":0.839772403,"type":"tropical_plant_02_b"}
{"ctxid":0,"pos":[502.226135,-874.701843,151.066711],"rotationMatrix":[-0.536737382,0.843749344,0,-0.843749344,-0.536737382,0,0,0,1],"scale":0.849473655,"type":"tropical_plant_02_b"}
{"ctxid":0,"pos":[504.422485,-881.427734,151.973068],"rotationMatrix":[0.315656006,0.948873699,0,-0.948873699,0.315656006,0,0,0,1],"scale":0.839467764,"type":"tropical_plant_02_b"}
{"ctxid":0,"pos":[498.820923,-895.2677,152.83551],"rotationMatrix":[-0.991060913,-0.13341029,0,0.13341029,-0.991060913,0,0,0,1],"scale":0.768370271,"type":"tropical_plant_02_b"}
{"ctxid":0,"pos":[486.600891,-898.330139,154.104218],"rotationMatrix":[0.994515717,0.104586974,0,-0.104586974,0.994515717,0,0,0,1],"scale":0.788854599,"type":"tropical_plant_02_b"}
{"ctxid":0,"pos":[443.993713,-190.467438,160.338318],"rotationMatrix":[0.794997573,-0.606612623,0,0.606612623,0.794997573,0,0,0,1],"scale":0.808185458,"type":"tropical_plant_02_b"}
{"ctxid":0,"pos":[624.969543,-422.467316,159.997559],"rotationMatrix":[-0.617258668,0.786760271,0,-0.786760271,-0.617258668,0,0,0,1],"scale":0.762074947,"type":"tropical_plant_02_b"}
{"ctxid":0,"pos":[705.014893,-590.786499,159.997559],"rotationMatrix":[0.444816113,-0.895621896,0,0.895621896,0.444816113,0,0,0,1],"scale":0.775677204,"type":"tropical_plant_02_b"}
{"ctxid":0,"pos":[758.674622,-584.227966,160.07402],"rotationMatrix":[-0.992612958,-0.121323802,0,0.121323802,-0.992612958,0,0,0,1],"scale":0.806913972,"type":"tropical_plant_02_b"}
{"ctxid":0,"pos":[756.184021,-584.237793,160.091431],"rotationMatrix":[0.10931959,-0.994006634,0,0.994006634,0.10931959,0,0,0,1],"scale":0.734988034,"type":"tropical_plant_02_b"}
{"ctxid":0,"pos":[-8.39331913,-332.948059,130.810547],"rotationMatrix":[-0.864539385,0.502565086,0,-0.502565086,-0.864539385,0,0,0,1],"scale":0.787244797,"type":"tropical_plant_02_b"}
{"ctxid":0,"pos":[-12.4013605,-333.922821,132.649689],"rotationMatrix":[-0.591401875,-0.806376994,0,0.806376994,-0.591401875,0,0,0,1],"scale":0.765827239,"type":"tropical_plant_02_b"}
{"ctxid":0,"pos":[4.75883484,-324.188141,130.822128],"rotationMatrix":[-0.775915921,0.630836368,0,-0.630836368,-0.775915921,0,0,0,1],"scale":0.766851306,"type":"tropical_plant_02_b"}
{"ctxid":0,"pos":[2.76295257,-321.103638,130.84314],"rotationMatrix":[-0.998843729,-0.0480744541,0,0.0480744541,-0.998843729,0,0,0,1],"scale":0.736528933,"type":"tropical_plant_02_b"}
{"ctxid":0,"pos":[4.52115059,-321.932251,130.873825],"rotationMatrix":[0.870508611,0.492153168,0,-0.492153168,0.870508611,0,0,0,1],"scale":0.837930799,"type":"tropical_plant_02_b"}
{"ctxid":0,"pos":[-31.1062012,-331.662323,140.658112],"rotationMatrix":[0.918521225,-0.395371616,0,0.395371616,0.918521225,0,0,0,1],"scale":0.798465431,"type":"tropical_plant_02_b"}
{"ctxid":0,"pos":[512.483643,-883.931519,143.022079],"rotationMatrix":[-0.0162600707,-0.999867797,0,0.999867797,-0.0162600707,0,0,0,1],"scale":0.752332687,"type":"tropical_plant_02_b"}
{"ctxid":0,"pos":[515.521545,-881.023804,139.803131],"rotationMatrix":[-0.269152969,-0.963097453,0,0.963097453,-0.269152969,0,0,0,1],"scale":0.841364801,"type":"tropical_plant_02_b"}
{"ctxid":0,"pos":[667.305664,-479.326904,159.981049],"rotationMatrix":[-0.575849354,0.817555785,0,-0.817555785,-0.575849354,0,0,0,1],"scale":0.832470417,"type":"tropical_plant_02_b"}
{"ctxid":0,"pos":[935.543457,-779.548889,147.257736],"rotationMatrix":[0.391696662,0.92009443,0,-0.92009443,0.391696662,0,0,0,1],"scale":0.766879559,"type":"tropical_plant_02_b"}
{"ctxid":0,"pos":[933.039917,-781.647888,147.056061],"rotationMatrix":[0.348901421,0.937159419,0,-0.937159419,0.348901421,0,0,0,1],"scale":0.766944528,"type":"tropical_plant_02_b"}
{"ctxid":0,"pos":[-702.235413,-188.096115,182.023758],"rotationMatrix":[0.990932643,0.1343593,0,-0.1343593,0.990932643,0,0,0,1],"scale":0.714161515,"type":"tropical_plant_02_b"}
{"ctxid":0,"pos":[-698.862,-180.386307,179.528366],"rotationMatrix":[-0.588995993,0.808135867,0,-0.808135867,-0.588995993,0,0,0,1],"scale":0.813132286,"type":"tropical_plant_02_b"}
{"ctxid":0,"pos":[-697.779663,-184.23114,180.177444],"rotationMatrix":[-0.342985779,0.939340591,0,-0.939340591,-0.342985779,0,0,0,1],"scale":0.847404003,"type":"tropical_plant_02_b"}
{"ctxid":0,"pos":[-679.929382,-160.306931,179.554565],"rotationMatrix":[-0.971170962,0.238383994,0,-0.238383994,-0.971170962,0,0,0,1],"scale":0.75194484,"type":"tropical_plant_02_b"}
{"ctxid":0,"pos":[-664.952881,-156.85701,177.531403],"rotationMatrix":[-0.966824412,0.255441844,0,-0.255441844,-0.966824412,0,0,0,1],"scale":0.701077282,"type":"tropical_plant_02_b"}
{"ctxid":0,"pos":[-657.10498,-163.468399,170.745331],"rotationMatrix":[-0.993756294,0.111572027,0,-0.111572027,-0.993756294,0,0,0,1],"scale":0.734829187,"type":"tropical_plant_02_b"}
{"ctxid":0,"pos":[-660.870667,-160.105408,173.362122],"rotationMatrix":[-0.686563432,-0.727070034,0,0.727070034,-0.686563432,0,0,0,1],"scale":0.771629214,"type":"tropical_plant_02_b"}
{"ctxid":0,"pos":[-646.66626,-159.545349,175.186676],"rotationMatrix":[-0.41366446,-0.910429418,0,0.910429418,-0.41366446,0,0,0,1],"scale":0.743037164,"type":"tropical_plant_02_b"}
{"ctxid":0,"pos":[-596.668823,-174.326416,163.524734],"rotationMatrix":[0.072761938,-0.997349322,0,0.997349322,0.072761938,0,0,0,1],"scale":0.803177476,"type":"tropical_plant_02_b"}
{"ctxid":0,"pos":[-644.031006,-171.732071,164.302124],"rotationMatrix":[0.183336914,0.746319175,0.639840066,-0.971127272,0.238562122,0,-0.152641609,-0.621366143,0.768508077],"scale":0.811078727,"type":"tropical_plant_02_b"}
{"ctxid":0,"pos":[-650.640808,-168.872711,162.74118],"rotationMatrix":[-0.572311878,0.820035934,0,-0.820035934,-0.572311878,0,0,0,1],"scale":0.706005931,"type":"tropical_plant_02_b"}
{"ctxid":0,"pos":[-647.176147,-175.975662,153.057831],"rotationMatrix":[0.956251919,-0.292544335,0,0.292544335,0.956251919,0,0,0,1],"scale":0.703581452,"type":"tropical_plant_02_b"}
{"ctxid":0,"pos":[-596.553345,-188.430786,143.383026],"rotationMatrix":[0.966490149,0.256703645,0,-0.256703645,0.966490149,0,0,0,1],"scale":0.815373659,"type":"tropical_plant_02_b"}
{"ctxid":0,"pos":[-599.765442,-184.994843,142.887405],"rotationMatrix":[-0.512276173,0.858820677,0,-0.858820677,-0.512276173,0,0,0,1],"scale":0.848361969,"type":"tropical_plant_02_b"}
{"ctxid":0,"pos":[-580.216553,-192.673233,149.954315],"rotationMatrix":[0.146547318,-0.989203632,0,0.989203632,0.146547318,0,0,0,1],"scale":0.818119168,"type":"tropical_plant_02_b"}
{"ctxid":0,"pos":[-586.756165,-191.82103,143.98999],"rotationMatrix":[0.877532363,-0.479517281,0,0.479517281,0.877532363,0,0,0,1],"scale":0.74657619,"type":"tropical_plant_02_b"}
{"ctxid":0,"pos":[-692.894409,-188.653442,167.98819],"rotationMatrix":[-0.273439825,0.961889029,0,-0.961889029,-0.273439825,0,0,0,1],"scale":0.807538807,"type":"tropical_plant_02_b"}
{"ctxid":0,"pos":[-197.241516,-154.028397,135.606537],"rotationMatrix":[-0.832240343,0.554414988,0,-0.554414988,-0.832240343,0,0,0,1],"scale":0.7661798,"type":"tropical_plant_02_b"}
{"ctxid":0,"pos":[-200.190781,-154.233551,135.784897],"rotationMatrix":[0.995320082,0.0966324434,0,-0.0966324434,0.995320082,0,0,0,1],"scale":0.704036772,"type":"tropical_plant_02_b"}
{"ctxid":0,"pos":[-206.498795,-155.46611,136.727219],"rotationMatrix":[0.544948757,0.838469446,0,-0.838469446,0.544948757,0,0,0,1],"scale":0.804885507,"type":"tropical_plant_02_b"}
{"ctxid":0,"pos":[-235.811737,-160.949341,139.5177],"rotationMatrix":[-0.634222865,-0.773150206,0,0.773150206,-0.634222865,0,0,0,1],"scale":0.71850872,"type":"tropical_plant_02_b"}
{"ctxid":0,"pos":[-233.563507,-158.521851,139.317886],"rotationMatrix":[0.887619972,-0.460576534,0,0.460576534,0.887619972,0,0,0,1],"scale":0.849614382,"type":"tropical_plant_02_b"}
{"ctxid":0,"pos":[-452.336273,52.1326447,157.899063],"rotationMatrix":[0.860193729,0.509967506,0,-0.509967506,0.860193729,0,0,0,1],"scale":0.745093107,"type":"tropical_plant_02_b"}
{"ctxid":0,"pos":[-460.415802,59.1911736,158.377106],"rotationMatrix":[-0.247599676,0.968862414,0,-0.968862414,-0.247599676,0,0,0,1],"scale":0.759816825,"type":"tropical_plant_02_b"}
{"ctxid":0,"pos":[-457.541412,55.1669922,160.021973],"rotationMatrix":[-0.571236908,-0.820785165,0,0.820785165,-0.571236908,0,0,0,1],"scale":0.715250731,"type":"tropical_plant_02_b"}
{"ctxid":0,"pos":[-454.168732,53.6954536,159.69014],"rotationMatrix":[0.430666029,-0.902511358,0,0.902511358,0.430666029,0,0,0,1],"scale":0.760220885,"type":"tropical_plant_02_b"}
{"ctxid":0,"pos":[-446.509857,51.5109406,174.174866],"rotationMatrix":[0.944075942,-0.329727978,0,0.329727978,0.944075942,0,0,0,1],"scale":0.745525718,"type":"tropical_plant_02_b"}
{"ctxid":0,"pos":[-441.989288,50.6510696,173.703918],"rotationMatrix":[-0.644801497,-0.764350057,0,0.764350057,-0.644801497,0,0,0,1],"scale":0.738048077,"type":"tropical_plant_02_b"}
{"ctxid":0,"pos":[-464.454041,50.465271,167.697281],"rotationMatrix":[-0.761135817,-0.648592472,0,0.648592472,-0.761135817,0,0,0,1],"scale":0.800692618,"type":"tropical_plant_02_b"}
{"ctxid":0,"pos":[-467.835938,50.616375,168.966248],"rotationMatrix":[0.988641143,-0.150295556,0,0.150295556,0.988641143,0,0,0,1],"scale":0.753530741,"type":"tropical_plant_02_b"}
{"ctxid":0,"pos":[-465.923309,52.5218468,171.524277],"rotationMatrix":[0.743234634,0.669031024,0,-0.669031024,0.743234634,0,0,0,1],"scale":0.743714869,"type":"tropical_plant_02_b"}
{"ctxid":0,"pos":[-478.809509,48.9015923,157.534546],"rotationMatrix":[0.192115247,-0.981372356,0,0.981372356,0.192115247,0,0,0,1],"scale":0.79057318,"type":"tropical_plant_02_b"}
{"ctxid":0,"pos":[-478.690216,52.3111496,162.92868],"rotationMatrix":[0.86264652,0.50580734,0,-0.50580734,0.86264652,0,0,0,1],"scale":0.814265013,"type":"tropical_plant_02_b"}
{"ctxid":0,"pos":[-513.170776,-150.551376,148.133545],"rotationMatrix":[-0.897600412,0.440809995,0,-0.440809995,-0.897600412,0,0,0,1],"scale":0.709029496,"type":"tropical_plant_02_b"}
{"ctxid":0,"pos":[-510.154602,-145.498459,157.379517],"rotationMatrix":[-0.855841339,0.517238259,0,-0.517238259,-0.855841339,0,0,0,1],"scale":0.793600857,"type":"tropical_plant_02_b"}
{"ctxid":0,"pos":[-495.695526,-149.885696,155.393036],"rotationMatrix":[-0.537238836,0.843430042,0,-0.843430042,-0.537238836,0,0,0,1],"scale":0.724601567,"type":"tropical_plant_02_b"}
{"ctxid":0,"pos":[-496.390015,-146.119064,158.993256],"rotationMatrix":[0.981406868,-0.191938847,0,0.191938847,0.981406868,0,0,0,1],"scale":0.844679594,"type":"tropical_plant_02_b"}
{"ctxid":0,"pos":[-524.865906,-147.760101,151.907684],"rotationMatrix":[-0.0773470253,0.997004211,0,-0.997004211,-0.0773470253,0,0,0,1],"scale":0.824712574,"type":"tropical_plant_02_b"}
{"ctxid":0,"pos":[-521.984619,-151.350937,147.120728],"rotationMatrix":[-0.834579706,0.550887108,0,-0.550887108,-0.834579706,0,0,0,1],"scale":0.723999202,"type":"tropical_plant_02_b"}
{"ctxid":0,"pos":[-642.406128,-193.73941,146.579514],"rotationMatrix":[-0.5619241,-0.752533078,-0.34341687,0.82718873,-0.51120919,-0.233289227,0,-0.415161461,0.90974772],"scale":0.838717818,"type":"tropical_plant_02_b"}
{"ctxid":0,"pos":[-599.810974,-190.866058,152.867188],"rotationMatrix":[0.407707125,0.499971509,0.764070332,-0.913112819,0.223238513,0.341159284,0,-0.836775362,0.547546268],"scale":0.742082596,"type":"tropical_plant_02_b"}
{"ctxid":0,"pos":[-618.562256,-189.963379,153.951385],"rotationMatrix":[-0.418650657,0.908147335,0,-0.908147335,-0.418650657,0,0,0,1],"scale":0.718569338,"type":"tropical_plant_02_b"}
{"ctxid":0,"pos":[-602.114685,-218.538635,140.979309],"rotationMatrix":[0.451903492,0.892066896,0,-0.892066896,0.451903492,0,0,0,1],"scale":0.828737259,"type":"tropical_plant_02_b"}
{"ctxid":0,"pos":[-575.76709,-207.875259,143.101318],"rotationMatrix":[-0.0134772435,-0.999909163,0,0.999909163,-0.0134772435,0,0,0,1],"scale":0.795197606,"type":"tropical_plant_02_b"}
{"ctxid":0,"pos":[-712.977905,375.782715,129.86145],"rotationMatrix":[-0.998808205,0.0488069057,0,-0.0488069057,-0.998808205,0,0,0,1],"scale":0.774077237,"type":"tropical_plant_02_b"}
{"ctxid":0,"pos":[-673.057251,447.436157,129.86145],"rotationMatrix":[0.394111127,-0.919062853,0,0.919062853,0.394111127,0,0,0,1],"scale":0.758697152,"type":"tropical_plant_02_b"}
{"ctxid":0,"pos":[-638.84198,426.75943,129.86145],"rotationMatrix":[0.999996483,-0.0026478467,0,0.0026478467,0.999996483,0,0,0,1],"scale":0.761196852,"type":"tropical_plant_02_b"}
{"ctxid":0,"pos":[-604.291626,365.253998,129.86145],"rotationMatrix":[0.473707527,0.880682349,0,-0.880682349,0.473707527,0,0,0,1],"scale":0.737703085,"type":"tropical_plant_02_b"}
{"ctxid":0,"pos":[-591.822754,190.297195,130.23027],"rotationMatrix":[0.189958438,-0.981792092,0,0.981792092,0.189958438,0,0,0,1],"scale":0.838678598,"type":"tropical_plant_02_b"}
{"ctxid":0,"pos":[-583.102356,181.688385,130.016083],"rotationMatrix":[0.998823762,0.0484875403,0,-0.0484875403,0.998823762,0,0,0,1],"scale":0.778238297,"type":"tropical_plant_02_b"}
{"ctxid":0,"pos":[-578.690552,191.810883,129.86145],"rotationMatrix":[0.398319155,-0.917246819,0,0.917246819,0.398319155,0,0,0,1],"scale":0.799974918,"type":"tropical_plant_02_b"}
{"ctxid":0,"pos":[-737.035706,412.720184,129.86145],"rotationMatrix":[-0.323260039,-0.946310163,0,0.946310163,-0.323260039,0,0,0,1],"scale":0.800498724,"type":"tropical_plant_02_b"}
{"ctxid":0,"pos":[-739.460266,469.944916,129.86145],"rotationMatrix":[-0.136574611,-0.990629792,0,0.990629792,-0.136574611,0,0,0,1],"scale":0.769924879,"type":"tropical_plant_02_b"}
{"ctxid":0,"pos":[-774.893433,448.367798,125.592041],"rotationMatrix":[0.368484795,-0.929633737,0,0.929633737,0.368484795,0,0,0,1],"scale":0.770293117,"type":"tropical_plant_02_b"}
{"ctxid":0,"pos":[474.156372,-493.272064,129.048172],"rotationMatrix":[-0.999329567,0.0366110876,0,-0.0366110876,-0.999329567,0,0,0,1],"scale":0.816272378,"type":"tropical_plant_02_b"}
{"ctxid":0,"pos":[476.37674,-488.613892,129.009064],"rotationMatrix":[0.871663928,0.490104169,0,-0.490104169,0.871663928,0,0,0,1],"scale":0.719323754,"type":"tropical_plant_02_b"}
{"ctxid":0,"pos":[511.168243,-505.131165,128.212006],"rotationMatrix":[-0.844992042,0.534580886,0.0145429224,-0.475353628,-0.738359213,-0.478397757,-0.245004401,-0.411155373,0.87802279],"scale":0.809051156,"type":"tropical_plant_02_b"}
{"ctxid":0,"pos":[305.738861,-544.506287,127.549881],"rotationMatrix":[0.170401514,-0.977009892,0.128120437,0.962230921,0.193001211,0.191995189,-0.212308601,0.0905651897,0.972996891],"scale":0.745857,"type":"tropical_plant_02_b"}
{"ctxid":0,"pos":[292.574799,-584.050415,132.550354],"rotationMatrix":[0.498861492,0.866677642,-0.00264489022,-0.866681695,0.498859167,-0.00152239739,0,0.00305174361,0.999995351],"scale":0.72412169,"type":"tropical_plant_02_b"}
{"ctxid":0,"pos":[256.691956,-588.755249,132.935867],"rotationMatrix":[0.18619144,-0.978441179,0.0893615931,0.982248962,0.187480032,0.00617580488,-0.0227961726,0.0866254568,0.995980084],"scale":0.702691972,"type":"tropical_plant_02_b"}
{"ctxid":0,"pos":[260.732239,-588.757141,132.981033],"rotationMatrix":[0.868922949,0.494592994,-0.0187250394,-0.494756848,0.86901623,-0.0051396694,0.0137303192,0.0137303192,0.999811471],"scale":0.727599442,"type":"tropical_plant_02_b"}
{"ctxid":0,"pos":[272.541565,-586.159851,132.619247],"rotationMatrix":[0.902258515,0.431079715,-0.00998900458,-0.43118462,0.902157784,-0.0138265453,0.00305131357,0.0167822242,0.999854505],"scale":0.825719893,"type":"tropical_plant_02_b"}
{"ctxid":0,"pos":[263.773193,-549.144592,129.286865],"rotationMatrix":[0.793516278,-0.608010352,0.0255992599,0.607711613,0.789516687,-0.0857320502,0.0319149382,0.083586745,0.995989323],"scale":0.708331287,"type":"tropical_plant_02_b"}
{"ctxid":0,"pos":[268.616913,-546.762756,127.723335],"rotationMatrix":[0.182146549,-0.981777966,-0.0541693345,0.960516036,0.189444482,-0.203763306,0.210312456,-0.0149157643,0.977520406],"scale":0.778730392,"type":"tropical_plant_02_b"}
{"ctxid":0,"pos":[135.86647,673.87323,147.225555],"rotationMatrix":[0.889210463,0.457498491,0,-0.457498491,0.889210463,0,0,0,1],"scale":0.797114491,"type":"tropical_plant_02_b"}
{"ctxid":0,"pos":[115.018272,663.530762,152.744415],"rotationMatrix":[0.989331603,0.145680681,0,-0.145680681,0.989331603,0,0,0,1],"scale":0.745510578,"type":"tropical_plant_02_b"}
{"ctxid":0,"pos":[115.506516,653.592468,154.285614],"rotationMatrix":[-0.308779746,0.95113349,0,-0.95113349,-0.308779746,0,0,0,1],"scale":0.815931439,"type":"tropical_plant_02_b"}
{"ctxid":0,"pos":[799.277039,-769.391785,128.870789],"rotationMatrix":[0.185195684,-0.981202304,-0.0542608202,0.978893459,0.179340422,0.0980009809,-0.0864276588,-0.0712649152,0.993705988],"scale":0.770837307,"type":"tropical_plant_02_b"}
{"ctxid":0,"pos":[989.824097,-825.410034,136.174133],"rotationMatrix":[0.807465672,0.58991468,0,-0.58991468,0.807465672,0,0,0,1],"scale":0.771540344,"type":"tropical_plant_02_b"}
{"ctxid":0,"pos":[822.616455,-297.769867,132.203033],"rotationMatrix":[0.969458342,-0.245255753,0,0.245255753,0.969458342,0,0,0,1],"scale":0.747333884,"type":"tropical_plant_02_b"}
{"ctxid":0,"pos":[813.755249,-308.514435,133.487061],"rotationMatrix":[0.995310724,0.0967292637,0,-0.0967292637,0.995310724,0,0,0,1],"scale":0.704273522,"type":"tropical_plant_02_b"}
{"ctxid":0,"pos":[821.315674,-311.527527,133.566391],"rotationMatrix":[0.449024141,-0.89351958,0,0.89351958,0.449024141,0,0,0,1],"scale":0.706361771,"type":"tropical_plant_02_b"}
{"ctxid":0,"pos":[824.178406,-308.767456,133.126083],"rotationMatrix":[0.93193841,0.362616569,0,-0.362616569,0.93193841,0,0,0,1],"scale":0.77622056,"type":"tropical_plant_02_b"}
{"ctxid":0,"pos":[810.581238,-303.092865,133.298218],"rotationMatrix":[-0.544814467,0.838556468,0,-0.838556468,-0.544814467,0,0,0,1],"scale":0.767456293,"type":"tropical_plant_02_b"}
{"ctxid":0,"pos":[812.306946,-293.955566,132.844513],"rotationMatrix":[-0.0367752276,0.999323547,0,-0.999323547,-0.0367752276,0,0,0,1],"scale":0.845547676,"type":"tropical_plant_02_b"}
{"ctxid":0,"pos":[821.454773,-293.904358,132.180222],"rotationMatrix":[0.328256369,-0.944588661,0,0.944588661,0.328256369,0,0,0,1],"scale":0.75055325,"type":"tropical_plant_02_b"}
{"ctxid":0,"pos":[910.664734,-418.408417,150.588776],"rotationMatrix":[-0.471388578,-0.820783794,-0.322655618,0.82615,-0.539004683,0.164164647,-0.308656573,-0.189176604,0.932171285],"scale":0.741425872,"type":"tropical_plant_02_b"}
{"ctxid":0,"pos":[899.348999,-414.922333,148.379303],"rotationMatrix":[-0.194167256,0.969573736,0.149082124,-0.964600444,-0.161063671,-0.208815947,-0.178450763,-0.184349969,0.966524899],"scale":0.804114401,"type":"tropical_plant_02_b"}
{"ctxid":0,"pos":[907.463074,-408.168762,154.138153],"rotationMatrix":[0.428782701,-0.890938342,-0.149579719,0.882068694,0.377102256,0.282397658,-0.195192114,-0.253026813,0.947563946],"scale":0.750019073,"type":"tropical_plant_02_b"}
