{"ctxid":0,"pos":[-14.3263302,-321.13913,134.676514],"rotationMatrix":[0.660816133,-0.750547826,0,0.750547826,0.660816133,0,0,0,1],"scale":0.762547255,"type":"tropical_plant_01_c"}
{"ctxid":0,"pos":[-18.9825745,-322.371155,136.30545],"rotationMatrix":[0.676064372,0.736842513,0,-0.736842513,0.676064372,0,0,0,1],"scale":0.763368309,"type":"tropical_plant_01_c"}
{"ctxid":0,"pos":[-33.9235077,-334.152191,137.980728],"rotationMatrix":[0.573091924,0.819491088,0,-0.819491088,0.573091924,0,0,0,1],"scale":0.597839773,"type":"tropical_plant_01_c"}
{"ctxid":0,"pos":[-33.1146393,-332.980408,138.183594],"rotationMatrix":[-0.978036046,-0.208435833,0,0.208435833,-0.978036046,0,0,0,1],"scale":0.832249284,"type":"tropical_plant_01_c"}
{"ctxid":0,"pos":[-26.7918663,-350.697754,136.120392],"rotationMatrix":[-0.759543002,-0.650457084,0,0.650457084,-0.759543002,0,0,0,1],"scale":0.837602854,"type":"tropical_plant_01_c"}
{"ctxid":0,"pos":[323.31955,-142.468674,160.02655],"rotationMatrix":[0.587536037,-0.809198022,0,0.809198022,0.587536037,0,0,0,1],"scale":0.644776702,"type":"tropical_plant_01_c"}
{"ctxid":0,"pos":[316.83429,-116.408272,159.996048],"rotationMatrix":[-0.991147578,-0.132764965,0,0.132764965,-0.991147578,0,0,0,1],"scale":0.739557266,"type":"tropical_plant_01_c"}
{"ctxid":0,"pos":[267.000824,-156.571609,159.563416],"rotationMatrix":[-0.994318664,0.1064445,0,-0.1064445,-0.994318664,0,0,0,1],"scale":0.79609251,"type":"tropical_plant_01_c"}
{"ctxid":0,"pos":[962.170166,-819.29425,145.134796],"rotationMatrix":[-0.999506235,0.0314215831,0,-0.0314215831,-0.999506235,0,0,0,1],"scale":0.62268573,"type":"tropical_plant_01_c"}
{"ctxid":0,"pos":[820.354797,845.779846,149.461929],"rotationMatrix":[-0.514413178,-0.857542455,0,0.857542455,-0.514413178,0,0,0,1],"scale":0.642055631,"type":"tropical_plant_01_c"}
{"ctxid":0,"pos":[822.770752,826.874329,147.149261],"rotationMatrix":[-0.678567052,0.734538496,0,-0.734538496,-0.678567052,0,0,0,1],"scale":0.543531835,"type":"tropical_plant_01_c"}
{"ctxid":0,"pos":[-41.9339676,-474.303894,130.659348],"rotationMatrix":[0.901497781,-0.432783753,0,0.432783753,0.901497781,0,0,0,1],"scale":0.766480565,"type":"tropical_plant_01_c"}
{"ctxid":0,"pos":[-52.1903152,-469.924286,130.523865],"rotationMatrix":[-0.905450046,-0.424452841,0,0.424452841,-0.905450046,0,0,0,1],"scale":0.612095475,"type":"tropical_plant_01_c"}
{"ctxid":0,"pos":[-54.4049225,-468.19812,130.449768],"rotationMatrix":[0.999901414,-0.0140408147,0,0.0140408147,0.999901414,0,0,0,1],"scale":0.651514709,"type":"tropical_plant_01_c"}
{"ctxid":0,"pos":[-349.489807,-402.8414,132.785843],"rotationMatrix":[-0.582389057,0.812910199,0,-0.812910199,-0.582389057,0,0,0,1],"scale":0.842971265,"type":"tropical_plant_01_c"}
{"ctxid":0,"pos":[-369.438843,-401.301727,131.373718],"rotationMatrix":[0.296839654,-0.954927325,0,0.954927325,0.296839654,0,0,0,1],"scale":0.809122622,"type":"tropical_plant_01_c"}
{"ctxid":0,"pos":[-392.181915,-383.884979,130.514084],"rotationMatrix":[-0.872854888,0.487979829,0,-0.487979829,-0.872854888,0,0,0,1],"scale":0.691543281,"type":"tropical_plant_01_c"}
{"ctxid":0,"pos":[-359.112396,-385.791443,130.023621],"rotationMatrix":[-0.999961495,0.00877354015,0,-0.00877354015,-0.999961495,0,0,0,1],"scale":0.772999704,"type":"tropical_plant_01_c"}
{"ctxid":0,"pos":[-390.943512,-399.357056,131.361908],"rotationMatrix":[-0.512243688,-0.858840168,0,0.858840168,-0.512243688,0,0,0,1],"scale":0.753311098,"type":"tropical_plant_01_c"}
{"ctxid":0,"pos":[-360.296967,-370.825256,129.671448],"rotationMatrix":[-0.806293964,0.591515064,0,-0.591515064,-0.806293964,0,0,0,1],"scale":0.74978292,"type":"tropical_plant_01_c"}
{"ctxid":0,"pos":[450.274658,-185.641708,166.693008],"rotationMatrix":[-0.6668486,-0.745193183,0,0.745193183,-0.6668486,0,0,0,1],"scale":0.796302795,"type":"tropical_plant_01_c"}
{"ctxid":0,"pos":[469.521423,-235.152481,160.060318],"rotationMatrix":[0.715251684,0.698866963,0,-0.698866963,0.715251684,0,0,0,1],"scale":0.567870259,"type":"tropical_plant_01_c"}
{"ctxid":0,"pos":[783.244019,-613.547058,160.050507],"rotationMatrix":[0.228280246,0.97359544,0,-0.97359544,0.228280246,0,0,0,1],"scale":0.82886529,"type":"tropical_plant_01_c"}
{"ctxid":0,"pos":[445.396515,-205.686432,159.991455],"rotationMatrix":[0.212465465,-0.97716856,0,0.97716856,0.212465465,0,0,0,1],"scale":0.828333259,"type":"tropical_plant_01_c"}
{"ctxid":0,"pos":[223.532074,-299.283478,131.047424],"rotationMatrix":[-0.753243804,-0.657741547,0,0.657741547,-0.753243804,0,0,0,1],"scale":0.689967871,"type":"tropical_plant_01_c"}
{"ctxid":0,"pos":[213.955002,-314.648621,130.29245],"rotationMatrix":[-0.604046524,-0.796949148,0,0.796949148,-0.604046524,0,0,0,1],"scale":0.537340224,"type":"tropical_plant_01_c"}
{"ctxid":0,"pos":[215.297119,-312.046387,130.504105],"rotationMatrix":[-0.984970391,0.172723055,0,-0.172723055,-0.984970391,0,0,0,1],"scale":0.836216688,"type":"tropical_plant_01_c"}
{"ctxid":0,"pos":[215.64122,-313.123169,129.899261],"rotationMatrix":[0.910054386,-0.414488673,0,0.414488673,0.910054386,0,0,0,1],"scale":0.593757808,"type":"tropical_plant_01_c"}
{"ctxid":0,"pos":[162.234375,-337.098541,134.653885],"rotationMatrix":[-0.79403609,0.60787046,0,-0.60787046,-0.79403609,0,0,0,1],"scale":0.647567332,"type":"tropical_plant_01_c"}
{"ctxid":0,"pos":[167.850922,-346.874115,129.960037],"rotationMatrix":[-0.889811635,0.456328064,0,-0.456328064,-0.889811635,0,0,0,1],"scale":0.826572299,"type":"tropical_plant_01_c"}
{"ctxid":0,"pos":[117.997032,-446.787811,129.628967],"rotationMatrix":[0.932502031,0.361164778,0,-0.361164778,0.932502031,0,0,0,1],"scale":0.651622355,"type":"tropical_plant_01_c"}
{"ctxid":0,"pos":[116.357773,-444.237244,129.866714],"rotationMatrix":[0.55928117,0.828978121,0,-0.828978121,0.55928117,0,0,0,1],"scale":0.50777179,"type":"tropical_plant_01_c"}
{"ctxid":0,"pos":[116.660011,-453.309143,129.810135],"rotationMatrix":[-0.0479412451,0.998850107,0,-0.998850107,-0.0479412451,0,0,0,1],"scale":0.791726232,"type":"tropical_plant_01_c"}
{"ctxid":0,"pos":[599.102112,-662.764709,131.737396],"rotationMatrix":[-0.0753097534,-0.994322717,-0.0751695633,0.993002832,-0.0816588402,0.08530505,-0.0909590274,-0.0682192743,0.993515253],"scale":0.757683754,"type":"tropical_plant_01_c"}
{"ctxid":0,"pos":[593.168152,-646.217346,130.854187],"rotationMatrix":[-0.604335308,-0.764602184,-0.223968565,0.710698724,-0.64440155,0.282229573,-0.360119104,0.0113871694,0.932836831],"scale":0.735099852,"type":"tropical_plant_01_c"}
{"ctxid":0,"pos":[267.684448,-581.992676,132.358475],"rotationMatrix":[0.0831272602,-0.99465698,0.0612120405,0.996464312,0.082213223,-0.017307207,0.0121823102,0.0624343231,0.997974694],"scale":0.668199658,"type":"tropical_plant_01_c"}
{"ctxid":0,"pos":[307.77597,-566.872681,131.268509],"rotationMatrix":[-0.786812544,0.576216221,-0.221134558,-0.606301308,-0.788624167,0.102323964,-0.115431383,0.214583978,0.969860435],"scale":0.742992878,"type":"tropical_plant_01_c"}
{"ctxid":0,"pos":[818.440857,-304.249573,133.141663],"rotationMatrix":[-0.51913017,-0.854695201,0,0.854695201,-0.51913017,0,0,0,1],"scale":0.592017174,"type":"tropical_plant_01_c"}
{"ctxid":0,"pos":[828.594482,-293.323608,131.721405],"rotationMatrix":[-0.794239223,-0.607605278,0,0.607605278,-0.794239223,0,0,0,1],"scale":0.64342314,"type":"tropical_plant_01_c"}
{"ctxid":0,"pos":[824.156372,-291.972168,131.800491],"rotationMatrix":[-0.0589870363,0.99825871,0,-0.99825871,-0.0589870363,0,0,0,1],"scale":0.712862134,"type":"tropical_plant_01_c"}
{"ctxid":0,"pos":[853.363586,-331.900421,132.147827],"rotationMatrix":[0.483480275,-0.875355244,0,0.875355244,0.483480275,0,0,0,1],"scale":0.836350203,"type":"tropical_plant_01_c"}
{"ctxid":0,"pos":[862.164795,-333.941223,133.084991],"rotationMatrix":[0.992447376,0.122671135,0,-0.122671135,0.992447376,0,0,0,1],"scale":0.691738725,"type":"tropical_plant_01_c"}
{"ctxid":0,"pos":[860.683105,-331.467346,132.435852],"rotationMatrix":[-0.83970809,0.543037951,0,-0.543037951,-0.83970809,0,0,0,1],"scale":0.663224697,"type":"tropical_plant_01_c"}
{"ctxid":0,"pos":[890.382385,-411.316772,147.000488],"rotationMatrix":[0.615281701,-0.788307309,0,0.788307309,0.615281701,0,0,0,1],"scale":0.748732209,"type":"tropical_plant_01_c"}
{"ctxid":0,"pos":[854.637573,-385.059204,136.969452],"rotationMatrix":[0.997308433,0.0733201653,0,-0.0733201653,0.997308433,0,0,0,1],"scale":0.644702911,"type":"tropical_plant_01_c"}
{"ctxid":0,"pos":[856.082214,-387.365143,137.028687],"rotationMatrix":[-0.171717644,-0.985146165,0,0.985146165,-0.171717644,0,0,0,1],"scale":0.747455001,"type":"tropical_plant_01_c"}
{"ctxid":0,"pos":[832.343933,-354.754303,135.770508],"rotationMatrix":[-0.83277452,-0.553612232,0,0.553612232,-0.83277452,0,0,0,1],"scale":0.545706034,"type":"tropical_plant_01_c"}
{"ctxid":0,"pos":[834.5979,-357.077057,135.779846],"rotationMatrix":[0.145910293,0.989297867,0,-0.989297867,0.145910293,0,0,0,1],"scale":0.792573333,"type":"tropical_plant_01_c"}
{"ctxid":0,"pos":[823.171814,-342.090271,135.86792],"rotationMatrix":[0.278376371,0.960472107,0,-0.960472107,0.278376371,0,0,0,1],"scale":0.848067641,"type":"tropical_plant_01_c"}
{"ctxid":0,"pos":[134.306778,589.808777,156.481339],"rotationMatrix":[0.759359837,0.650671005,0,-0.650671005,0.759359837,0,0,0,1],"scale":0.726213992,"type":"tropical_plant_01_c"}
{"ctxid":0,"pos":[127.790955,572.526062,157.046783],"rotationMatrix":[0.918905973,0.394476712,0,-0.394476712,0.918905973,0,0,0,1],"scale":0.745716929,"type":"tropical_plant_01_c"}
{"ctxid":0,"pos":[122.703743,582.83075,156.497192],"rotationMatrix":[0.99203223,-0.125983819,0,0.125983819,0.99203223,0,0,0,1],"scale":0.5333215,"type":"tropical_plant_01_c"}
{"ctxid":0,"pos":[119.797394,583.426758,156.612732],"rotationMatrix":[-0.988379419,0.152006924,0,-0.152006924,-0.988379419,0,0,0,1],"scale":0.601245642,"type":"tropical_plant_01_c"}
{"ctxid":0,"pos":[140.609818,579.34259,156.366364],"rotationMatrix":[0.356446058,-0.93431586,0,0.93431586,0.356446058,0,0,0,1],"scale":0.618177831,"type":"tropical_plant_01_c"}
{"ctxid":0,"pos":[146.449203,575.361694,156.204956],"rotationMatrix":[0.864543378,-0.502558053,0,0.502558053,0.864543378,0,0,0,1],"scale":0.529912055,"type":"tropical_plant_01_c"}
{"ctxid":0,"pos":[147.731735,574.23761,156.187485],"rotationMatrix":[-0.0833818316,0.996517658,0,-0.996517658,-0.0833818316,0,0,0,1],"scale":0.64702189,"type":"tropical_plant_01_c"}
{"ctxid":0,"pos":[145.883606,571.736389,156.039734],"rotationMatrix":[-0.970158815,-0.242470309,0,0.242470309,-0.970158815,0,0,0,1],"scale":0.835839391,"type":"tropical_plant_01_c"}
{"ctxid":0,"pos":[147.524002,570.717773,156.168701],"rotationMatrix":[0.913928628,-0.405874848,0,0.405874848,0.913928628,0,0,0,1],"scale":0.645488799,"type":"tropical_plant_01_c"}
{"ctxid":0,"pos":[638.771423,-69.0883713,129.82756],"rotationMatrix":[-0.39569068,-0.913939416,0.0902404413,0.9132424,-0.401954055,-0.0664904937,0.0970408097,0.0561017171,0.993698001],"scale":0.57887733,"type":"tropical_plant_01_c"}
{"ctxid":0,"pos":[600.551758,118.358131,143.904861],"rotationMatrix":[-0.387663841,0.921800733,0,-0.921800733,-0.387663841,0,0,0,1],"scale":0.794718146,"type":"tropical_plant_01_c"}
{"ctxid":0,"pos":[565.998596,61.849926,140.344055],"rotationMatrix":[-0.980712473,-0.195456028,0,0.195456028,-0.980712473,0,0,0,1],"scale":0.558303714,"type":"tropical_plant_01_c"}
{"ctxid":0,"pos":[568.586304,56.0828323,137.863861],"rotationMatrix":[0.722328126,0.691550612,0,-0.691550612,0.722328126,0,0,0,1],"scale":0.597118795,"type":"tropical_plant_01_c"}
{"ctxid":0,"pos":[564.993347,31.4054279,140.02504],"rotationMatrix":[-0.914301813,-0.405033499,0,0.405033499,-0.914301813,0,0,0,1],"scale":0.802088261,"type":"tropical_plant_01_c"}
{"ctxid":0,"pos":[562.819702,29.4962177,141.780258],"rotationMatrix":[0.618176043,-0.78603971,0,0.78603971,0.618176043,0,0,0,1],"scale":0.504452229,"type":"tropical_plant_01_c"}
{"ctxid":0,"pos":[568.692993,10.0596485,139.593475],"rotationMatrix":[0.0155482544,0.999879062,0,-0.999879062,0.0155482544,0,0,0,1],"scale":0.600954533,"type":"tropical_plant_01_c"}
{"ctxid":0,"pos":[567.60022,47.2261086,138.209076],"rotationMatrix":[0.983548641,0.180643275,0,-0.180643275,0.983548641,0,0,0,1],"scale":0.673541546,"type":"tropical_plant_01_c"}
{"ctxid":0,"pos":[577.626648,71.2772064,136.154892],"rotationMatrix":[-0.992209911,0.124576889,0,-0.124576889,-0.992209911,0,0,0,1],"scale":0.528698921,"type":"tropical_plant_01_c"}
{"ctxid":0,"pos":[576.005249,65.7557449,136.208023],"rotationMatrix":[0.962011099,0.273010492,0,-0.273010492,0.962011099,0,0,0,1],"scale":0.581085086,"type":"tropical_plant_01_c"}
{"ctxid":0,"pos":[585.790466,105.611282,148.380157],"rotationMatrix":[0.189989805,-0.981786013,0,0.981786013,0.189989805,0,0,0,1],"scale":0.54331702,"type":"tropical_plant_01_c"}
{"ctxid":0,"pos":[611.02356,125.358505,139.655243],"rotationMatrix":[-0.285745502,-0.958305478,0,0.958305478,-0.285745502,0,0,0,1],"scale":0.61758554,"type":"tropical_plant_01_c"}
{"ctxid":0,"pos":[614.694092,144.485947,144.8452],"rotationMatrix":[0.787426531,-0.616408467,0,0.616408467,0.787426531,0,0,0,1],"scale":0.842399836,"type":"tropical_plant_01_c"}
{"ctxid":0,"pos":[784.657471,347.225861,129.154465],"rotationMatrix":[-0.867825985,-0.356650591,0.34594509,0.429621816,-0.888384104,0.161858693,0.249605209,0.289090812,0.924188137],"scale":0.636635482,"type":"tropical_plant_01_c"}
{"ctxid":0,"pos":[766.716248,268.512695,128.577271],"rotationMatrix":[0.155796528,0.971880734,-0.176564127,-0.982369721,0.171144426,0.0752257556,0.103328407,0.161731392,0.981410325],"scale":0.584689975,"type":"tropical_plant_01_c"}
{"ctxid":0,"pos":[762.998779,267.573975,129.991745],"rotationMatrix":[-0.185929,0.982563138,0,-0.982563138,-0.185929,0,0,0,1],"scale":0.848701358,"type":"tropical_plant_01_c"}
{"ctxid":0,"pos":[657.144348,125.543076,128.129944],"rotationMatrix":[0.9730739,-0.207990125,-0.0993341506,0.214293823,0.975071311,0.0575686283,0.0848841667,-0.0773052275,0.993387401],"scale":0.812557697,"type":"tropical_plant_01_c"}
{"ctxid":0,"pos":[649.935791,104.364815,128.244965],"rotationMatrix":[-0.589837313,0.801729321,-0.0965490043,-0.789298058,-0.547133327,0.278663486,0.17058751,0.240572125,0.955523372],"scale":0.610323012,"type":"tropical_plant_01_c"}
{"ctxid":0,"pos":[675.625427,709.2453,154.498291],"rotationMatrix":[-0.310095906,-0.950705051,0,0.950705051,-0.310095906,0,0,0,1],"scale":0.723212302,"type":"tropical_plant_01_c"}
{"ctxid":0,"pos":[871.645813,824.539551,151.426285],"rotationMatrix":[0.573376954,-0.797128081,0.189276487,0.818759322,0.549177408,-0.167442799,0.0295270309,0.250979751,0.967541873],"scale":0.574869871,"type":"tropical_plant_01_c"}
{"ctxid":0,"pos":[922.201904,795.441223,154.204544],"rotationMatrix":[0.296139359,-0.941461265,-0.161096409,0.943567216,0.314539552,-0.103661276,0.148264274,-0.121307142,0.981479645],"scale":0.755187154,"type":"tropical_plant_01_c"}
{"ctxid":0,"pos":[505.777222,795.167419,131.824417],"rotationMatrix":[-0.941484094,-0.337057471,0,0.337057471,-0.941484094,0,0,0,1],"scale":0.575271368,"type":"tropical_plant_01_c"}
{"ctxid":0,"pos":[503.643616,796.636658,131.694489],"rotationMatrix":[0.0967255458,-0.995311081,0,0.995311081,0.0967255458,0,0,0,1],"scale":0.764083147,"type":"tropical_plant_01_c"}
{"ctxid":0,"pos":[515.685852,798.371277,131.863403],"rotationMatrix":[0.802238226,-0.597003937,0,0.597003937,0.802238226,0,0,0,1],"scale":0.540728629,"type":"tropical_plant_01_c"}
{"ctxid":0,"pos":[553.991089,750.588989,145.69368],"rotationMatrix":[-0.695519328,0.718507409,0,-0.718507409,-0.695519328,0,0,0,1],"scale":0.778294325,"type":"tropical_plant_01_c"}
{"ctxid":0,"pos":[488.304596,758.415344,145.090576],"rotationMatrix":[-0.879653931,-0.47561419,0,0.47561419,-0.879653931,0,0,0,1],"scale":0.624869764,"type":"tropical_plant_01_c"}
{"ctxid":0,"pos":[478.849213,750.702271,139.789902],"rotationMatrix":[-0.720331788,-0.693629742,0,0.693629742,-0.720331788,0,0,0,1],"scale":0.621597886,"type":"tropical_plant_01_c"}
{"ctxid":0,"pos":[465.710693,748.863647,139.37207],"rotationMatrix":[-0.82202065,-0.569457769,0,0.569457769,-0.82202065,0,0,0,1],"scale":0.576012969,"type":"tropical_plant_01_c"}
{"ctxid":0,"pos":[389.312073,707.98999,139.37085],"rotationMatrix":[0.252742112,-0.967533708,0,0.967533708,0.252742112,0,0,0,1],"scale":0.591398239,"type":"tropical_plant_01_c"}
{"ctxid":0,"pos":[679.826965,-20.1580181,132.445816],"rotationMatrix":[-0.026260782,-0.999655068,0,0.999655068,-0.026260782,0,0,0,1],"scale":0.726260185,"type":"tropical_plant_01_c"}
{"ctxid":0,"pos":[664.720764,54.9510117,132.397461],"rotationMatrix":[-0.539818704,0.841781259,0,-0.841781259,-0.539818704,0,0,0,1],"scale":0.635208249,"type":"tropical_plant_01_c"}
{"ctxid":0,"pos":[660.654663,48.6628227,132.397461],"rotationMatrix":[-0.412011892,0.91117841,0,-0.91117841,-0.412011892,0,0,0,1],"scale":0.8030653,"type":"tropical_plant_01_c"}
{"ctxid":0,"pos":[-95.2567368,800.094604,129.867661],"rotationMatrix":[-0.599859595,0.797636926,-0.0627980158,-0.79219836,-0.581092715,0.186421052,0.112204842,0.161574975,0.980460882],"scale":0.677853823,"type":"tropical_plant_01_c"}
{"ctxid":0,"pos":[51.0570793,750.046997,131.881714],"rotationMatrix":[-0.990370154,0.138444245,0,-0.138444245,-0.990370154,0,0,0,1],"scale":0.74482435,"type":"tropical_plant_01_c"}
{"ctxid":0,"pos":[68.0411682,747.964844,131.851166],"rotationMatrix":[0.997714639,-0.0675681382,0,0.0675681382,0.997714639,0,0,0,1],"scale":0.733066082,"type":"tropical_plant_01_c"}
{"ctxid":0,"pos":[67.6379089,742.562439,131.97847],"rotationMatrix":[0.428557873,-0.903514266,0,0.903514266,0.428557873,0,0,0,1],"scale":0.627458751,"type":"tropical_plant_01_c"}
{"ctxid":0,"pos":[72.6662598,742.854431,131.928436],"rotationMatrix":[0.887335658,-0.461123943,0,0.461123943,0.887335658,0,0,0,1],"scale":0.790312171,"type":"tropical_plant_01_c"}
{"ctxid":0,"pos":[134.664734,767.65387,126.77507],"rotationMatrix":[0.546028197,0.837766886,0,-0.837766886,0.546028197,0,0,0,1],"scale":0.742474079,"type":"tropical_plant_01_c"}
{"ctxid":0,"pos":[133.209427,759.671082,127.076035],"rotationMatrix":[-0.887688875,0.460443914,0,-0.460443914,-0.887688875,0,0,0,1],"scale":0.74282831,"type":"tropical_plant_01_c"}
{"ctxid":0,"pos":[-314.855438,873.946106,130.501648],"rotationMatrix":[0.704669237,0.709536076,0,-0.709536076,0.704669237,0,0,0,1],"scale":0.672862291,"type":"tropical_plant_01_c"}
{"ctxid":0,"pos":[-319.905365,875.042175,127.974976],"rotationMatrix":[-0.903147697,-0.4293302,0,0.4293302,-0.903147697,0,0,0,1],"scale":0.707834482,"type":"tropical_plant_01_c"}
{"ctxid":0,"pos":[-313.474091,879.60791,129.010559],"rotationMatrix":[-0.400136024,0.916455686,0,-0.916455686,-0.400136024,0,0,0,1],"scale":0.770888805,"type":"tropical_plant_01_c"}
{"ctxid":0,"pos":[-898.015564,940.573181,137.737854],"rotationMatrix":[0.992408991,-0.122980505,0,0.122980505,0.992408991,0,0,0,1],"scale":0.789793968,"type":"tropical_plant_01_c"}
{"ctxid":0,"pos":[622.41095,23.3163872,132.445816],"rotationMatrix":[-0.0278816484,0.999611199,0,-0.999611199,-0.0278816484,0,0,0,1],"scale":0.563296437,"type":"tropical_plant_01_c"}
{"ctxid":0,"pos":[596.099304,37.2751198,132.450958],"rotationMatrix":[-0.707934856,0.706277609,0,-0.706277609,-0.707934856,0,0,0,1],"scale":0.572404921,"type":"tropical_plant_01_c"}
{"ctxid":0,"pos":[597.469727,-13.7713757,133.551605],"rotationMatrix":[0.73515898,-0.677894652,0,0.677894652,0.73515898,0,0,0,1],"scale":0.849396408,"type":"tropical_plant_01_c"}
{"ctxid":0,"pos":[-877.993225,-413.69751,148.892639],"rotationMatrix":[0.945529997,0.325535089,0,-0.325535089,0.945529997,0,0,0,1],"scale":0.843214035,"type":"tropical_plant_01_c"}
{"ctxid":0,"pos":[-886.770386,-417.995575,147.808258],"rotationMatrix":[0.852992535,-0.521923006,0,0.521923006,0.852992535,0,0,0,1],"scale":0.524155378,"type":"tropical_plant_01_c"}
{"ctxid":0,"pos":[-868.939209,-688.126831,135.362686],"rotationMatrix":[0.992346704,0.123482689,0,-0.123482689,0.992346704,0,0,0,1],"scale":0.605904162,"type":"tropical_plant_01_c"}
{"ctxid":0,"pos":[-844.03009,-696.075439,148.441925],"rotationMatrix":[-0.784222066,0.620480299,0,-0.620480299,-0.784222066,0,0,0,1],"scale":0.695846021,"type":"tropical_plant_01_c"}
{"ctxid":0,"pos":[-845.424377,-681.593994,154.062531],"rotationMatrix":[-0.480315208,-0.826440632,-0.293756038,0.798091233,-0.550725102,0.244441748,-0.363795549,-0.117035002,0.92409718],"scale":0.738937378,"type":"tropical_plant_01_c"}
{"ctxid":0,"pos":[94.0885391,-798.321167,127.554527],"rotationMatrix":[-0.850003839,0.524015784,-0.0538603216,-0.523705363,-0.829594851,0.193662316,0.0567998812,0.192820638,0.979588687],"scale":0.835448205,"type":"tropical_plant_01_c"}
{"ctxid":0,"pos":[65.8589706,-802.769958,128.454239],"rotationMatrix":[0.956143498,-0.281199127,0.0819554999,0.291360289,0.941770315,-0.167862728,-0.0299803987,0.184379444,0.982397795],"scale":0.799268484,"type":"tropical_plant_01_c"}
{"ctxid":0,"pos":[37.1387939,-801.009949,127.76329],"rotationMatrix":[-0.263953924,0.95838052,-0.108785897,-0.963850796,-0.25783658,0.0671649352,0.036320556,0.122581877,0.991793573],"scale":0.577474117,"type":"tropical_plant_01_c"}
{"ctxid":0,"pos":[-18.2082787,-777.958496,131.499146],"rotationMatrix":[0.348590851,-0.906889796,-0.236717433,0.933044553,0.359736204,-0.00418354571,0.0889498368,-0.2194096,0.971569538],"scale":0.690217972,"type":"tropical_plant_01_c"}
{"ctxid":0,"pos":[-74.098259,-849.517517,126.367264],"rotationMatrix":[-0.749365926,0.62651515,0.21431081,-0.618871212,-0.777780771,0.109796092,0.235475793,-0.0503533185,0.970574915],"scale":0.595655143,"type":"tropical_plant_01_c"}
{"ctxid":0,"pos":[-63.577301,-809.419922,127.721451],"rotationMatrix":[0.0884665251,0.980374217,0.176181361,-0.990749598,0.0683336258,0.117241018,0.102900997,-0.18492353,0.977350831],"scale":0.62842387,"type":"tropical_plant_01_c"}
{"ctxid":0,"pos":[-61.4017334,-806.105408,128.529633],"rotationMatrix":[-0.323580027,-0.923602879,-0.205556408,0.928612888,-0.268289447,-0.256317496,0.181586966,-0.273821592,0.944482863],"scale":0.550478399,"type":"tropical_plant_01_c"}
{"ctxid":0,"pos":[-54.387291,-799.991821,130.026733],"rotationMatrix":[0.507531047,-0.746486962,-0.430313021,0.83299309,0.552782893,0.0235285312,0.22030589,-0.370389283,0.902373016],"scale":0.726179719,"type":"tropical_plant_01_c"}
{"ctxid":0,"pos":[82.866684,-794.914551,126.733551],"rotationMatrix":[-0.803894281,0.59257412,-0.0510837473,-0.594676495,-0.802333593,0.0511885881,-0.0106531829,0.0715285316,0.997381687],"scale":0.54153955,"type":"tropical_plant_01_c"}
{"ctxid":0,"pos":[99.4431534,-794.620117,126.453926],"rotationMatrix":[-0.204885006,-0.976149559,0.0717899799,0.978312612,-0.206515074,-0.0159905814,0.0304349195,0.0669568181,0.997291565],"scale":0.789309859,"type":"tropical_plant_01_c"}
{"ctxid":0,"pos":[96.1674423,-794.557922,126.524918],"rotationMatrix":[0.683907628,-0.727012873,0.0610133484,0.729568601,0.681511879,-0.057194747,1.86264515e-09,0.0836293474,0.996496916],"scale":0.846833825,"type":"tropical_plant_01_c"}
{"ctxid":0,"pos":[185.009598,-746.099121,126.846176],"rotationMatrix":[0.619202852,-0.767578602,0.16556251,0.7557832,0.639783502,0.139530391,-0.213024706,0.038731765,0.976278782],"scale":0.562491238,"type":"tropical_plant_01_c"}
{"ctxid":0,"pos":[168.826828,-739.539429,130.293533],"rotationMatrix":[0.955283284,0.276067734,-0.105926856,-0.232162818,0.922118068,0.309513628,0.183123812,-0.271080911,0.944976628],"scale":0.799672723,"type":"tropical_plant_01_c"}
{"ctxid":0,"pos":[224.975189,-734.502502,131.167038],"rotationMatrix":[-0.753732443,-0.642154813,-0.139729321,0.654682636,-0.752221107,-0.0745235234,-0.0572517291,-0.147649184,0.987381339],"scale":0.847344637,"type":"tropical_plant_01_c"}
{"ctxid":0,"pos":[243.520096,-735.96344,135.371368],"rotationMatrix":[0.79010582,0.577763319,0.204749435,-0.579497695,0.8129282,-0.0577075444,-0.199787885,-0.0730567575,0.977111816],"scale":0.748439133,"type":"tropical_plant_01_c"}
{"ctxid":0,"pos":[256.874817,-715.66095,144.213501],"rotationMatrix":[0.425599039,-0.904808283,-0.0136827752,0.883360386,0.412135124,0.223201439,-0.196315408,-0.10708113,0.974676311],"scale":0.642870605,"type":"tropical_plant_01_c"}
{"ctxid":0,"pos":[152.025497,-699.546631,148.705292],"rotationMatrix":[0.240595877,-0.794581354,-0.557453036,0.83307749,0.463770747,-0.301493675,0.498091608,-0.391863555,0.773529291],"scale":0.547715425,"type":"tropical_plant_01_c"}
{"ctxid":0,"pos":[190.101349,-760.878601,126.32151],"rotationMatrix":[-0.208520651,0.97786361,0.017367648,-0.978007138,-0.208568573,0.000976203941,0.00457694335,-0.0167821273,0.999848723],"scale":0.50305599,"type":"tropical_plant_01_c"}
{"ctxid":0,"pos":[219.393646,-762.489136,127.88591],"rotationMatrix":[-0.0471326113,-0.998090804,0.0399101265,0.997212827,-0.0447026491,0.0597316995,-0.0578335784,0.0426142141,0.997416317],"scale":0.566250026,"type":"tropical_plant_01_c"}
{"ctxid":0,"pos":[230.952332,-951.138306,127.528366],"rotationMatrix":[-0.955324054,-0.294539362,0.024542138,0.281786114,-0.932711244,-0.225046918,0.0891759098,-0.208077118,0.97403878],"scale":0.653224587,"type":"tropical_plant_01_c"}
{"ctxid":0,"pos":[229.510605,-946.415344,130.145935],"rotationMatrix":[-0.11284022,-0.993613124,0,0.993613124,-0.11284022,0,0,0,1],"scale":0.683806181,"type":"tropical_plant_01_c"}
{"ctxid":0,"pos":[240.586914,-930.556702,130.323135],"rotationMatrix":[0.980571628,-0.196161181,0,0.196161181,0.980571628,0,0,0,1],"scale":0.670998275,"type":"tropical_plant_01_c"}
{"ctxid":0,"pos":[243.593002,-933.295288,129.800735],"rotationMatrix":[-0.0718063936,0.997418523,0,-0.997418523,-0.0718063936,0,0,0,1],"scale":0.581805944,"type":"tropical_plant_01_c"}
{"ctxid":0,"pos":[259.895081,-899.001099,131.570114],"rotationMatrix":[-0.507549584,0.861622453,0,-0.861622453,-0.507549584,0,0,0,1],"scale":0.805850506,"type":"tropical_plant_01_c"}
{"ctxid":0,"pos":[254.007339,-908.857178,128.584213],"rotationMatrix":[0.965500593,0.26040107,0,-0.26040107,0.965500593,0,0,0,1],"scale":0.536950529,"type":"tropical_plant_01_c"}
{"ctxid":0,"pos":[304.646027,-865.605408,138.354294],"rotationMatrix":[0.851714253,0.524006546,0,-0.524006546,0.851714253,0,0,0,1],"scale":0.642266631,"type":"tropical_plant_01_c"}
{"ctxid":0,"pos":[302.132629,-871.004883,134.672028],"rotationMatrix":[0.960158944,-0.279454499,0,0.279454499,0.960158944,0,0,0,1],"scale":0.75769794,"type":"tropical_plant_01_c"}
{"ctxid":0,"pos":[263.903137,-872.303955,139.440811],"rotationMatrix":[-0.700420141,0.713730812,0,-0.713730812,-0.700420141,0,0,0,1],"scale":0.636716008,"type":"tropical_plant_01_c"}
{"ctxid":0,"pos":[268.303864,-873.754456,135.528412],"rotationMatrix":[-0.977502644,-0.210922971,0,0.210922971,-0.977502644,0,0,0,1],"scale":0.646296859,"type":"tropical_plant_01_c"}
{"ctxid":0,"pos":[-627.370239,-256.644684,136.697388],"rotationMatrix":[-0.0595810823,0.998223424,0,-0.998223424,-0.0595810823,0,0,0,1],"scale":0.599571168,"type":"tropical_plant_01_c"}
{"ctxid":0,"pos":[-604.007935,-308.676727,136.697388],"rotationMatrix":[0.625982106,0.77983743,0,-0.77983743,0.625982106,0,0,0,1],"scale":0.606137335,"type":"tropical_plant_01_c"}
{"ctxid":0,"pos":[-577.771057,-325.912323,136.697388],"rotationMatrix":[-0.783972621,0.62079525,0,-0.62079525,-0.783972621,0,0,0,1],"scale":0.779369235,"type":"tropical_plant_01_c"}
{"ctxid":0,"pos":[-603.997559,301.626099,129.86145],"rotationMatrix":[0.84338665,-0.537307024,0,0.537307024,0.84338665,0,0,0,1],"scale":0.763321996,"type":"tropical_plant_01_c"}
{"ctxid":0,"pos":[-610.307373,311.937103,129.86145],"rotationMatrix":[0.0579265505,-0.998320818,0,0.998320818,0.0579265505,0,0,0,1],"scale":0.546411037,"type":"tropical_plant_01_c"}
{"ctxid":0,"pos":[-81.9952621,-571.363464,132.263672],"rotationMatrix":[0.371950209,0.928252757,0,-0.928252757,0.371950209,0,0,0,1],"scale":0.608187318,"type":"tropical_plant_01_c"}
{"ctxid":1,"pos":[353.578766,-126.094528,159.570648],"rotationMatrix":[-0.399866343,0.916573346,0,-0.916573346,-0.399866343,0,0,0,0.999999881],"scale":0.58479929,"type":"tropical_plant_01_c"}
{"ctxid":1,"pos":[346.042206,-132.928497,159.635742],"rotationMatrix":[-0.0391438939,-0.999233544,0,0.999233544,-0.0391438939,0,0,0,0.999999881],"scale":0.671897054,"type":"tropical_plant_01_c"}
{"ctxid":1,"pos":[348.334808,-124.41935,159.808014],"rotationMatrix":[-0.964230478,0.265064925,0,-0.265064925,-0.964230478,0,0,0,0.999999881],"scale":0.815998912,"type":"tropical_plant_01_c"}
{"ctxid":1,"pos":[858.737854,-746.534302,157.247925],"rotationMatrix":[-0.122699067,-0.99244386,0,0.99244386,-0.122699067,0,0,0,0.999999881],"scale":0.681876779,"type":"tropical_plant_01_c"}
{"ctxid":1,"pos":[869.199219,-747.344299,157.247925],"rotationMatrix":[-0.259534508,-0.965733707,0,0.965733707,-0.259534508,0,0,0,0.999999881],"scale":0.561024666,"type":"tropical_plant_01_c"}
{"ctxid":1,"pos":[861.765564,-757.38385,157.404465],"rotationMatrix":[0.994609416,-0.103690922,0,0.103690922,0.994609416,0,0,0,0.999999881],"scale":0.796482384,"type":"tropical_plant_01_c"}
{"ctxid":1,"pos":[842.678162,-734.984985,156.94603],"rotationMatrix":[0.579825222,-0.814740717,0,0.814740717,0.579825222,0,0,0,0.999999881],"scale":0.763953686,"type":"tropical_plant_01_c"}
{"ctxid":1,"pos":[862.757568,-734.124329,157.25296],"rotationMatrix":[0.143397808,-0.989665091,0,0.989665091,0.143397808,0,0,0,0.999999881],"scale":0.757265687,"type":"tropical_plant_01_c"}
