{"ctxid":0,"pos":[815.422974,941.36322,163.726395],"rotationMatrix":[0.297302872,0.954783201,0,-0.954783201,0.297302872,0,0,0,1],"scale":0.800236583,"type":"vine_bush_wide_b"}
{"ctxid":0,"pos":[811.999268,941.194519,163.816559],"rotationMatrix":[0.585703433,0.810525417,0,-0.810525417,0.585703433,0,0,0,1],"scale":0.982061028,"type":"vine_bush_wide_b"}
{"ctxid":0,"pos":[817.923767,940.426697,156.434601],"rotationMatrix":[-0.796792626,0.604252875,0,-0.604252875,-0.796792626,0,0,0,1],"scale":0.817454159,"type":"vine_bush_wide_b"}
{"ctxid":0,"pos":[791.462891,906.282532,155.228287],"rotationMatrix":[0.956752181,0.290903926,0,-0.28298223,0.930698574,0.231778026,0.0674251392,-0.221754134,0.972768724],"scale":0.958964825,"type":"vine_bush_wide_b"}
{"ctxid":0,"pos":[778.10437,939.965759,148.803314],"rotationMatrix":[0.880064845,0.474853486,0,-0.474853486,0.880064845,0,0,0,1],"scale":0.927921772,"type":"vine_bush_wide_b"}
{"ctxid":0,"pos":[795.530457,922.170898,148.098755],"rotationMatrix":[-0.852045596,0.523467541,0,-0.523467541,-0.852045596,0,0,0,1],"scale":0.826060474,"type":"vine_bush_wide_b"}
{"ctxid":0,"pos":[796.333923,936.59082,148.098755],"rotationMatrix":[-0.966787994,-0.25557974,0,0.25557974,-0.966787994,0,0,0,1],"scale":0.968750715,"type":"vine_bush_wide_b"}
{"ctxid":0,"pos":[766.078918,936.209412,152.611908],"rotationMatrix":[-0.998207867,-0.059841536,0,0.059841536,-0.998207867,0,0,0,1],"scale":0.819923401,"type":"vine_bush_wide_b"}
{"ctxid":0,"pos":[773.622131,921.724487,152.388992],"rotationMatrix":[0.974868834,-0.222779527,0,0.222779527,0.974868834,0,0,0,1],"scale":0.96456176,"type":"vine_bush_wide_b"}
{"ctxid":0,"pos":[776.911438,918.44635,152.621567],"rotationMatrix":[-0.887127519,0.461524427,0,-0.461524427,-0.887127519,0,0,0,1],"scale":0.906986237,"type":"vine_bush_wide_b"}
{"ctxid":0,"pos":[777.919739,902.109375,156.434601],"rotationMatrix":[0.848929822,0.528505623,0,-0.528505623,0.848929822,0,0,0,1],"scale":0.930096984,"type":"vine_bush_wide_b"}
{"ctxid":0,"pos":[778.990051,903.105896,156.434601],"rotationMatrix":[0.934596241,0.355710328,0,-0.355710328,0.934596241,0,0,0,1],"scale":0.988045037,"type":"vine_bush_wide_b"}
{"ctxid":0,"pos":[808.811768,916.927063,156.434601],"rotationMatrix":[-0.849873662,-0.52698642,0,0.52698642,-0.849873662,0,0,0,1],"scale":0.878755391,"type":"vine_bush_wide_b"}
{"ctxid":0,"pos":[808.382935,917.844116,157.435516],"rotationMatrix":[0.110630281,-0.993861616,0,0.993861616,0.110630281,0,0,0,1],"scale":0.907603145,"type":"vine_bush_wide_b"}
{"ctxid":0,"pos":[804.988525,937.195923,148.80751],"rotationMatrix":[0.963283896,0.26848495,0,-0.26848495,0.963283896,0,0,0,1],"scale":0.859941959,"type":"vine_bush_wide_b"}
{"ctxid":0,"pos":[805.266174,936.137634,148.80751],"rotationMatrix":[-0.469233304,0.883074224,0,-0.883074224,-0.469233304,0,0,0,1],"scale":0.87152499,"type":"vine_bush_wide_b"}
{"ctxid":0,"pos":[806.712219,940.795044,148.80751],"rotationMatrix":[-0.598426938,0.801177382,0,-0.801177382,-0.598426938,0,0,0,1],"scale":0.811328888,"type":"vine_bush_wide_b"}
{"ctxid":0,"pos":[802.501343,939.114868,148.807495],"rotationMatrix":[0.689042926,0.724720538,0,-0.724720538,0.689042926,0,0,0,1],"scale":0.973141193,"type":"vine_bush_wide_b"}
{"ctxid":0,"pos":[800.643494,938.40564,148.807495],"rotationMatrix":[-0.720016778,-0.693956673,0,0.693956673,-0.720016778,0,0,0,1],"scale":0.958648682,"type":"vine_bush_wide_b"}
{"ctxid":0,"pos":[803.001953,934.74115,148.80751],"rotationMatrix":[-0.999031544,0.0439991392,0,-0.0439991392,-0.999031544,0,0,0,1],"scale":0.900290489,"type":"vine_bush_wide_b"}
{"ctxid":0,"pos":[802.261169,936.493286,148.807495],"rotationMatrix":[0.355065107,0.934841573,0,-0.934841573,0.355065107,0,0,0,1],"scale":0.94817239,"type":"vine_bush_wide_b"}
{"ctxid":0,"pos":[796.983643,937.383606,148.098755],"rotationMatrix":[0.862104237,0.506730914,0,-0.506730914,0.862104237,0,0,0,1],"scale":0.927748203,"type":"vine_bush_wide_b"}
{"ctxid":0,"pos":[251.561234,667.572632,142.043777],"rotationMatrix":[0.599698007,-0.80022645,0,0.80022645,0.599698007,0,0,0,1],"scale":0.937106013,"type":"vine_bush_wide_b"}
{"ctxid":0,"pos":[251.589447,673.047974,142.128418],"rotationMatrix":[-0.576196671,0.817311108,0,-0.817311108,-0.576196671,0,0,0,1],"scale":0.913249254,"type":"vine_bush_wide_b"}
{"ctxid":0,"pos":[253.801453,670.205872,142.090027],"rotationMatrix":[0.343138307,-0.939284861,0,0.939284861,0.343138307,0,0,0,1],"scale":0.981546462,"type":"vine_bush_wide_b"}
{"ctxid":0,"pos":[36.5316772,526.054626,157.998657],"rotationMatrix":[-0.936177611,-0.351527333,0,0.351527333,-0.936177611,0,0,0,1],"scale":0.885284483,"type":"vine_bush_wide_b"}
{"ctxid":0,"pos":[39.885025,525.749084,157.998657],"rotationMatrix":[0.682435036,-0.730946243,0,0.730946243,0.682435036,0,0,0,1],"scale":0.849879622,"type":"vine_bush_wide_b"}
{"ctxid":0,"pos":[39.8418427,528.008301,157.998657],"rotationMatrix":[0.567472696,-0.823392212,0,0.823392212,0.567472696,0,0,0,1],"scale":0.81991899,"type":"vine_bush_wide_b"}
{"ctxid":0,"pos":[40.6979866,525.188416,157.998657],"rotationMatrix":[0.369416684,-0.92926389,0,0.92926389,0.369416684,0,0,0,1],"scale":0.873983264,"type":"vine_bush_wide_b"}
{"ctxid":0,"pos":[39.2792816,528.980225,157.998657],"rotationMatrix":[-0.624397516,-0.78110677,0,0.78110677,-0.624397516,0,0,0,1],"scale":0.845096171,"type":"vine_bush_wide_b"}
{"ctxid":0,"pos":[34.5533371,553.686707,157.998657],"rotationMatrix":[0.969196498,0.246288791,0,-0.246288791,0.969196498,0,0,0,1],"scale":0.916685581,"type":"vine_bush_wide_b"}
{"ctxid":0,"pos":[36.7648773,555.062805,157.998657],"rotationMatrix":[0.712715328,0.701453388,0,-0.701453388,0.712715328,0,0,0,1],"scale":0.975583196,"type":"vine_bush_wide_b"}
{"ctxid":0,"pos":[31.2556763,553.903076,157.998657],"rotationMatrix":[0.951165736,-0.308680683,0,0.308680683,0.951165736,0,0,0,1],"scale":0.849240422,"type":"vine_bush_wide_b"}
{"ctxid":0,"pos":[37.2663803,551.833862,157.998657],"rotationMatrix":[0.773266315,-0.634081364,0,0.634081364,0.773266315,0,0,0,1],"scale":0.95459646,"type":"vine_bush_wide_b"}
{"ctxid":0,"pos":[13.0375576,562.606628,157.966354],"rotationMatrix":[0.0684579164,0.997654021,0,-0.997654021,0.0684579164,0,0,0,1],"scale":0.983986378,"type":"vine_bush_wide_b"}
{"ctxid":0,"pos":[15.4944801,560.099609,157.979767],"rotationMatrix":[0.389038891,-0.921221316,0,0.921221316,0.389038891,0,0,0,1],"scale":0.936631143,"type":"vine_bush_wide_b"}
{"ctxid":0,"pos":[13.2699909,557.110596,157.998657],"rotationMatrix":[0.247613668,-0.968858838,0,0.968858838,0.247613668,0,0,0,1],"scale":0.835233271,"type":"vine_bush_wide_b"}
{"ctxid":0,"pos":[10.7664976,560.899536,157.997238],"rotationMatrix":[-0.0305989143,-0.999531746,0,0.999531746,-0.0305989143,0,0,0,1],"scale":0.864800632,"type":"vine_bush_wide_b"}
{"ctxid":0,"pos":[6.59367466,529.661743,157.998657],"rotationMatrix":[0.389804751,-0.920897543,0,0.920897543,0.389804751,0,0,0,1],"scale":0.91936481,"type":"vine_bush_wide_b"}
{"ctxid":0,"pos":[5.77018642,531.286926,158.016174],"rotationMatrix":[0.927824736,-0.373016477,0,0.373016477,0.927824736,0,0,0,1],"scale":0.842889547,"type":"vine_bush_wide_b"}
{"ctxid":0,"pos":[4.72634602,531.468506,158.067276],"rotationMatrix":[0.163650513,-0.986518383,0,0.986518383,0.163650513,0,0,0,1],"scale":0.915691376,"type":"vine_bush_wide_b"}
{"ctxid":0,"pos":[4.30520773,533.393982,158.007904],"rotationMatrix":[0.50812459,-0.8612836,0,0.8612836,0.50812459,0,0,0,1],"scale":0.822618663,"type":"vine_bush_wide_b"}
{"ctxid":0,"pos":[14.858077,520.317261,165.618912],"rotationMatrix":[-0.543132126,0.839647233,0,-0.839647233,-0.543132126,0,0,0,1],"scale":0.825320601,"type":"vine_bush_wide_b"}
{"ctxid":0,"pos":[16.8677845,518.554993,157.998657],"rotationMatrix":[-0.808475256,0.588530183,0,-0.588530183,-0.808475256,0,0,0,1],"scale":0.864520133,"type":"vine_bush_wide_b"}
{"ctxid":0,"pos":[11.1088753,559.025879,164.800262],"rotationMatrix":[0.215139925,0.962314308,-0.166331097,-0.975908756,0.218179166,0,0.0362899788,0.162323982,0.986069977],"scale":0.956642747,"type":"vine_bush_wide_b"}
{"ctxid":0,"pos":[60.6289291,505.16391,159.149811],"rotationMatrix":[0.997239649,0.0742503181,0,-0.0742503181,0.997239649,0,0,0,1],"scale":0.831412673,"type":"vine_bush_wide_b"}
{"ctxid":0,"pos":[52.9236984,494.781281,157.998657],"rotationMatrix":[-0.760179937,0.649712622,0,-0.649712622,-0.760179937,0,0,0,1],"scale":0.806510389,"type":"vine_bush_wide_b"}
{"ctxid":0,"pos":[70.5289993,496.048645,157.998657],"rotationMatrix":[-0.995963097,0.0897638574,0,-0.0897638574,-0.995963097,0,0,0,1],"scale":0.918377876,"type":"vine_bush_wide_b"}
{"ctxid":0,"pos":[82.3104706,510.998627,157.998657],"rotationMatrix":[0.77057457,0.637349844,0,-0.637349844,0.77057457,0,0,0,1],"scale":0.829577506,"type":"vine_bush_wide_b"}
{"ctxid":0,"pos":[47.0307236,532.392334,157.998657],"rotationMatrix":[0.944248915,0.329232395,0,-0.329232395,0.944248915,0,0,0,1],"scale":0.950166583,"type":"vine_bush_wide_b"}
{"ctxid":0,"pos":[449.053741,-193.682281,163.574768],"rotationMatrix":[0.296049237,0.955172658,0,-0.955172658,0.296049237,0,0,0,1],"scale":0.881331086,"type":"vine_bush_wide_b"}
{"ctxid":0,"pos":[450.329803,-190.796051,163.574768],"rotationMatrix":[-0.99020344,0.139632314,0,-0.139632314,-0.99020344,0,0,0,1],"scale":0.868801594,"type":"vine_bush_wide_b"}
{"ctxid":0,"pos":[438.885834,-183.638504,166.725891],"rotationMatrix":[0.422073871,-0.906561434,0,0.906561434,0.422073871,0,0,0,1],"scale":0.973956287,"type":"vine_bush_wide_b"}
{"ctxid":0,"pos":[453.267151,-189.430038,160.367722],"rotationMatrix":[-0.293685824,0.95590198,0,-0.95590198,-0.293685824,0,0,0,1],"scale":0.949177384,"type":"vine_bush_wide_b"}
{"ctxid":0,"pos":[454.063354,-190.706314,160.367722],"rotationMatrix":[-0.481702,-0.876335144,0,0.876335144,-0.481702,0,0,0,1],"scale":0.961895227,"type":"vine_bush_wide_b"}
{"ctxid":0,"pos":[450.894318,-186.986771,166.725891],"rotationMatrix":[0.802259922,-0.59697485,0,0.59697485,0.802259922,0,0,0,1],"scale":0.979733884,"type":"vine_bush_wide_b"}
{"ctxid":0,"pos":[352.152771,-208.522888,160.223083],"rotationMatrix":[-0.984954655,-0.172813058,0,0.172813058,-0.984954655,0,0,0,1],"scale":0.829506218,"type":"vine_bush_wide_b"}
{"ctxid":0,"pos":[252.748276,-758.034729,135.827209],"rotationMatrix":[0.915066004,-0.342882276,0.212334514,0.236011118,0.882190526,0.407478392,-0.327036589,-0.32275629,0.888186514],"scale":0.882833242,"type":"vine_bush_wide_b"}
{"ctxid":0,"pos":[-33.9455719,-531.040405,134.494781],"rotationMatrix":[-0.0991557688,0.995071948,0,-0.995071948,-0.0991557688,0,0,0,1],"scale":0.89171356,"type":"vine_bush_wide_b"}
{"ctxid":0,"pos":[-34.132267,-532.81073,134.494781],"rotationMatrix":[-0.230258435,-0.973129511,0,0.973129511,-0.230258435,0,0,0,1],"scale":0.85655725,"type":"vine_bush_wide_b"}
{"ctxid":0,"pos":[-30.9954262,-530.753052,134.494781],"rotationMatrix":[-0.744607091,0.667502999,0,-0.667502999,-0.744607091,0,0,0,1],"scale":0.895441771,"type":"vine_bush_wide_b"}
{"ctxid":0,"pos":[-38.2131882,-534.006409,130.961823],"rotationMatrix":[-0.999700129,-0.0244878214,0,0.0244878214,-0.999700129,0,0,0,1],"scale":0.926535249,"type":"vine_bush_wide_b"}
{"ctxid":0,"pos":[-28.113966,-329.890656,140.827179],"rotationMatrix":[-0.180636108,-0.983550012,0,0.983550012,-0.180636108,0,0,0,1],"scale":0.84499836,"type":"vine_bush_wide_b"}
{"ctxid":0,"pos":[-30.3644352,-328.287018,140.827179],"rotationMatrix":[0.952412844,-0.304811031,0,0.304811031,0.952412844,0,0,0,1],"scale":0.983980954,"type":"vine_bush_wide_b"}
{"ctxid":0,"pos":[-31.2960052,-330.794312,140.827179],"rotationMatrix":[0.328896046,-0.944366157,0,0.944366157,0.328896046,0,0,0,1],"scale":0.835446,"type":"vine_bush_wide_b"}
{"ctxid":0,"pos":[105.576782,-329.637024,139.669693],"rotationMatrix":[0.20520103,-0.940194368,-0.271895081,0.934521675,0.27076304,-0.230990276,0.290794879,-0.206692442,0.934193015],"scale":0.808205843,"type":"vine_bush_wide_b"}
{"ctxid":0,"pos":[110.680573,-329.157715,139.834656],"rotationMatrix":[-0.907855988,0.37150833,0.194367319,-0.418356806,-0.833413124,-0.361108989,0.0278333202,-0.409149915,0.912042558],"scale":0.807949305,"type":"vine_bush_wide_b"}
{"ctxid":0,"pos":[106.178848,-326.639191,142.051666],"rotationMatrix":[0.969725907,-0.244131967,-0.00559000298,0.223075494,0.876309752,0.426987648,-0.0993427783,-0.415307999,0.904240131],"scale":0.911859572,"type":"vine_bush_wide_b"}
{"ctxid":0,"pos":[113.433098,-333.942291,136.462051],"rotationMatrix":[-0.727688909,-0.666181386,-0.163313419,0.682520688,-0.679640293,-0.268802196,0.0680766553,-0.307069153,0.949249208],"scale":0.961357653,"type":"vine_bush_wide_b"}
{"ctxid":0,"pos":[115.616409,-332.057953,136.690933],"rotationMatrix":[-0.96051693,0.272605568,0.0556159429,-0.274444252,-0.961180329,-0.028502997,0.045686882,-0.0426410921,0.998045325],"scale":0.829069436,"type":"vine_bush_wide_b"}
{"ctxid":0,"pos":[112.884331,-332.053925,136.860916],"rotationMatrix":[0.518517733,0.853165627,0.0569888502,-0.832736015,0.488721073,0.260196775,0.194139317,-0.1823733,0.963872373],"scale":0.976603866,"type":"vine_bush_wide_b"}
{"ctxid":0,"pos":[468.732849,-485.706085,127.541985],"rotationMatrix":[0.680578232,0.720972061,0.130431965,-0.660020351,0.68058598,-0.318081409,-0.318098009,0.130391538,0.93904829],"scale":0.882610202,"type":"vine_bush_wide_b"}
{"ctxid":0,"pos":[469.60849,-482.57431,127.325874],"rotationMatrix":[-0.0892846584,0.986440957,-0.137702644,-0.993141949,-0.077696085,0.0873605758,0.075477086,0.144558281,0.986613452],"scale":0.87058115,"type":"vine_bush_wide_b"}
{"ctxid":0,"pos":[470.834412,-486.937714,128.395752],"rotationMatrix":[0.255961299,-0.959492147,0.117721304,0.961049497,0.265707135,0.0760476515,-0.104246512,0.093670778,0.990130544],"scale":0.924618363,"type":"vine_bush_wide_b"}
{"ctxid":0,"pos":[650.388,-942.940125,135.063797],"rotationMatrix":[-0.925349295,0.368341357,0.0897390097,-0.0940492302,-0.452339768,0.886872768,0.367264569,0.812227368,0.453214586],"scale":0.900526881,"type":"vine_bush_wide_b"}
{"ctxid":0,"pos":[646.620422,-934.621643,140.284561],"rotationMatrix":[0.306171775,-0.658129096,0.687840581,0.947377086,0.139706492,-0.288024843,0.0934618711,0.7398296,0.666270852],"scale":0.904830456,"type":"vine_bush_wide_b"}
{"ctxid":0,"pos":[641.262817,-935.32074,135.382141],"rotationMatrix":[0.938754022,-0.307640433,0.155236125,-0.010597378,0.424510062,0.905361116,-0.344425023,-0.85155648,0.39525032],"scale":0.868283272,"type":"vine_bush_wide_b"}
{"ctxid":0,"pos":[648.359802,-942.325317,137.952774],"rotationMatrix":[0.232360989,0.0131969303,-0.972540021,-0.575661778,0.807831645,-0.1265762,0.783978164,0.589265466,0.195305541],"scale":0.871077538,"type":"vine_bush_wide_b"}
{"ctxid":0,"pos":[649.204712,-942.873352,140.225784],"rotationMatrix":[0.648432076,-0.628410995,-0.42969197,-0.120792836,0.472356737,-0.873091042,0.75162816,0.618044078,0.230383754],"scale":0.930554688,"type":"vine_bush_wide_b"}
{"ctxid":0,"pos":[649.503601,-942.487427,132.263031],"rotationMatrix":[-0.249722213,0.155745894,-0.955709934,-0.964495182,0.0475976616,0.259774595,0.0859484076,0.986649573,0.13833037],"scale":0.843809009,"type":"vine_bush_wide_b"}
{"ctxid":0,"pos":[647.287903,-939.222717,139.217468],"rotationMatrix":[0.244115412,-0.878040612,0.411645681,0.287779748,-0.339773536,-0.895397425,0.926061749,0.337043554,0.169738501],"scale":0.881383955,"type":"vine_bush_wide_b"}
{"ctxid":0,"pos":[650.805725,-944.521179,139.990692],"rotationMatrix":[0.521826923,0.323575437,-0.78930068,-0.738823414,0.633954287,-0.228564307,0.426422656,0.702424824,0.569879651],"scale":0.821823239,"type":"vine_bush_wide_b"}
{"ctxid":0,"pos":[646.333679,-939.226135,140.068329],"rotationMatrix":[0.570738673,0.0295142978,0.820601165,0.398476779,0.863840103,-0.308215171,-0.717964947,0.502900839,0.481266141],"scale":0.855308473,"type":"vine_bush_wide_b"}
{"ctxid":0,"pos":[640.581787,-936.241882,132.485962],"rotationMatrix":[-0.711982012,0.598639786,0.367030799,-0.553011358,-0.155913234,-0.818455398,-0.432735026,-0.785697877,0.442062259],"scale":0.858467996,"type":"vine_bush_wide_b"}
{"ctxid":0,"pos":[647.41748,-940.550232,138.025665],"rotationMatrix":[0.347914696,-0.679014087,0.646447957,0.776910901,-0.177128553,-0.604180872,0.524751961,0.712435901,0.465907991],"scale":0.809041202,"type":"vine_bush_wide_b"}
{"ctxid":0,"pos":[635.341736,-932.275574,136.213577],"rotationMatrix":[0.751838326,-0.659347475,0,0.659347475,0.751838326,0,0,0,1],"scale":0.906898499,"type":"vine_bush_wide_b"}
{"ctxid":0,"pos":[633.998169,-930.589478,133.052765],"rotationMatrix":[0.523046434,0.272171795,-0.807678759,-0.85230428,0.167027771,-0.495660424,0,0.947641313,0.319336414],"scale":0.960138261,"type":"vine_bush_wide_b"}
{"ctxid":0,"pos":[636.543396,-932.467834,136.129456],"rotationMatrix":[0.249818772,0.968292654,0,-0.968292654,0.249818772,0,0,0,1],"scale":0.837829649,"type":"vine_bush_wide_b"}
{"ctxid":0,"pos":[634.780762,-933.47821,135.570923],"rotationMatrix":[-0.983419538,0.181344867,0,-0.181344867,-0.983419538,0,0,0,1],"scale":0.807089329,"type":"vine_bush_wide_b"}
{"ctxid":0,"pos":[635.508911,-929.451538,137.911392],"rotationMatrix":[0.826020479,0.0744599402,0.558700144,0.563640118,-0.109121822,-0.818780839,0,0.991235554,-0.13210547],"scale":0.850928783,"type":"vine_bush_wide_b"}
{"ctxid":0,"pos":[636.210815,-934.092773,128.167114],"rotationMatrix":[-0.480070114,0.877230048,0,-0.877230048,-0.480070114,0,0,0,1],"scale":0.840868354,"type":"vine_bush_wide_b"}
{"ctxid":0,"pos":[640.01416,-931.583679,134.126678],"rotationMatrix":[0.254797369,0.0753900781,-0.964051187,-0.966994524,0.0198648423,-0.254021823,0,0.996956229,0.0779632926],"scale":0.921374142,"type":"vine_bush_wide_b"}
{"ctxid":0,"pos":[643.116577,-932.898193,132.938202],"rotationMatrix":[-0.381768525,0.676306307,-0.629970074,-0.567795217,0.366202116,0.737227499,0.729288101,0.639144361,0.244199097],"scale":0.822122931,"type":"vine_bush_wide_b"}
{"ctxid":0,"pos":[639.302551,-934.920105,131.490204],"rotationMatrix":[-0.396434903,-0.918062866,0,0.918062866,-0.396434903,0,0,0,1],"scale":0.940828502,"type":"vine_bush_wide_b"}
{"ctxid":0,"pos":[640.736572,-934.308289,136.725998],"rotationMatrix":[-0.99352622,0.113602757,0,-0.113602757,-0.99352622,0,0,0,1],"scale":0.857394338,"type":"vine_bush_wide_b"}
{"ctxid":0,"pos":[639.123352,-932.335876,136.420166],"rotationMatrix":[0.93401289,-0.357239217,0,0.357239217,0.93401289,0,0,0,1],"scale":0.949179411,"type":"vine_bush_wide_b"}
{"ctxid":0,"pos":[632.739502,-932.560364,135.81427],"rotationMatrix":[0.276263893,-0.961081743,0,0.961081743,0.276263893,0,0,0,1],"scale":0.921341836,"type":"vine_bush_wide_b"}
{"ctxid":0,"pos":[633.224609,-929.991638,136.292816],"rotationMatrix":[0.658438444,-0.138072908,0.73986131,0.752634585,0.120792367,-0.647263825,0,0.983028591,0.183452785],"scale":0.869911313,"type":"vine_bush_wide_b"}
{"ctxid":0,"pos":[637.805481,-929.521973,136.433975],"rotationMatrix":[-0.172641024,-0.18149288,0.968119383,0.978095233,-0.147635341,0.146742821,0.116295874,0.972246885,0.203005254],"scale":0.886357903,"type":"vine_bush_wide_b"}
{"ctxid":0,"pos":[640.488647,-930.733459,132.90654],"rotationMatrix":[-0.124345757,-0.0155001096,0.992117882,0.93504405,-0.336396992,0.111936845,0.332010448,0.941592813,0.056322813],"scale":0.921577454,"type":"vine_bush_wide_b"}
{"ctxid":0,"pos":[598.003296,-710.901123,127.570915],"rotationMatrix":[-0.221155643,-0.97151047,0.0851907656,0.9232952,-0.180447698,0.339064121,-0.314031869,0.153642178,0.936898112],"scale":0.817564845,"type":"vine_bush_wide_b"}
{"ctxid":0,"pos":[601.225281,-704.582886,138.108826],"rotationMatrix":[0.0615577772,0.988433957,-0.138595358,-0.140231669,-0.128916249,-0.981690049,-0.988203228,0.0798660517,0.130674034],"scale":0.895534456,"type":"vine_bush_wide_b"}
{"ctxid":0,"pos":[600.766785,-710.758179,132.361252],"rotationMatrix":[0.544762433,0.809917629,-0.217410609,-0.0983772576,-0.195744663,-0.975707889,-0.832799911,0.552917302,-0.0269568861],"scale":0.883361876,"type":"vine_bush_wide_b"}
{"ctxid":0,"pos":[602.662781,-711.863953,133.184723],"rotationMatrix":[0.391238391,0.892476916,-0.224538088,-0.892716169,0.30877018,-0.328205198,-0.22358495,0.328855246,0.917531431],"scale":0.985287547,"type":"vine_bush_wide_b"}
{"ctxid":0,"pos":[604.555054,-708.847839,132.464813],"rotationMatrix":[-0.42017591,-0.899561286,0.119336814,0.775592804,-0.424274921,-0.467382193,0.471070617,-0.103826061,0.875963807],"scale":0.834714532,"type":"vine_bush_wide_b"}
{"ctxid":0,"pos":[602.64917,-713.028748,133.618668],"rotationMatrix":[0.942631543,0.333767354,0.00672058761,-0.297044694,0.847766042,-0.439382732,-0.1523491,0.412179708,0.898274779],"scale":0.921748459,"type":"vine_bush_wide_b"}
{"ctxid":0,"pos":[600.960266,-707.171875,140.632553],"rotationMatrix":[0.204928219,0.797300398,0.567729115,0.0506127477,0.570631206,-0.819645166,-0.977467537,0.196702719,0.0765849054],"scale":0.805766165,"type":"vine_bush_wide_b"}
{"ctxid":0,"pos":[600.691467,-708.489807,135.217896],"rotationMatrix":[-0.221662402,0.344673902,-0.912176132,-0.227303579,-0.927940905,-0.295395166,-0.948260784,0.141862959,0.284035504],"scale":0.870028138,"type":"vine_bush_wide_b"}
{"ctxid":0,"pos":[602.15387,-706.196716,138.291107],"rotationMatrix":[0.763164699,-0.157361984,0.626751006,-0.311399132,0.760297894,0.570068121,-0.566224515,-0.630225539,0.531230092],"scale":0.827801049,"type":"vine_bush_wide_b"}
{"ctxid":0,"pos":[602.962036,-707.756897,140.113983],"rotationMatrix":[-0.936609507,-0.0611939877,0.34498927,0.312493861,-0.591206431,0.7435202,0.158460945,0.804195225,0.572852612],"scale":0.852125466,"type":"vine_bush_wide_b"}
{"ctxid":0,"pos":[606.025269,-682.808777,130.335602],"rotationMatrix":[-0.390228033,0.103215449,-0.914914429,-0.130048007,-0.989912987,-0.0562084764,-0.911487401,0.097048685,0.399715006],"scale":0.854587615,"type":"vine_bush_wide_b"}
{"ctxid":0,"pos":[608.154602,-678.817444,131.10144],"rotationMatrix":[-0.126085043,0.99087888,-0.0475536585,-0.636828601,-0.117602229,-0.761983395,-0.76062578,-0.0657912791,0.645848155],"scale":0.950837374,"type":"vine_bush_wide_b"}
{"ctxid":0,"pos":[643.262024,-752.757507,136.789703],"rotationMatrix":[-0.209876895,0.494990468,0.843170106,-0.206672952,-0.865350485,0.456567943,0.955634654,-0.0784373432,0.28391856],"scale":0.867112398,"type":"vine_bush_wide_b"}
{"ctxid":0,"pos":[645.835388,-753.134094,135.498032],"rotationMatrix":[-0.662978888,-0.266342878,0.699657083,-0.371829867,-0.694000363,-0.616527081,0.649770021,-0.668897986,0.361073673],"scale":0.932323098,"type":"vine_bush_wide_b"}
{"ctxid":0,"pos":[644.378662,-755.567627,133.088425],"rotationMatrix":[0.785855174,0.317220062,-0.530851126,-0.00851091743,0.863878846,0.503627658,0.618351877,-0.391260386,0.681583464],"scale":0.929192543,"type":"vine_bush_wide_b"}
{"ctxid":0,"pos":[648.03479,-752.001587,131.654388],"rotationMatrix":[0.427595496,0.881067038,-0.202195376,-0.297085047,0.34821713,0.889092386,0.853757858,-0.320102632,0.410647929],"scale":0.845200598,"type":"vine_bush_wide_b"}
{"ctxid":0,"pos":[849.029297,-777.904663,135.863815],"rotationMatrix":[0.281756341,0.724574208,-0.628971577,-0.914735079,0.400712907,0.0518527031,0.289608121,0.560732663,0.775697112],"scale":0.80576396,"type":"vine_bush_wide_b"}
{"ctxid":0,"pos":[848.862854,-782.606934,134.397568],"rotationMatrix":[-0.962183595,0.18406637,-0.200802699,0.157713443,-0.224608406,-0.961601198,-0.222100481,-0.956906796,0.187084898],"scale":0.915589571,"type":"vine_bush_wide_b"}
{"ctxid":0,"pos":[846.834229,-782.362,132.595749],"rotationMatrix":[0.583820343,-0.80412674,-0.111955136,0.67153132,0.400781929,0.62323308,-0.456288844,-0.439037472,0.773980975],"scale":0.829899907,"type":"vine_bush_wide_b"}
{"ctxid":0,"pos":[845.9375,-781.558472,137.189209],"rotationMatrix":[-0.643913746,0.292500496,-0.706978142,0.478991807,-0.566429019,-0.670615137,-0.596608341,-0.770455301,0.224626362],"scale":0.909137726,"type":"vine_bush_wide_b"}
{"ctxid":0,"pos":[838.459167,-777.667175,136.954102],"rotationMatrix":[-0.987807035,0.0696983039,-0.139207259,-0.0893796533,-0.986031055,0.140547127,-0.127466813,0.151275784,0.980238676],"scale":0.974260449,"type":"vine_bush_wide_b"}
{"ctxid":0,"pos":[836.064453,-777.442627,136.407059],"rotationMatrix":[0.429497004,-0.0407593548,0.902147949,-0.563001871,0.768995285,0.30277884,-0.706088603,-0.637953639,0.307333589],"scale":0.835325539,"type":"vine_bush_wide_b"}
{"ctxid":0,"pos":[835.146423,-775.112061,137.601974],"rotationMatrix":[-0.909909964,-0.178943083,0.374223083,0.302795947,-0.903143048,0.304379612,0.283510417,0.390271336,0.875962377],"scale":0.936169624,"type":"vine_bush_wide_b"}
{"ctxid":0,"pos":[834.729858,-776.393005,134.845703],"rotationMatrix":[0.636567354,0.402183115,0.658050656,-0.741002381,0.555464268,0.377325892,-0.213769481,-0.727810502,0.651609123],"scale":0.868569136,"type":"vine_bush_wide_b"}
{"ctxid":0,"pos":[864.974487,-778.048218,143.281586],"rotationMatrix":[0.861024618,0.441049099,0.253204107,-0.508520842,0.740221441,0.439862192,0.00657373667,-0.507491708,0.861631513],"scale":0.912838578,"type":"vine_bush_wide_b"}
{"ctxid":0,"pos":[861.349976,-776.913635,144.666595],"rotationMatrix":[-0.534575582,-0.672704697,-0.511563301,0.841200709,-0.365309834,-0.398659885,0.0813012421,-0.643441379,0.761165738],"scale":0.990003943,"type":"vine_bush_wide_b"}
{"ctxid":0,"pos":[853.674011,-783.614685,134.684769],"rotationMatrix":[0.952752173,-0.218268633,-0.211239219,0.275639564,0.329093397,0.903172314,-0.127616793,-0.918725312,0.37370795],"scale":0.882443428,"type":"vine_bush_wide_b"}
{"ctxid":0,"pos":[862.039917,-785.976318,131.630157],"rotationMatrix":[-0.807916999,-0.285907149,-0.515292764,0.547861874,-0.68650353,-0.47807914,-0.217064172,-0.668557703,0.711276054],"scale":0.915012181,"type":"vine_bush_wide_b"}
{"ctxid":0,"pos":[863.032715,-785.152771,133.765518],"rotationMatrix":[0.170423433,0.40961045,0.89620018,-0.977605641,0.184241503,0.101695605,-0.123461552,-0.893461943,0.431836694],"scale":0.822838306,"type":"vine_bush_wide_b"}
{"ctxid":0,"pos":[859.44989,-784.51532,132.59021],"rotationMatrix":[-0.147112206,0.579849958,0.801331341,-0.889474809,0.276818037,-0.363601804,-0.43265751,-0.766254306,0.475038707],"scale":0.839966059,"type":"vine_bush_wide_b"}
{"ctxid":0,"pos":[801.469177,-767.703613,129.861328],"rotationMatrix":[-0.6914711,0.698456109,0.18446216,-0.502070248,-0.281045437,-0.817886651,-0.519415736,-0.658158123,0.545009136],"scale":0.925940871,"type":"vine_bush_wide_b"}
{"ctxid":0,"pos":[802.94458,-767.591797,132.340408],"rotationMatrix":[-0.721865833,0.450668693,0.525173843,-0.426121622,0.308492154,-0.850443006,-0.545280099,-0.837693572,-0.0306503624],"scale":0.841883302,"type":"vine_bush_wide_b"}
{"ctxid":0,"pos":[803.251404,-767.152893,135.82103],"rotationMatrix":[0.585988402,0.201075718,0.78497535,-0.810319543,0.145409346,0.56766057,0,-0.968723178,0.248143733],"scale":0.835615098,"type":"vine_bush_wide_b"}
{"ctxid":0,"pos":[869.187561,-786.842529,132.768372],"rotationMatrix":[0.989912748,-0.072953321,0.121451706,0.000893495977,0.860434175,0.509560823,-0.141675353,-0.504312277,0.851819932],"scale":0.984325528,"type":"vine_bush_wide_b"}
{"ctxid":0,"pos":[867.128723,-785.45282,135.630768],"rotationMatrix":[0.974315822,-0.0442466661,-0.220795989,0.222898334,0.328898907,0.917682886,0.0320151448,-0.943328023,0.330313921],"scale":0.982421637,"type":"vine_bush_wide_b"}
{"ctxid":0,"pos":[921.291321,-786.994324,141.823105],"rotationMatrix":[-0.40214622,-0.733161211,-0.548408926,0.89292562,-0.446463943,-0.057906881,-0.202389881,-0.512975574,0.834202826],"scale":0.933255911,"type":"vine_bush_wide_b"}
{"ctxid":0,"pos":[922.785645,-785.991516,143.330597],"rotationMatrix":[-0.645158052,0.719483435,0.257127076,-0.76304251,-0.62399447,-0.168513075,0.0392035469,-0.304916501,0.951571882],"scale":0.959296107,"type":"vine_bush_wide_b"}
{"ctxid":0,"pos":[923.169983,-788.803345,138.517258],"rotationMatrix":[-0.034209013,0.636796117,0.770272851,-0.950379491,-0.259179354,0.172059715,0.30920592,-0.726165593,0.614064455],"scale":0.863204479,"type":"vine_bush_wide_b"}
{"ctxid":0,"pos":[921.600769,-788.493225,139.730957],"rotationMatrix":[0.701281548,-0.407210022,-0.585135937,0.691701651,0.587281466,0.420296639,0.172490463,-0.699485779,0.693517566],"scale":0.834050834,"type":"vine_bush_wide_b"}
{"ctxid":0,"pos":[924.96698,-786.441284,141.628387],"rotationMatrix":[-0.470998883,0.583533108,0.661550403,-0.836184204,-0.534220934,-0.124111816,0.280990779,-0.611634552,0.739558816],"scale":0.915902376,"type":"vine_bush_wide_b"}
{"ctxid":0,"pos":[936.969788,-783.824524,133.126755],"rotationMatrix":[0.68227011,-0.383206666,-0.622623563,0.61386168,0.762819409,0.203175753,0.397091031,-0.520825505,0.755684733],"scale":0.959543228,"type":"vine_bush_wide_b"}
{"ctxid":0,"pos":[934.723511,-786.300842,135.435593],"rotationMatrix":[0.627485335,0.58543396,-0.513351023,-0.0332463086,0.678845286,0.733528256,0.777918279,-0.443211198,0.445428967],"scale":0.987175465,"type":"vine_bush_wide_b"}
{"ctxid":0,"pos":[934.433533,-785.32074,135.29187],"rotationMatrix":[-0.189988852,-0.801948309,-0.566376925,0.851452589,0.152630091,-0.50172931,0.488807082,-0.577566206,0.653823197],"scale":0.805828094,"type":"vine_bush_wide_b"}
{"ctxid":0,"pos":[940.141602,-774.880798,136.729095],"rotationMatrix":[0.288276136,0.160700411,-0.94396621,-0.678572774,0.72983098,-0.0829820633,0.67560041,0.664471388,0.319439679],"scale":0.806681514,"type":"vine_bush_wide_b"}
{"ctxid":0,"pos":[941.206177,-775.452942,134.222763],"rotationMatrix":[-0.3973836,0.707554698,0.58433944,-0.303470373,-0.70227617,0.643982828,0.866020679,0.0785785094,0.493794918],"scale":0.867149353,"type":"vine_bush_wide_b"}
{"ctxid":0,"pos":[942.205811,-774.190369,132.248596],"rotationMatrix":[0.177319467,-0.984112382,0.00896728039,0.664955378,0.113085926,-0.738272071,0.725528717,0.136872768,0.674443364],"scale":0.944141567,"type":"vine_bush_wide_b"}
{"ctxid":0,"pos":[983.328613,-810.709656,139.850266],"rotationMatrix":[0.947989523,-0.301830649,-0.10106501,0.0674401671,0.500766695,-0.862950981,0.311075091,0.811252654,0.495077074],"scale":0.925415397,"type":"vine_bush_wide_b"}
{"ctxid":0,"pos":[981.729309,-809.419739,141.421906],"rotationMatrix":[0.663942575,-0.432490855,0.610026002,0.631022274,-0.113679618,-0.767390132,0.401236922,0.894442976,0.197434694],"scale":0.959917903,"type":"vine_bush_wide_b"}
{"ctxid":0,"pos":[984.836548,-810.265076,141.209976],"rotationMatrix":[-0.639591813,-0.437793404,0.631869316,0.732646227,-0.0983356237,0.673468173,-0.232704595,0.893681586,0.383642673],"scale":0.875624418,"type":"vine_bush_wide_b"}
{"ctxid":0,"pos":[978.008057,-804.718689,137.870255],"rotationMatrix":[-0.365082324,-0.196703956,0.90995723,0.709404051,-0.69173485,0.135087579,0.602876902,0.694845557,0.39208281],"scale":0.806465685,"type":"vine_bush_wide_b"}
{"ctxid":0,"pos":[981.658447,-807.867249,136.836655],"rotationMatrix":[-0.822866976,0.559367776,0.0999871939,-0.060872294,-0.26172334,0.963221192,0.564963996,0.786516666,0.249413699],"scale":0.839877129,"type":"vine_bush_wide_b"}
{"ctxid":0,"pos":[978.492371,-807.855652,140.37529],"rotationMatrix":[0.16564405,-0.580978811,0.796884835,0.939264596,0.339220166,0.0520730317,-0.300572693,0.739860177,0.601882696],"scale":0.848986804,"type":"vine_bush_wide_b"}
{"ctxid":0,"pos":[984.601135,-813.192688,144.535233],"rotationMatrix":[-0.553248525,-0.781399727,0.288669884,0.796038032,-0.598032236,-0.0931699798,0.245437056,0.178245991,0.952884614],"scale":0.957435071,"type":"vine_bush_wide_b"}
{"ctxid":0,"pos":[952.275208,-817.177002,136.419769],"rotationMatrix":[0.112610638,-0.99363935,-0.000204622746,0.450389981,0.0508596897,0.891382337,-0.885702014,-0.100471467,0.453252316],"scale":0.973173618,"type":"vine_bush_wide_b"}
{"ctxid":0,"pos":[953.346252,-815.867065,134.66095],"rotationMatrix":[-0.400214911,-0.240491837,-0.884302974,0.883791208,-0.356487393,-0.303034216,-0.242365599,-0.902818084,0.355216146],"scale":0.919048309,"type":"vine_bush_wide_b"}
{"ctxid":0,"pos":[951.683228,-840.549683,131.935913],"rotationMatrix":[0.292285353,0.0859376267,0.952462077,-0.588476062,0.801229119,0.108295277,-0.753833592,-0.592154384,0.28475976],"scale":0.827922702,"type":"vine_bush_wide_b"}
{"ctxid":0,"pos":[951.182861,-841.133667,128.2285],"rotationMatrix":[0.13006638,0.528831184,0.838701487,-0.319804966,0.823053658,-0.469369173,-0.938513339,-0.207171679,0.276174486],"scale":0.910869241,"type":"vine_bush_wide_b"}
{"ctxid":0,"pos":[953.547485,-838.247192,131.829407],"rotationMatrix":[0.521734536,-0.592222989,0.61405611,0.313025594,0.802477241,0.507981539,-0.793604374,-0.0728161931,0.604061067],"scale":0.931621969,"type":"vine_bush_wide_b"}
{"ctxid":0,"pos":[950.932556,-837.528015,131.947281],"rotationMatrix":[-0.196453243,0.477984458,-0.856117189,-0.00500616431,-0.873609126,-0.486602068,-0.980500221,-0.091308549,0.174016356],"scale":0.99722445,"type":"vine_bush_wide_b"}
{"ctxid":0,"pos":[951.121643,-841.919434,127.313217],"rotationMatrix":[0.574855566,-0.761434555,0.299597293,0.0786841661,0.415885121,0.906006813,-0.8144629,-0.497249514,0.298986733],"scale":0.875358582,"type":"vine_bush_wide_b"}
{"ctxid":0,"pos":[953.771057,-839.651306,132.480286],"rotationMatrix":[-0.38559103,-0.878900826,-0.280807257,0.647359431,-0.474563837,0.596418262,-0.657453537,0.0481903255,0.751952529],"scale":0.959356487,"type":"vine_bush_wide_b"}
{"ctxid":0,"pos":[964.333496,-844.306824,136.866898],"rotationMatrix":[0.476315618,0.879274487,0,-0.879274487,0.476315618,0,0,0,1],"scale":0.955370903,"type":"vine_bush_wide_b"}
{"ctxid":0,"pos":[961.566833,-840.499451,136.863724],"rotationMatrix":[-0.366779655,0.0420013145,-0.929359198,0.497934759,-0.834977686,-0.234250113,-0.785833001,-0.548678517,0.285338908],"scale":0.839554906,"type":"vine_bush_wide_b"}
{"ctxid":0,"pos":[962.272888,-844.337463,137.410019],"rotationMatrix":[-0.345908821,0.922006428,-0.173928604,-0.128401682,-0.230145052,-0.964648187,-0.929440737,-0.311347604,0.197996348],"scale":0.942543924,"type":"vine_bush_wide_b"}
{"ctxid":0,"pos":[955.348816,-826.507751,139.718872],"rotationMatrix":[-0.298608482,-0.374684066,-0.877749741,0.248026878,-0.91857636,0.307733476,-0.921583116,-0.125813708,0.367226601],"scale":0.846802592,"type":"vine_bush_wide_b"}
{"ctxid":0,"pos":[968.467102,-848.669983,135.563217],"rotationMatrix":[-0.220270693,0.252747357,0.942124963,-0.975438714,-0.0570746623,-0.212747887,0,-0.965847433,0.259111464],"scale":0.872968197,"type":"vine_bush_wide_b"}
{"ctxid":0,"pos":[979.174438,-850.206116,135.644669],"rotationMatrix":[0.907034874,0.337099731,-0.252292573,0.210694879,0.155399948,0.965120912,0.364548236,-0.928555131,0.0699279904],"scale":0.847992659,"type":"vine_bush_wide_b"}
{"ctxid":0,"pos":[978.696411,-849.005676,141.003113],"rotationMatrix":[-0.889557362,-0.407725334,-0.206027225,0.274808407,-0.11734283,-0.954311609,0.364921272,-0.905533195,0.21642983],"scale":0.825102389,"type":"vine_bush_wide_b"}
{"ctxid":0,"pos":[981.278625,-849.324097,141.160583],"rotationMatrix":[-0.633906007,0.680615842,0.367321312,-0.772041142,-0.528618813,-0.352865785,-0.0459930301,-0.507270992,0.860558391],"scale":0.899251223,"type":"vine_bush_wide_b"}
{"ctxid":0,"pos":[978.760437,-850.459106,139.70694],"rotationMatrix":[0.392047763,-0.0182141364,-0.91976434,0.891728044,0.25324738,0.375082016,0.226095974,-0.967229843,0.115527272],"scale":0.960742235,"type":"vine_bush_wide_b"}
{"ctxid":0,"pos":[986.575806,-847.509216,136.960449],"rotationMatrix":[-0.580848873,-0.197072208,0.789795697,-0.617169142,-0.526026845,-0.585147917,0.530770063,-0.82731992,0.183915198],"scale":0.924603581,"type":"vine_bush_wide_b"}
{"ctxid":0,"pos":[986.598022,-836.007812,141.935181],"rotationMatrix":[0.167525411,0.051421348,-0.9845258,0.00548399426,0.998574793,0.0530882627,0.98585248,-0.0142927663,0.167004645],"scale":0.947369874,"type":"vine_bush_wide_b"}
{"ctxid":0,"pos":[990.614502,-822.252686,132.481323],"rotationMatrix":[-0.769489586,0.3320117,0.545576751,0.28870675,-0.5811553,0.760859191,0.569679022,0.742984951,0.351338923],"scale":0.926685691,"type":"vine_bush_wide_b"}
{"ctxid":0,"pos":[986.03833,-827.433228,143.117935],"rotationMatrix":[-0.18817611,0.442364246,-0.876871586,-0.722586334,0.542327762,0.428660214,0.665175736,0.714278996,0.217593253],"scale":0.992684364,"type":"vine_bush_wide_b"}
{"ctxid":0,"pos":[988.81897,-819.053833,133.259537],"rotationMatrix":[-0.162169233,0.593181014,-0.788566828,-0.508956492,0.634360731,0.58185035,0.845378339,0.495704353,0.19902949],"scale":0.918277562,"type":"vine_bush_wide_b"}
{"ctxid":0,"pos":[987.07666,-816.336243,137.655411],"rotationMatrix":[0.184418544,0.912718892,-0.364601284,-0.411960721,0.408588201,0.814459324,0.892344117,0,0.451355517],"scale":0.855756998,"type":"vine_bush_wide_b"}
{"ctxid":0,"pos":[986.804504,-816.386475,140.821198],"rotationMatrix":[0.0249904152,0.990691125,-0.133815467,-0.181869999,0.136129007,0.973854125,0.983004808,0,0.183578908],"scale":0.933940768,"type":"vine_bush_wide_b"}
{"ctxid":0,"pos":[983.661682,-821.300964,144.840866],"rotationMatrix":[-0.382015854,-0.262593091,0.886063695,-0.544926167,-0.710365593,-0.445461869,0.74640435,-0.653012693,0.128277093],"scale":0.888641059,"type":"vine_bush_wide_b"}
{"ctxid":0,"pos":[986.206177,-829.699951,148.655411],"rotationMatrix":[0.258937061,0.529931188,-0.807542205,-0.378389955,0.824885368,0.419982135,0.888691485,0.196816951,0.414114118],"scale":0.967178643,"type":"vine_bush_wide_b"}
{"ctxid":0,"pos":[982.355652,-646.451294,131.43927],"rotationMatrix":[0.994790077,-0.0874869376,0.052332405,0.0658714175,0.943415463,0.325004965,-0.0778048933,-0.319864541,0.94426322],"scale":0.832469046,"type":"vine_bush_wide_b"}
{"ctxid":0,"pos":[983.748291,-647.341125,131.742615],"rotationMatrix":[-0.194479346,0.980846047,0.010889098,-0.951899767,-0.186037064,-0.243468329,-0.236779198,-0.0577149242,0.969847739],"scale":0.916038513,"type":"vine_bush_wide_b"}
{"ctxid":0,"pos":[985.66864,-643.761963,132.167984],"rotationMatrix":[-0.997985721,-0.0493905768,0.0398035161,0.0507193953,-0.998163939,0.0330959968,0.0380958207,0.0350481533,0.998659253],"scale":0.878903508,"type":"vine_bush_wide_b"}
{"ctxid":0,"pos":[986.237976,-646.15094,131.922745],"rotationMatrix":[0.623952508,-0.781462252,0,0.781462252,0.623952508,0,0,0,1],"scale":0.902683496,"type":"vine_bush_wide_b"}
{"ctxid":0,"pos":[979.479492,-650.290649,129.4953],"rotationMatrix":[0.802095354,-0.594429135,-0.057419274,0.584138989,0.760928214,0.282435656,-0.124196067,-0.260081172,0.957566261],"scale":0.956725419,"type":"vine_bush_wide_b"}
{"ctxid":0,"pos":[981.664062,-648.347412,130.709183],"rotationMatrix":[-0.416935444,-0.895154655,-0.15767923,0.895459712,-0.434287667,0.0977028385,-0.155937314,-0.100459628,0.982645094],"scale":0.88214767,"type":"vine_bush_wide_b"}
{"ctxid":0,"pos":[969.76123,-652.048462,127.424927],"rotationMatrix":[0.54319495,-0.835879922,0.0790175274,0.839210868,0.537640393,-0.0816563815,0.0257719308,0.110667706,0.99352324],"scale":0.843231082,"type":"vine_bush_wide_b"}
{"ctxid":0,"pos":[966.304443,-645.938538,127.196686],"rotationMatrix":[-0.456807494,-0.886947632,0.0681977123,0.88868475,-0.458423018,-0.00937523507,0.0395787358,0.0563235879,0.997627795],"scale":0.975803792,"type":"vine_bush_wide_b"}
{"ctxid":0,"pos":[975.820984,-654.566833,127.868263],"rotationMatrix":[0.995733976,-0.0459778793,0.0799991786,0.0385247283,0.994982362,0.0923359469,-0.0838431865,-0.0888600871,0.992509067],"scale":0.92096436,"type":"vine_bush_wide_b"}
{"ctxid":0,"pos":[969.023621,-653.990479,127.771477],"rotationMatrix":[-0.935729384,0.350550532,-0.0390432812,-0.352688849,-0.928476095,0.116370618,0.00454302132,0.122661561,0.992438138],"scale":0.906310797,"type":"vine_bush_wide_b"}
{"ctxid":0,"pos":[969.313293,-646.739746,127.092545],"rotationMatrix":[0.253731906,0.965417624,-0.0599065125,-0.964040518,0.257458329,0.0658855215,0.079030484,0.0410350561,0.996027291],"scale":0.940416455,"type":"vine_bush_wide_b"}
