{"ctxid":0,"pos":[812.038269,944.420288,163.816559],"rotationMatrix":[-0.962958992,0.269647807,0,-0.269647807,-0.962958992,0,0,0,1],"scale":0.854212642,"type":"vine_ground_small"}
{"ctxid":0,"pos":[816.389526,939.367615,156.434601],"rotationMatrix":[-0.997398198,-0.0720892251,0,0.0720892251,-0.997398198,0,0,0,1],"scale":0.808131337,"type":"vine_ground_small"}
{"ctxid":0,"pos":[792.473572,905.467224,155.116272],"rotationMatrix":[-0.99588418,0.0906350538,0,-0.0906350538,-0.99588418,0,0,0,1],"scale":0.855365634,"type":"vine_ground_small"}
{"ctxid":0,"pos":[657.135742,42.1017151,136.050812],"rotationMatrix":[0.958710194,-0.284384012,0,0.284384012,0.958710194,0,0,0,1],"scale":0.937838674,"type":"vine_ground_small"}
{"ctxid":0,"pos":[647.66748,36.5644455,142.300537],"rotationMatrix":[-0.303722709,0.952760458,0,-0.952760458,-0.303722709,0,0,0,1],"scale":0.956536114,"type":"vine_ground_small"}
{"ctxid":0,"pos":[647.308533,35.7122841,142.300537],"rotationMatrix":[0.613987803,0.789315522,0,-0.789315522,0.613987803,0,0,0,1],"scale":0.833294749,"type":"vine_ground_small"}
{"ctxid":0,"pos":[640.372681,41.0272903,139.649887],"rotationMatrix":[-0.653410733,0.757003307,0,-0.757003307,-0.653410733,0,0,0,1],"scale":0.842171133,"type":"vine_ground_small"}
{"ctxid":0,"pos":[645.703308,43.6591072,139.649872],"rotationMatrix":[-0.804704249,0.593675733,0,-0.593675733,-0.804704249,0,0,0,1],"scale":0.803065479,"type":"vine_ground_small"}
{"ctxid":0,"pos":[634.391663,39.5775414,143.265671],"rotationMatrix":[-0.198041737,0.980193496,0,-0.980193496,-0.198041737,0,0,0,1],"scale":0.992451727,"type":"vine_ground_small"}
{"ctxid":0,"pos":[630.189575,44.8159981,143.204285],"rotationMatrix":[-0.0358879641,-0.999355853,0,0.999355853,-0.0358879641,0,0,0,1],"scale":0.968030155,"type":"vine_ground_small"}
{"ctxid":0,"pos":[643.302979,53.1805687,137.039703],"rotationMatrix":[-0.0814034119,-0.996681333,0,0.996681333,-0.0814034119,0,0,0,1],"scale":0.877071857,"type":"vine_ground_small"}
{"ctxid":0,"pos":[628.103516,38.1575813,143.265671],"rotationMatrix":[0.993126988,0.117041901,0,-0.117041901,0.993126988,0,0,0,1],"scale":0.812202215,"type":"vine_ground_small"}
{"ctxid":0,"pos":[-832.395447,771.335815,191.644165],"rotationMatrix":[-0.514762223,-0.857333064,0,0.857333064,-0.514762223,0,0,0,1],"scale":0.864869952,"type":"vine_ground_small"}
{"ctxid":0,"pos":[-832.894287,770.334961,191.644165],"rotationMatrix":[-0.392390996,-0.919798613,0,0.919798613,-0.392390996,0,0,0,1],"scale":0.996101439,"type":"vine_ground_small"}
{"ctxid":0,"pos":[-833.669067,766.977478,191.612488],"rotationMatrix":[0.753583908,-0.657351613,0,0.657351613,0.753583908,0,0,0,1],"scale":0.831950903,"type":"vine_ground_small"}
{"ctxid":0,"pos":[-832.766357,767.122009,191.610321],"rotationMatrix":[0.598190188,-0.80135411,0,0.80135411,0.598190188,0,0,0,1],"scale":0.904655933,"type":"vine_ground_small"}
{"ctxid":0,"pos":[-832.934937,766.565125,191.624283],"rotationMatrix":[0.982114851,-0.188282669,0,0.188282669,0.982114851,0,0,0,1],"scale":0.868132949,"type":"vine_ground_small"}
{"ctxid":0,"pos":[-833.355103,770.228149,191.591492],"rotationMatrix":[0.0815530568,-0.996668935,0,0.996668935,0.0815530568,0,0,0,1],"scale":0.86391449,"type":"vine_ground_small"}
{"ctxid":0,"pos":[-830.35199,768.539795,191.640182],"rotationMatrix":[-0.597911358,-0.801562309,0,0.801562309,-0.597911358,0,0,0,1],"scale":0.846110106,"type":"vine_ground_small"}
{"ctxid":0,"pos":[-829.505127,769.151306,191.600494],"rotationMatrix":[-0.373867393,-0.927482128,0,0.927482128,-0.373867393,0,0,0,1],"scale":0.938973606,"type":"vine_ground_small"}
{"ctxid":0,"pos":[-634.801147,294.719604,129.86145],"rotationMatrix":[-0.906728327,0.421715051,0,-0.421715051,-0.906728327,0,0,0,1],"scale":0.971692681,"type":"vine_ground_small"}
{"ctxid":0,"pos":[-634.479126,292.567078,129.86145],"rotationMatrix":[0.518001497,-0.855379581,0,0.855379581,0.518001497,0,0,0,1],"scale":0.990233123,"type":"vine_ground_small"}
{"ctxid":0,"pos":[-631.642517,292.741455,129.86145],"rotationMatrix":[-0.398702174,0.917080402,0,-0.917080402,-0.398702174,0,0,0,1],"scale":0.908426881,"type":"vine_ground_small"}
{"ctxid":0,"pos":[-631.791443,293.270996,129.86145],"rotationMatrix":[0.646347046,-0.763043523,0,0.763043523,0.646347046,0,0,0,1],"scale":0.918189228,"type":"vine_ground_small"}
{"ctxid":0,"pos":[-632.688782,292.030884,129.86145],"rotationMatrix":[-0.314851254,0.949140966,0,-0.949140966,-0.314851254,0,0,0,1],"scale":0.871642947,"type":"vine_ground_small"}
{"ctxid":0,"pos":[-633.815063,294.485748,129.86145],"rotationMatrix":[0.400851339,-0.91614306,0,0.91614306,0.400851339,0,0,0,1],"scale":0.993938029,"type":"vine_ground_small"}
{"ctxid":0,"pos":[-631.773071,295.565338,129.86145],"rotationMatrix":[0.85007298,0.526664972,0,-0.526664972,0.85007298,0,0,0,1],"scale":0.842791319,"type":"vine_ground_small"}
{"ctxid":0,"pos":[-634.161072,292.946411,129.86145],"rotationMatrix":[0.852586865,0.522585273,0,-0.522585273,0.852586865,0,0,0,1],"scale":0.853223562,"type":"vine_ground_small"}
{"ctxid":0,"pos":[-644.497131,364.279816,137.66568],"rotationMatrix":[-0.152273417,0.987969398,-0.027000539,-0.973553896,-0.154647112,-0.168156832,-0.170309395,0.00068064034,0.985390425],"scale":0.87838912,"type":"vine_ground_small"}
{"ctxid":0,"pos":[-644.406189,367.807373,137.67894],"rotationMatrix":[-0.156096935,0.987354159,-0.0276606083,-0.972948074,-0.158527374,-0.168049484,-0.17030935,0.000680282712,0.985390425],"scale":0.808790505,"type":"vine_ground_small"}
{"ctxid":0,"pos":[-644.625854,370.614777,137.639038],"rotationMatrix":[0.522442043,0.847942352,0.089710556,-0.835493207,0.530087948,-0.144767955,-0.170309365,0.000680282712,0.985390425],"scale":0.967478871,"type":"vine_ground_small"}
{"ctxid":0,"pos":[-644.565796,365.133911,137.653198],"rotationMatrix":[-0.0849744081,0.996264458,-0.015374653,-0.981719851,-0.0863513947,-0.169615358,-0.170309395,0.000680632889,0.985390425],"scale":0.864904702,"type":"vine_ground_small"}
{"ctxid":0,"pos":[-639.908142,362.760742,129.86145],"rotationMatrix":[0.680757642,-0.732508719,0,0.732508719,0.680757642,0,0,0,1],"scale":0.870559692,"type":"vine_ground_small"}
{"ctxid":0,"pos":[-635.065979,359.555786,139.319092],"rotationMatrix":[0.186010003,0.981434762,0.0467528254,-0.967935741,0.191211879,-0.162905663,-0.168821007,-0.0149516687,0.985533297],"scale":0.833475649,"type":"vine_ground_small"}
{"ctxid":0,"pos":[-644.198486,355.118469,137.735794],"rotationMatrix":[-0.891638637,-0.424681216,-0.1569269,0.4181225,-0.90534246,0.0743515342,-0.173648328,0.000680036843,0.984807491],"scale":0.864013672,"type":"vine_ground_small"}
{"ctxid":0,"pos":[-638.975281,353.398956,138.631653],"rotationMatrix":[0.309665918,0.949516416,0.0502544157,-0.936904311,0.313716471,-0.154246837,-0.162225544,0.000681377947,0.986753464],"scale":0.929145694,"type":"vine_ground_small"}
{"ctxid":0,"pos":[-646.639404,339.496948,137.31459],"rotationMatrix":[0.917983234,-0.362591654,0.160729662,0.357284158,0.931947887,0.0618158877,-0.172205582,0.000680213794,0.985060811],"scale":0.920540571,"type":"vine_ground_small"}
{"ctxid":0,"pos":[-638.92926,351.889893,138.640259],"rotationMatrix":[0.525725007,-0.84619236,0.0870152488,0.835042477,0.532877088,0.136915818,-0.162225544,0.000681385398,0.986753464],"scale":0.818214715,"type":"vine_ground_small"}
{"ctxid":0,"pos":[-640.518066,353.740448,138.377792],"rotationMatrix":[-0.221991897,-0.97439003,-0.0358233824,0.961458325,-0.224862695,0.158222228,-0.162225544,0.000681377947,0.986753464],"scale":0.816512048,"type":"vine_ground_small"}
{"ctxid":0,"pos":[-645.122437,354.990601,137.572968],"rotationMatrix":[-0.377439857,0.923593044,-0.0671907067,-0.909607053,-0.383373141,-0.160123736,-0.173648313,0.000680036843,0.984807491],"scale":0.907320559,"type":"vine_ground_small"}
{"ctxid":0,"pos":[-632.596802,319.789276,139.859055],"rotationMatrix":[-0.0668658018,0.997687161,-0.0122019872,-0.98326844,-0.0679664612,-0.169007093,-0.169445574,0.000696994364,0.985539317],"scale":0.871272922,"type":"vine_ground_small"}
{"ctxid":0,"pos":[-634.102966,317.94342,139.585526],"rotationMatrix":[0.693953753,0.710149348,0.11881052,-0.699797332,0.70405066,-0.120815374,-0.169445589,0.000696994364,0.985539317],"scale":0.849386096,"type":"vine_ground_small"}
{"ctxid":0,"pos":[-635.73877,320.304016,139.265579],"rotationMatrix":[-0.687941551,0.71631813,-0.11672207,-0.706043839,-0.69777298,-0.120889589,-0.168040961,-0.000754099339,0.985779703],"scale":0.928740382,"type":"vine_ground_small"}
{"ctxid":0,"pos":[-627.024597,315.330872,140.137207],"rotationMatrix":[-0.986483216,-0.0419437736,0.15840055,0.0406664088,-0.999108553,-0.0112982662,0.158733293,-0.00470397156,0.98731029],"scale":0.89600718,"type":"vine_ground_small"}
{"ctxid":0,"pos":[-631.138916,314.257599,140.082535],"rotationMatrix":[-0.927648783,0.34083724,-0.15263553,-0.336432636,-0.940122008,-0.0546221733,-0.162113294,0.000681381673,0.986771941],"scale":0.901945949,"type":"vine_ground_small"}
{"ctxid":0,"pos":[-651.670471,372.851746,129.86145],"rotationMatrix":[-0.835864067,-0.548936248,0,0.548936248,-0.835864067,0,0,0,1],"scale":0.868102551,"type":"vine_ground_small"}
{"ctxid":0,"pos":[-652.047974,372.82074,129.86145],"rotationMatrix":[0.999503493,-0.0315090828,0,0.0315090828,0.999503493,0,0,0,1],"scale":0.825038671,"type":"vine_ground_small"}
{"ctxid":0,"pos":[-650.108643,374.367126,129.86145],"rotationMatrix":[-0.966997385,0.25478524,0,-0.25478524,-0.966997385,0,0,0,1],"scale":0.876597643,"type":"vine_ground_small"}
{"ctxid":0,"pos":[-651.490417,372.183105,129.86145],"rotationMatrix":[0.227483034,-0.973781884,0,0.973781884,0.227483034,0,0,0,1],"scale":0.889702678,"type":"vine_ground_small"}
{"ctxid":0,"pos":[-652.268982,373.634857,129.86145],"rotationMatrix":[0.84722358,0.53123647,0,-0.53123647,0.84722358,0,0,0,1],"scale":0.859085083,"type":"vine_ground_small"}
{"ctxid":0,"pos":[-687.075134,405.007874,136.411621],"rotationMatrix":[-0.618572235,-0.785727859,0,0.785727859,-0.618572235,0,0,0,1],"scale":0.922672629,"type":"vine_ground_small"}
{"ctxid":0,"pos":[-689.06073,403.842865,135.667877],"rotationMatrix":[0.241561949,-0.966547728,0.0862153396,0.910306215,0.256486416,0.324895591,-0.336140186,0,0.941811979],"scale":0.85365653,"type":"vine_ground_small"}
{"ctxid":0,"pos":[-702.450317,448.573242,137.554611],"rotationMatrix":[0.991771877,-0.124788925,-0.0285712481,0.127792671,0.978289366,0.163153097,0.00759124476,-0.165461853,0.986186981],"scale":0.834190905,"type":"vine_ground_small"}
{"ctxid":0,"pos":[-701.865723,453.752411,137.695206],"rotationMatrix":[0.00258487463,-0.988538742,0.150943547,0.999995589,0.00275319815,0.000906348228,-0.00131150335,0.150940582,0.988541961],"scale":0.919771671,"type":"vine_ground_small"}
{"ctxid":0,"pos":[-723.13678,455.753601,137.29985],"rotationMatrix":[0.876093149,0.476032823,-0.0765085816,-0.482127041,0.863720536,-0.14676632,-0.00378355011,0.165467814,0.986207902],"scale":0.941408932,"type":"vine_ground_small"}
{"ctxid":0,"pos":[-734.97229,447.297241,137.334595],"rotationMatrix":[0.239266992,-0.960241735,-0.143829077,0.970885098,0.234850705,0.0471901111,-0.0115355924,-0.150932565,0.988476753],"scale":0.919736743,"type":"vine_ground_small"}
{"ctxid":0,"pos":[-720.975403,420.681183,137.201569],"rotationMatrix":[-0.823353887,0.558710575,0.099652946,-0.567526579,-0.810980082,-0.142213821,0.00136020035,-0.173648,0.984806836],"scale":0.866318941,"type":"vine_ground_small"}
{"ctxid":0,"pos":[-713.060059,413.881989,129.86145],"rotationMatrix":[-0.815263391,-0.579090416,0,0.579090416,-0.815263391,0,0,0,1],"scale":0.98264271,"type":"vine_ground_small"}
{"ctxid":0,"pos":[-729.980591,412.352722,129.86145],"rotationMatrix":[0.949704528,-0.313147247,0,0.313147247,0.949704528,0,0,0,1],"scale":0.905664682,"type":"vine_ground_small"}
{"ctxid":0,"pos":[-671.249146,386.226959,129.86145],"rotationMatrix":[-0.753308713,0.6576671,0,-0.6576671,-0.753308713,0,0,0,1],"scale":0.810605049,"type":"vine_ground_small"}
{"ctxid":0,"pos":[-673.399536,385.224121,129.86145],"rotationMatrix":[-0.936536908,0.350568891,0,-0.350568891,-0.936536908,0,0,0,1],"scale":0.846500516,"type":"vine_ground_small"}
{"ctxid":0,"pos":[-672.800049,388.584625,129.86145],"rotationMatrix":[-0.140131578,0.990132928,0,-0.990132928,-0.140131578,0,0,0,1],"scale":0.955327868,"type":"vine_ground_small"}
{"ctxid":0,"pos":[-687.108093,377.569946,129.86145],"rotationMatrix":[-0.633400381,-0.773824334,0,0.773824334,-0.633400381,0,0,0,1],"scale":0.880944073,"type":"vine_ground_small"}
{"ctxid":0,"pos":[-688.946655,374.120422,129.86145],"rotationMatrix":[0.503825724,0.863805413,0,-0.863805413,0.503825724,0,0,0,1],"scale":0.944333315,"type":"vine_ground_small"}
{"ctxid":0,"pos":[-688.33844,375.387146,129.86145],"rotationMatrix":[-0.716732919,0.69734782,0,-0.69734782,-0.716732919,0,0,0,1],"scale":0.818815887,"type":"vine_ground_small"}
{"ctxid":0,"pos":[-689.590942,377.101013,129.86145],"rotationMatrix":[0.909714758,-0.415233612,0,0.415233612,0.909714758,0,0,0,1],"scale":0.852273822,"type":"vine_ground_small"}
{"ctxid":0,"pos":[-671.100769,386.697205,129.86145],"rotationMatrix":[0.584614694,0.811311126,0,-0.811311126,0.584614694,0,0,0,1],"scale":0.822173953,"type":"vine_ground_small"}
{"ctxid":0,"pos":[-670.084595,395.44989,129.86145],"rotationMatrix":[0.89669776,0.442643493,0,-0.442643493,0.89669776,0,0,0,1],"scale":0.99782747,"type":"vine_ground_small"}
{"ctxid":0,"pos":[-667.713989,397.429077,129.86145],"rotationMatrix":[-0.0291321464,-0.999575615,0,0.999575615,-0.0291321464,0,0,0,1],"scale":0.848893166,"type":"vine_ground_small"}
{"ctxid":0,"pos":[-648.815125,161.73671,129.86145],"rotationMatrix":[0.0722276419,0.997388124,0,-0.997388124,0.0722276419,0,0,0,1],"scale":0.91772598,"type":"vine_ground_small"}
{"ctxid":0,"pos":[-647.881592,160.195312,129.86145],"rotationMatrix":[0.822190821,0.569212079,0,-0.569212079,0.822190821,0,0,0,1],"scale":0.967570245,"type":"vine_ground_small"}
{"ctxid":0,"pos":[-649.518677,174.164963,129.86145],"rotationMatrix":[-0.967086315,-0.254448742,0,0.254448742,-0.967086315,0,0,0,1],"scale":0.896470904,"type":"vine_ground_small"}
{"ctxid":0,"pos":[-649.024414,176.373657,129.86145],"rotationMatrix":[-0.178036481,-0.984023929,0,0.984023929,-0.178036481,0,0,0,1],"scale":0.936210871,"type":"vine_ground_small"}
{"ctxid":0,"pos":[-667.983093,162.687195,132.441269],"rotationMatrix":[-0.973850012,-0.227192044,0,0.227192044,-0.973850012,0,0,0,1],"scale":0.97479111,"type":"vine_ground_small"}
{"ctxid":0,"pos":[-648.893005,132.848755,129.865616],"rotationMatrix":[0.29932788,0.954150379,0,-0.954150379,0.29932788,0,0,0,1],"scale":0.968763769,"type":"vine_ground_small"}
{"ctxid":0,"pos":[-600.964172,273.079224,129.86145],"rotationMatrix":[0.999021113,0.0442344435,0,-0.0442344435,0.999021113,0,0,0,1],"scale":0.833421052,"type":"vine_ground_small"}
{"ctxid":0,"pos":[-598.269775,268.693085,129.86145],"rotationMatrix":[-0.891973138,-0.452088296,0,0.452088296,-0.891973138,0,0,0,1],"scale":0.871117413,"type":"vine_ground_small"}
{"ctxid":0,"pos":[-601.736572,270.682556,129.86145],"rotationMatrix":[0.924232721,-0.381829649,0,0.381829649,0.924232721,0,0,0,1],"scale":0.809200287,"type":"vine_ground_small"}
{"ctxid":0,"pos":[-598.845215,270.65863,129.86145],"rotationMatrix":[-0.59410274,0.80438906,0,-0.80438906,-0.59410274,0,0,0,1],"scale":0.955907345,"type":"vine_ground_small"}
{"ctxid":0,"pos":[-596.236267,246.347748,130.694794],"rotationMatrix":[0.997009754,-0.0772747546,0,0.0772747546,0.997009754,0,0,0,1],"scale":0.887162805,"type":"vine_ground_small"}
{"ctxid":0,"pos":[-597.249146,243.120453,129.86145],"rotationMatrix":[-0.476124942,-0.879377544,0,0.879377544,-0.476124942,0,0,0,1],"scale":0.912495971,"type":"vine_ground_small"}
{"ctxid":0,"pos":[-627.882385,163.317566,129.86145],"rotationMatrix":[0.420843512,0.907133341,0,-0.907133341,0.420843512,0,0,0,1],"scale":0.852949381,"type":"vine_ground_small"}
{"ctxid":0,"pos":[-626.241516,165.537598,129.86145],"rotationMatrix":[0.770240486,0.637753725,0,-0.637753725,0.770240486,0,0,0,1],"scale":0.894456983,"type":"vine_ground_small"}
{"ctxid":0,"pos":[-627.178284,166.671753,129.86145],"rotationMatrix":[0.996249318,0.0865285099,0,-0.0865285099,0.996249318,0,0,0,1],"scale":0.805789232,"type":"vine_ground_small"}
{"ctxid":0,"pos":[-637.69751,158.937851,129.86145],"rotationMatrix":[0.999814451,-0.0192608964,0,0.0192608964,0.999814451,0,0,0,1],"scale":0.875115812,"type":"vine_ground_small"}
{"ctxid":0,"pos":[-637.727844,158.117752,129.86145],"rotationMatrix":[0.992064178,0.125732377,0,-0.125732377,0.992064178,0,0,0,1],"scale":0.937816858,"type":"vine_ground_small"}
{"ctxid":0,"pos":[-592.926636,213.820465,129.86145],"rotationMatrix":[0.102558598,-0.994726896,0,0.994726896,0.102558598,0,0,0,1],"scale":0.837137997,"type":"vine_ground_small"}
{"ctxid":0,"pos":[-592.677612,214.22554,129.86145],"rotationMatrix":[0.870123982,0.492832929,0,-0.492832929,0.870123982,0,0,0,1],"scale":0.940386176,"type":"vine_ground_small"}
{"ctxid":0,"pos":[-590.269653,216.316162,129.86145],"rotationMatrix":[-0.465720624,-0.884931862,0,0.884931862,-0.465720624,0,0,0,1],"scale":0.848619223,"type":"vine_ground_small"}
{"ctxid":0,"pos":[-675.434143,295.127075,129.86145],"rotationMatrix":[0.562629461,0.82670927,0,-0.82670927,0.562629461,0,0,0,1],"scale":0.920025587,"type":"vine_ground_small"}
{"ctxid":0,"pos":[-671.785889,293.58432,129.912262],"rotationMatrix":[0.864693344,0.502300203,0,-0.502300203,0.864693344,0,0,0,1],"scale":0.950637162,"type":"vine_ground_small"}
{"ctxid":0,"pos":[-665.36676,297.034607,129.853424],"rotationMatrix":[0.761188924,-0.648530245,0,0.648530245,0.761188924,0,0,0,1],"scale":0.814012051,"type":"vine_ground_small"}
{"ctxid":0,"pos":[117.627922,553.95343,160.240891],"rotationMatrix":[0.277395785,-0.960755765,0,0.960755765,0.277395785,0,0,0,1],"scale":0.802802801,"type":"vine_ground_small"}
{"ctxid":1,"pos":[-833.421387,-740.613892,162.048721],"rotationMatrix":[-0.999920547,-0.0125959469,0,0.0125959469,-0.999920547,0,0,0,0.999999881],"scale":0.967765808,"type":"vine_ground_small"}
