{"ctxid":0,"pos":[791.740906,905.546326,155.185181],"rotationMatrix":[-0.986500978,-0.163755491,0,0.163755491,-0.986500978,0,0,0,1],"scale":0.993581712,"type":"vine_ground_medium"}
{"ctxid":0,"pos":[795.677368,907.372192,155.324417],"rotationMatrix":[-0.729747653,-0.683716595,0,0.683716595,-0.729747653,0,0,0,1],"scale":0.976608872,"type":"vine_ground_medium"}
{"ctxid":0,"pos":[793.465393,937.538025,148.098755],"rotationMatrix":[0.785144448,0.619312704,0,-0.619312704,0.785144448,0,0,0,1],"scale":0.944656968,"type":"vine_ground_medium"}
{"ctxid":0,"pos":[776.320801,919.14624,152.539307],"rotationMatrix":[0.278918952,-0.960314631,0,0.960314631,0.278918952,0,0,0,1],"scale":0.907183886,"type":"vine_ground_medium"}
{"ctxid":0,"pos":[775.812195,904.392822,156.434601],"rotationMatrix":[-0.995059907,-0.0992765725,0,0.0992765725,-0.995059907,0,0,0,1],"scale":0.857504725,"type":"vine_ground_medium"}
{"ctxid":0,"pos":[779.365417,903.996338,156.434601],"rotationMatrix":[-0.864762366,-0.502181292,0,0.502181292,-0.864762366,0,0,0,1],"scale":0.896841168,"type":"vine_ground_medium"}
{"ctxid":0,"pos":[780.593201,904.050171,156.434601],"rotationMatrix":[0.619606018,-0.784913003,0,0.784913003,0.619606018,0,0,0,1],"scale":0.940788507,"type":"vine_ground_medium"}
{"ctxid":0,"pos":[777.315979,903.698181,156.434601],"rotationMatrix":[-0.760043085,-0.64987272,0,0.64987272,-0.760043085,0,0,0,1],"scale":0.83187902,"type":"vine_ground_medium"}
{"ctxid":0,"pos":[777.536682,904.89386,156.434601],"rotationMatrix":[-0.954218924,0.299109161,0,-0.299109161,-0.954218924,0,0,0,1],"scale":0.900704861,"type":"vine_ground_medium"}
{"ctxid":0,"pos":[780.606018,903.079956,156.434601],"rotationMatrix":[0.892688811,-0.45067358,0,0.45067358,0.892688811,0,0,0,1],"scale":0.881450057,"type":"vine_ground_medium"}
{"ctxid":0,"pos":[778.282776,904.823792,156.434601],"rotationMatrix":[-0.00640523434,-0.999979496,0,0.999979496,-0.00640523434,0,0,0,1],"scale":0.975485444,"type":"vine_ground_medium"}
{"ctxid":0,"pos":[777.760437,900.614563,156.434601],"rotationMatrix":[0.181195736,-0.983447075,0,0.983447075,0.181195736,0,0,0,1],"scale":0.821231961,"type":"vine_ground_medium"}
{"ctxid":0,"pos":[807.502747,916.04303,156.434601],"rotationMatrix":[-0.765968263,-0.642878413,0,0.642878413,-0.765968263,0,0,0,1],"scale":0.986108124,"type":"vine_ground_medium"}
{"ctxid":0,"pos":[807.780762,917.100952,157.435516],"rotationMatrix":[-0.903746486,0.428068101,0,-0.428068101,-0.903746486,0,0,0,1],"scale":0.985290289,"type":"vine_ground_medium"}
{"ctxid":0,"pos":[808.001648,939.927246,149.260956],"rotationMatrix":[0.509331763,0.860570252,0,-0.860570252,0.509331763,0,0,0,1],"scale":0.989424884,"type":"vine_ground_medium"}
{"ctxid":0,"pos":[808.794983,942.039978,148.807495],"rotationMatrix":[0.40562126,-0.914041221,0,0.914041221,0.40562126,0,0,0,1],"scale":0.832405686,"type":"vine_ground_medium"}
{"ctxid":0,"pos":[799.948242,935.391479,148.807495],"rotationMatrix":[0.734543979,-0.678561091,0,0.678561091,0.734543979,0,0,0,1],"scale":0.813178182,"type":"vine_ground_medium"}
{"ctxid":0,"pos":[801.483337,935.531677,148.80751],"rotationMatrix":[-0.980912089,0.1944516,0,-0.1944516,-0.980912089,0,0,0,1],"scale":0.983872473,"type":"vine_ground_medium"}
{"ctxid":0,"pos":[796.593567,938.003845,148.098755],"rotationMatrix":[-0.890383601,-0.455211014,0,0.455211014,-0.890383601,0,0,0,1],"scale":0.93857789,"type":"vine_ground_medium"}
{"ctxid":0,"pos":[797.741577,940.545166,148.807495],"rotationMatrix":[0.911339939,-0.411654681,0,0.411654681,0.911339939,0,0,0,1],"scale":0.942432463,"type":"vine_ground_medium"}
{"ctxid":0,"pos":[242.155975,687.428589,142.132523],"rotationMatrix":[-0.88296473,-0.469439358,0,0.469439358,-0.88296473,0,0,0,1],"scale":0.816033006,"type":"vine_ground_medium"}
{"ctxid":0,"pos":[242.61705,688.575073,142.080627],"rotationMatrix":[-0.614101708,0.78922689,0,-0.78922689,-0.614101708,0,0,0,1],"scale":0.83915782,"type":"vine_ground_medium"}
{"ctxid":0,"pos":[250.776474,671.328796,143.482056],"rotationMatrix":[0.343245476,-0.93924576,0,0.93924576,0.343245476,0,0,0,1],"scale":0.861764669,"type":"vine_ground_medium"}
{"ctxid":0,"pos":[253.002167,670.617676,142.138275],"rotationMatrix":[0.712914348,0.701251149,0,-0.701251149,0.712914348,0,0,0,1],"scale":0.93652463,"type":"vine_ground_medium"}
{"ctxid":0,"pos":[251.531189,672.00647,142.120529],"rotationMatrix":[0.868405521,0.495854616,0,-0.495854616,0.868405521,0,0,0,1],"scale":0.894547045,"type":"vine_ground_medium"}
{"ctxid":0,"pos":[250.67598,670.436646,142.072433],"rotationMatrix":[-0.686174214,-0.727437198,0,0.727437198,-0.686174214,0,0,0,1],"scale":0.860651135,"type":"vine_ground_medium"}
{"ctxid":0,"pos":[251.818054,671.329529,142.112106],"rotationMatrix":[-0.0255199261,0.99967432,0,-0.99967432,-0.0255199261,0,0,0,1],"scale":0.805444479,"type":"vine_ground_medium"}
{"ctxid":0,"pos":[44.0667,527.135315,157.998657],"rotationMatrix":[-0.686827183,0.726820767,0,-0.726820767,-0.686827183,0,0,0,1],"scale":0.890813708,"type":"vine_ground_medium"}
{"ctxid":0,"pos":[42.4736099,528.09552,157.998657],"rotationMatrix":[-0.999670982,0.0256499201,0,-0.0256499201,-0.999670982,0,0,0,1],"scale":0.802758694,"type":"vine_ground_medium"}
{"ctxid":0,"pos":[37.3921967,524.802368,157.998657],"rotationMatrix":[-0.998207569,0.0598471835,0,-0.0598471835,-0.998207569,0,0,0,1],"scale":0.96572268,"type":"vine_ground_medium"}
{"ctxid":0,"pos":[36.1158562,550.977051,157.998657],"rotationMatrix":[0.534920812,0.844902217,0,-0.844902217,0.534920812,0,0,0,1],"scale":0.865824997,"type":"vine_ground_medium"}
{"ctxid":0,"pos":[37.8224754,554.089294,157.998657],"rotationMatrix":[0.815688193,-0.578491807,0,0.578491807,0.815688193,0,0,0,1],"scale":0.963828325,"type":"vine_ground_medium"}
{"ctxid":0,"pos":[33.7390251,555.579346,157.998657],"rotationMatrix":[0.714280248,0.699859738,0,-0.699859738,0.714280248,0,0,0,1],"scale":0.948181152,"type":"vine_ground_medium"}
{"ctxid":0,"pos":[31.5511818,552.462158,157.998657],"rotationMatrix":[0.897914708,0.440169543,0,-0.440169543,0.897914708,0,0,0,1],"scale":0.93513149,"type":"vine_ground_medium"}
{"ctxid":0,"pos":[34.469944,552.124878,157.998657],"rotationMatrix":[0.974138319,0.225952625,0,-0.225952625,0.974138319,0,0,0,1],"scale":0.988706529,"type":"vine_ground_medium"}
{"ctxid":0,"pos":[12.0928783,557.385803,157.998657],"rotationMatrix":[0.997317076,0.0732026994,0,-0.0732026994,0.997317076,0,0,0,1],"scale":0.961267531,"type":"vine_ground_medium"}
{"ctxid":0,"pos":[13.9950161,558.608337,157.998657],"rotationMatrix":[0.160743266,-0.986996233,0,0.986996233,0.160743266,0,0,0,1],"scale":0.813522935,"type":"vine_ground_medium"}
{"ctxid":0,"pos":[9.37364769,559.269836,158.019287],"rotationMatrix":[0.918381274,-0.3956967,0,0.3956967,0.918381274,0,0,0,1],"scale":0.94258213,"type":"vine_ground_medium"}
{"ctxid":0,"pos":[10.915576,562.453064,157.993103],"rotationMatrix":[0.678797901,-0.734325171,0,0.734325171,0.678797901,0,0,0,1],"scale":0.982930839,"type":"vine_ground_medium"}
{"ctxid":0,"pos":[15.1114464,562.454712,157.928833],"rotationMatrix":[-0.161592737,0.986857533,0,-0.986857533,-0.161592737,0,0,0,1],"scale":0.999985397,"type":"vine_ground_medium"}
{"ctxid":0,"pos":[11.4756889,560.27002,158.00119],"rotationMatrix":[-0.521067679,0.853515327,0,-0.853515327,-0.521067679,0,0,0,1],"scale":0.98737824,"type":"vine_ground_medium"}
{"ctxid":0,"pos":[13.2845535,561.867065,157.975082],"rotationMatrix":[-0.598071992,0.801442385,0,-0.801442385,-0.598071992,0,0,0,1],"scale":0.906440973,"type":"vine_ground_medium"}
{"ctxid":0,"pos":[5.80117893,530.18512,157.998657],"rotationMatrix":[-0.999097526,0.0424744487,0,-0.0424744487,-0.999097526,0,0,0,1],"scale":0.873141527,"type":"vine_ground_medium"}
{"ctxid":0,"pos":[8.30860138,534.422119,157.998657],"rotationMatrix":[0.996092319,-0.0883184373,0,0.0883184373,0.996092319,0,0,0,1],"scale":0.970823765,"type":"vine_ground_medium"}
{"ctxid":0,"pos":[443.747498,-191.643768,163.574768],"rotationMatrix":[0.169239193,0.98557502,0,-0.98557502,0.169239193,0,0,0,1],"scale":0.856690943,"type":"vine_ground_medium"}
{"ctxid":0,"pos":[447.412903,-193.820541,160.367706],"rotationMatrix":[0.995020568,-0.0996698737,0,0.0996698737,0.995020568,0,0,0,1],"scale":0.868604124,"type":"vine_ground_medium"}
{"ctxid":0,"pos":[451.365143,-188.769287,160.367722],"rotationMatrix":[-0.455406547,-0.890283585,0,0.890283585,-0.455406547,0,0,0,1],"scale":0.923394799,"type":"vine_ground_medium"}
{"ctxid":0,"pos":[319.882874,-184.8349,160.288727],"rotationMatrix":[0.508248508,-0.861210465,0,0.861210465,0.508248508,0,0,0,1],"scale":0.985829473,"type":"vine_ground_medium"}
{"ctxid":0,"pos":[252.357834,-762.457336,134.919327],"rotationMatrix":[-0.28039518,-0.959884584,0,0.959884584,-0.28039518,0,0,0,1],"scale":0.968510866,"type":"vine_ground_medium"}
{"ctxid":0,"pos":[252.043549,-760.351929,134.439163],"rotationMatrix":[-0.239431381,-0.970913291,0,0.970913291,-0.239431381,0,0,0,1],"scale":0.910787225,"type":"vine_ground_medium"}
{"ctxid":0,"pos":[-34.4303894,-528.006714,131.371597],"rotationMatrix":[0.393343687,-0.919391453,0,0.919391453,0.393343687,0,0,0,1],"scale":0.800499976,"type":"vine_ground_medium"}
{"ctxid":0,"pos":[405.242035,-343.201324,124.905228],"rotationMatrix":[-0.386208415,-0.911947489,-0.138543934,0.918243289,-0.394364119,0.0361340195,-0.0875891224,-0.113261804,0.98969686],"scale":0.837981105,"type":"vine_ground_medium"}
{"ctxid":0,"pos":[406.56308,-340.421661,125.444977],"rotationMatrix":[0.589555442,-0.807454288,0.0210230611,0.807030857,0.58992815,0.0261913296,-0.0335503966,0.00152501836,0.999435842],"scale":0.820492983,"type":"vine_ground_medium"}
{"ctxid":0,"pos":[410.998077,-345.252747,125.85865],"rotationMatrix":[-0.588734388,0.807060003,-0.0452273041,-0.787133217,-0.585128784,-0.195051908,-0.18388243,-0.0792338848,0.97974956],"scale":0.895591497,"type":"vine_ground_medium"}
{"ctxid":0,"pos":[408.483795,-339.081299,125.521317],"rotationMatrix":[0.986685872,0.150338069,0.0620443486,-0.146120444,0.986947179,-0.0677057654,-0.0714132488,0.0577383749,0.995774269],"scale":0.830031753,"type":"vine_ground_medium"}
{"ctxid":0,"pos":[410.706116,-340.55777,125.98481],"rotationMatrix":[-0.592704058,-0.805111527,0.022295516,0.799410582,-0.584680915,0.138169289,-0.0982059389,0.09971679,0.990157664],"scale":0.833634138,"type":"vine_ground_medium"}
{"ctxid":0,"pos":[409.632477,-344.956543,125.553947],"rotationMatrix":[0.530502617,0.828736246,0.178222299,-0.825897276,0.552675009,-0.111552477,-0.190946579,-0.0880144387,0.977646589],"scale":0.899438858,"type":"vine_ground_medium"}
{"ctxid":0,"pos":[410.886841,-342.84021,126.284561],"rotationMatrix":[-0.989213705,0.0898599029,-0.11567691,-0.0885431767,-0.995935798,-0.0164818857,-0.116687849,-0.00606170716,0.993150115],"scale":0.858818829,"type":"vine_ground_medium"}
{"ctxid":0,"pos":[409.457092,-340.748077,125.762657],"rotationMatrix":[0.336621642,0.940363944,-0.0490044951,-0.934809029,0.327469766,-0.137460828,-0.11321573,0.0920821279,0.989294231],"scale":0.871186912,"type":"vine_ground_medium"}
{"ctxid":0,"pos":[411.661346,-341.609375,126.286926],"rotationMatrix":[-0.692939043,0.71985656,-0.0405180976,-0.720981419,-0.692186356,0.0326101631,-0.0045714397,0.0518096611,0.998646498],"scale":0.92122221,"type":"vine_ground_medium"}
{"ctxid":0,"pos":[410.950684,-341.875854,126.287689],"rotationMatrix":[0.930386484,0.361236662,0.0623620637,-0.351884991,0.927755952,-0.124281377,-0.102751777,0.0936854333,0.990285397],"scale":0.814875305,"type":"vine_ground_medium"}
{"ctxid":0,"pos":[407.745605,-345.542908,124.87735],"rotationMatrix":[-0.972385406,0.215283319,-0.0901091993,-0.201721147,-0.969473004,-0.139393851,-0.11736761,-0.117367618,0.986128628],"scale":0.823291779,"type":"vine_ground_medium"}
{"ctxid":0,"pos":[412.109711,-342.2229,126.358017],"rotationMatrix":[0.581550777,-0.81163156,0.0552521423,0.812994838,0.582257211,-0.00397196785,-0.028947182,0.0472296141,0.998464525],"scale":0.888906777,"type":"vine_ground_medium"}
{"ctxid":0,"pos":[404.893677,-342.171356,125.051788],"rotationMatrix":[-0.673985124,0.738621116,0.013511043,-0.7336936,-0.667129755,-0.128962472,-0.0862407982,-0.0968317688,0.991557419],"scale":0.997344673,"type":"vine_ground_medium"}
{"ctxid":0,"pos":[407.617188,-344.082336,125.157166],"rotationMatrix":[-0.935084105,0.346933842,-0.0724863932,-0.333889067,-0.93088901,-0.148200691,-0.118892632,-0.114377715,0.98629725],"scale":0.960429609,"type":"vine_ground_medium"}
{"ctxid":0,"pos":[407.754425,-341.276917,125.586655],"rotationMatrix":[0.985991955,0.158502102,0.0519320779,-0.158037513,0.98734808,-0.0129598342,-0.0533291958,0.00457107322,0.998566508],"scale":0.875556469,"type":"vine_ground_medium"}
{"ctxid":0,"pos":[406.388153,-344.217407,124.855255],"rotationMatrix":[0.989488125,-0.114144534,0.088793084,0.103384227,0.987668395,0.11757078,-0.101118192,-0.107155092,0.989086926],"scale":0.904025316,"type":"vine_ground_medium"}
{"ctxid":0,"pos":[412.425232,-343.007324,126.459946],"rotationMatrix":[0.764139473,-0.644750953,0.0196758322,0.64373672,0.764173865,0.0405135751,-0.0411569215,-0.018291967,0.998985231],"scale":0.990374684,"type":"vine_ground_medium"}
{"ctxid":0,"pos":[406.918213,-339.398804,125.445511],"rotationMatrix":[-0.982756734,-0.182510927,-0.0296486169,0.18183516,-0.983033538,0.0241039675,-0.0335448235,0.0182971749,0.999269724],"scale":0.856200159,"type":"vine_ground_medium"}
{"ctxid":0,"pos":[405.36499,-340.867798,125.36203],"rotationMatrix":[0.111019015,0.993814886,0.00254919194,-0.993144095,0.11103785,-0.036539454,-0.0365965143,0.00152485445,0.999328971],"scale":0.989582717,"type":"vine_ground_medium"}
{"ctxid":0,"pos":[409.365631,-341.787567,125.897522],"rotationMatrix":[0.321644008,0.946014702,-0.0400140807,-0.936681092,0.311721802,-0.159555435,-0.138468534,0.088800475,0.986377656],"scale":0.98099041,"type":"vine_ground_medium"}
{"ctxid":0,"pos":[412.029144,-344.147583,126.359787],"rotationMatrix":[0.810233235,-0.585365415,-0.0294863209,0.584780216,0.803990543,0.107848555,-0.039424099,-0.104625493,0.993729949],"scale":0.984058022,"type":"vine_ground_medium"}
{"ctxid":0,"pos":[406.376373,-342.347076,125.317993],"rotationMatrix":[-0.730683327,0.682175994,0.0271566417,-0.677659631,-0.719864964,-0.150237754,-0.0829394832,-0.128179207,0.988276839],"scale":0.906905174,"type":"vine_ground_medium"}
{"ctxid":0,"pos":[405.956055,-342.823608,125.123428],"rotationMatrix":[0.775776923,0.613354862,0.148208976,-0.624920905,0.779344916,0.045774702,-0.0874297768,-0.128129855,0.987896144],"scale":0.816335201,"type":"vine_ground_medium"}
{"ctxid":0,"pos":[407.36795,-340.839569,125.517159],"rotationMatrix":[0.678725362,-0.731550217,0.0645450875,0.73133266,0.681296408,0.0314279199,-0.0669654384,0.0258730091,0.997419775],"scale":0.899580359,"type":"vine_ground_medium"}
{"ctxid":0,"pos":[414.580383,-351.03186,125.235596],"rotationMatrix":[-0.182311058,0.976870835,0.111740276,-0.971379101,-0.161345601,-0.174327329,-0.152266487,-0.140324011,0.978327215],"scale":0.802677989,"type":"vine_ground_medium"}
{"ctxid":0,"pos":[414.890839,-349.31076,125.769821],"rotationMatrix":[0.803031862,0.576209307,0.152061075,-0.58624506,0.809652805,0.0279096998,-0.107034855,-0.111557454,0.987976968],"scale":0.804609656,"type":"vine_ground_medium"}
{"ctxid":0,"pos":[416.951538,-347.145752,126.201614],"rotationMatrix":[0.316564798,-0.948052764,-0.0313424617,0.948569536,0.31633842,0.012066667,-0.00152501743,-0.0335503928,0.999435842],"scale":0.866928697,"type":"vine_ground_medium"}
{"ctxid":0,"pos":[417.538483,-346.475525,126.011909],"rotationMatrix":[0.485295236,-0.873862326,0.0292050689,0.868804872,0.478192449,-0.128490418,0.0983173102,0.0877292901,0.991280615],"scale":0.873339891,"type":"vine_ground_medium"}
{"ctxid":0,"pos":[414.54248,-347.98468,126.004761],"rotationMatrix":[0.748601556,-0.662902713,0.0124765784,0.658832431,0.745853245,0.0981971323,-0.0744008496,-0.0652905405,0.995088756],"scale":0.971851826,"type":"vine_ground_medium"}
{"ctxid":0,"pos":[416.206207,-345.865479,126.20961],"rotationMatrix":[0.642030239,-0.766479731,0.0174917337,0.763071418,0.636631906,-0.111453064,0.0742907226,0.0849036798,0.993615746],"scale":0.867109478,"type":"vine_ground_medium"}
{"ctxid":0,"pos":[414.471802,-343.81781,126.34137],"rotationMatrix":[-0.327637553,0.944684744,0.0149647854,-0.941358805,-0.327753425,0.0801300704,0.0806024373,0.012166407,0.996672094],"scale":0.922420025,"type":"vine_ground_medium"}
{"ctxid":0,"pos":[414.816803,-345.677185,126.260666],"rotationMatrix":[-0.997548461,-0.0656107739,-0.0243337862,0.0661330894,-0.997582912,-0.0213191975,-0.0228762031,-0.0228762012,0.999476552],"scale":0.957253098,"type":"vine_ground_medium"}
{"ctxid":0,"pos":[411.857391,-348.298828,125.322487],"rotationMatrix":[0.309253097,-0.943351269,-0.120211065,0.940845847,0.285098672,0.18310532,-0.138460666,-0.169725955,0.975715995],"scale":0.848926902,"type":"vine_ground_medium"}
{"ctxid":0,"pos":[416.340607,-350.996796,125.663437],"rotationMatrix":[-0.554758668,0.831637979,0.0249204785,-0.825082183,-0.546034217,-0.14521046,-0.1071551,-0.1011182,0.989086926],"scale":0.880322695,"type":"vine_ground_medium"}
{"ctxid":0,"pos":[412.384399,-347.016144,125.853745],"rotationMatrix":[0.994021177,-0.0734972954,0.0807465836,0.0595467091,0.984774411,0.163320407,-0.0915207788,-0.157535747,0.983263135],"scale":0.924765944,"type":"vine_ground_medium"}
{"ctxid":0,"pos":[414.337494,-345.284485,126.276321],"rotationMatrix":[-0.999615908,-0.0276512913,0.00170042529,0.0275353305,-0.998427033,-0.0488353558,0.00304811192,-0.0487697907,0.998805404],"scale":0.824228466,"type":"vine_ground_medium"}
{"ctxid":0,"pos":[412.618042,-348.091125,125.618164],"rotationMatrix":[0.527020454,0.820678771,0.220761657,-0.837513268,0.545644403,-0.0290455967,-0.144294471,-0.169583201,0.974895179],"scale":0.957399428,"type":"vine_ground_medium"}
{"ctxid":0,"pos":[411.516052,-349.169434,124.929977],"rotationMatrix":[0.336751461,0.922521591,0.188552916,-0.931288719,0.355864525,-0.0778555572,-0.138922721,-0.149379268,0.978972077],"scale":0.949175775,"type":"vine_ground_medium"}
{"ctxid":0,"pos":[414.982544,-344.216705,126.269081],"rotationMatrix":[0.973253429,0.229610935,-0.00752479397,-0.229713932,0.973080397,-0.0186014045,0.00305114337,0.0198324304,0.999798656],"scale":0.903167248,"type":"vine_ground_medium"}
{"ctxid":0,"pos":[416.900635,-346.506622,126.165787],"rotationMatrix":[0.496021032,0.866961241,-0.0483870283,-0.868224859,0.495983839,-0.0136195123,0.0121915955,0.0487663895,0.998735785],"scale":0.84360683,"type":"vine_ground_medium"}
{"ctxid":0,"pos":[416.676697,-350.305542,125.878159],"rotationMatrix":[0.987743318,-0.136382788,0.0759138018,0.126055241,0.983818352,0.127324492,-0.0920502543,-0.116194576,0.988951743],"scale":0.836957812,"type":"vine_ground_medium"}
{"ctxid":0,"pos":[412.054382,-349.670685,124.925934],"rotationMatrix":[0.977668345,-0.141908675,0.155004904,0.114041597,0.977784753,0.175873652,-0.176519439,-0.154269084,0.972132683],"scale":0.907096684,"type":"vine_ground_medium"}
{"ctxid":0,"pos":[415.809601,-347.491028,126.176147],"rotationMatrix":[-0.898845673,-0.435153604,-0.0521289259,0.43686229,-0.899116874,-0.0271984804,-0.0350344926,-0.0472204089,0.998269916],"scale":0.94211936,"type":"vine_ground_medium"}
{"ctxid":0,"pos":[412.883789,-345.860535,126.177773],"rotationMatrix":[0.555112839,-0.831768334,-0.00332766026,0.826449335,0.551102161,0.115186088,-0.0939742625,-0.066691421,0.993338346],"scale":0.912331462,"type":"vine_ground_medium"}
{"ctxid":0,"pos":[972.514954,-667.008972,128.179749],"rotationMatrix":[-0.0410996675,-0.99903661,-0.0153695159,0.999150217,-0.0411416292,0.00242139166,-0.00305138854,-0.0152569395,0.999878943],"scale":0.863059282,"type":"vine_ground_medium"}
{"ctxid":0,"pos":[967.814697,-664.549072,128.11998],"rotationMatrix":[-0.98580575,0.166435838,0.0220358409,-0.166104972,-0.985976577,0.0160911456,0.0244049691,0.0122024845,0.99962765],"scale":0.976645231,"type":"vine_ground_medium"}
{"ctxid":0,"pos":[973.464111,-687.999023,128.751831],"rotationMatrix":[0.331574857,0.942915022,-0.0311312899,-0.939978898,0.333001852,0.0744932219,0.0806075633,0.00456269085,0.996735454],"scale":0.819160819,"type":"vine_ground_medium"}
{"ctxid":0,"pos":[974.510986,-684.774353,128.58876],"rotationMatrix":[0.989604056,-0.130072862,-0.0613581315,0.128064066,0.991125882,-0.0356247239,0.0654474422,0.0273966007,0.997479856],"scale":0.852460206,"type":"vine_ground_medium"}
{"ctxid":0,"pos":[973.844788,-685.872498,128.714523],"rotationMatrix":[0.0721443295,0.997262836,-0.0161755346,-0.992647409,0.0733718872,0.0962664932,0.0971898437,0.00911154971,0.995224178],"scale":0.949193716,"type":"vine_ground_medium"}
{"ctxid":0,"pos":[754.322021,789.087585,140.321274],"rotationMatrix":[-0.564562798,0.825359464,0.00706915557,-0.806937099,-0.550120115,-0.214987814,-0.173553377,-0.127078563,0.97659111],"scale":0.833385944,"type":"vine_ground_medium"}
{"ctxid":0,"pos":[755.07959,789.454529,140.507935],"rotationMatrix":[0.458757162,-0.887877047,-0.0348728001,0.870599568,0.441285908,0.21753858,-0.177758649,-0.130157635,0.975428522],"scale":0.970841467,"type":"vine_ground_medium"}
{"ctxid":0,"pos":[754.641724,786.833008,140.084717],"rotationMatrix":[-0.919352531,-0.334623128,-0.206924096,0.353085607,-0.933743954,-0.0587550588,-0.173553392,-0.127078563,0.97659111],"scale":0.949264109,"type":"vine_ground_medium"}
{"ctxid":0,"pos":[752.258728,787.799622,139.789307],"rotationMatrix":[0.0469710231,-0.991329193,-0.122718967,0.985357165,0.025824666,0.168535262,-0.163904771,-0.128838271,0.978026569],"scale":0.92159456,"type":"vine_ground_medium"}
{"ctxid":0,"pos":[752.659241,787.387207,139.80452],"rotationMatrix":[0.047596693,-0.991563141,-0.120568275,0.983673394,0.0255574584,0.178137645,-0.173553377,-0.127078548,0.97659117],"scale":0.823000014,"type":"vine_ground_medium"}
{"ctxid":0,"pos":[753.676392,786.261841,139.838837],"rotationMatrix":[-0.435856223,-0.879324436,-0.191879317,0.883124232,-0.458954692,0.0972217545,-0.173553392,-0.127078563,0.97659111],"scale":0.898276448,"type":"vine_ground_medium"}
{"ctxid":0,"pos":[777.800171,802.059448,144.588196],"rotationMatrix":[0.965191662,-0.261531234,0.00254646596,0.26152581,0.965193808,0.00227088225,-0.00305174012,-0.00152586994,0.999994159],"scale":0.832981706,"type":"vine_ground_medium"}
{"ctxid":0,"pos":[-732.436829,805.235168,146.593414],"rotationMatrix":[0.733925223,-0.679230213,0,0.679230213,0.733925223,0,0,0,1],"scale":0.981425405,"type":"vine_ground_medium"}
{"ctxid":0,"pos":[658.275818,45.9378395,132.445816],"rotationMatrix":[-0.886089206,-0.463514656,0,0.463514656,-0.886089206,0,0,0,1],"scale":0.91133225,"type":"vine_ground_medium"}
{"ctxid":0,"pos":[656.280701,44.8835526,132.445816],"rotationMatrix":[-0.52441752,-0.851461172,0,0.851461172,-0.52441752,0,0,0,1],"scale":0.864636302,"type":"vine_ground_medium"}
{"ctxid":0,"pos":[657.505249,42.8084908,136.050812],"rotationMatrix":[-0.127255559,-0.991869986,0,0.991869986,-0.127255559,0,0,0,1],"scale":0.889832437,"type":"vine_ground_medium"}
{"ctxid":0,"pos":[657.166626,40.4936028,139.649887],"rotationMatrix":[-0.97691977,-0.213606387,0,0.213606387,-0.97691977,0,0,0,1],"scale":0.875899374,"type":"vine_ground_medium"}
{"ctxid":0,"pos":[654.788879,36.964241,139.649887],"rotationMatrix":[0.737919807,-0.674888313,0,0.674888313,0.737919807,0,0,0,1],"scale":0.818876565,"type":"vine_ground_medium"}
{"ctxid":0,"pos":[657.89801,43.0542412,139.649887],"rotationMatrix":[0.875220656,-0.483724058,0,0.483724058,0.875220656,0,0,0,1],"scale":0.956941605,"type":"vine_ground_medium"}
{"ctxid":0,"pos":[645.977722,36.7993279,142.300537],"rotationMatrix":[0.844864964,0.534979641,0,-0.534979641,0.844864964,0,0,0,1],"scale":0.840808868,"type":"vine_ground_medium"}
{"ctxid":0,"pos":[631.653809,46.9490433,140.589874],"rotationMatrix":[-0.106090561,0.771550715,-0.627259493,-0.99423182,-0.0723173022,0.0792050883,0.0157490354,0.632044137,0.774772346],"scale":0.943226695,"type":"vine_ground_medium"}
{"ctxid":0,"pos":[656.44696,43.8813362,139.649887],"rotationMatrix":[-0.409834892,-0.912159681,0,0.912159681,-0.409834892,0,0,0,1],"scale":0.84628278,"type":"vine_ground_medium"}
{"ctxid":0,"pos":[643.379395,53.1311188,139.649872],"rotationMatrix":[0.120575204,-0.992704153,0,0.992704153,0.120575204,0,0,0,1],"scale":0.924990535,"type":"vine_ground_medium"}
{"ctxid":0,"pos":[634.15918,39.7235985,143.265671],"rotationMatrix":[0.97744298,0.211199045,0,-0.211199045,0.97744298,0,0,0,1],"scale":0.861764491,"type":"vine_ground_medium"}
{"ctxid":0,"pos":[630.168762,52.0109596,143.265671],"rotationMatrix":[0.0759094208,-0.997114718,0,0.997114718,0.0759094208,0,0,0,1],"scale":0.944216728,"type":"vine_ground_medium"}
{"ctxid":0,"pos":[620.498657,51.2087936,139.589554],"rotationMatrix":[0.0306434613,0.00146571384,0.999529302,0.998387992,0.0477502197,-0.0306784976,-0.0477727093,0.998858154,-1.19149909e-07],"scale":0.964921117,"type":"vine_ground_medium"}
{"ctxid":0,"pos":[609.379761,-5.7802434,136.050812],"rotationMatrix":[0.999975145,-0.00704292953,0,0.00704292953,0.999975145,0,0,0,1],"scale":0.987498939,"type":"vine_ground_medium"}
{"ctxid":0,"pos":[609.135315,-14.8942089,136.050812],"rotationMatrix":[-0.918689847,-0.394979596,0,0.394979596,-0.918689847,0,0,0,1],"scale":0.852407575,"type":"vine_ground_medium"}
{"ctxid":0,"pos":[626.130981,-10.201498,143.24353],"rotationMatrix":[0.577930808,-0.816085696,0,0.816085696,0.577930808,0,0,0,1],"scale":0.935461879,"type":"vine_ground_medium"}
{"ctxid":0,"pos":[-836.022827,779.700989,185.865936],"rotationMatrix":[0.430040359,0.90280968,0,-0.90280968,0.430040359,0,0,0,1],"scale":0.971472383,"type":"vine_ground_medium"}
{"ctxid":0,"pos":[-836.06781,779.906189,185.910034],"rotationMatrix":[-0.341664284,0.939822316,0,-0.939822316,-0.341664284,0,0,0,1],"scale":0.979927301,"type":"vine_ground_medium"}
{"ctxid":0,"pos":[-849.979309,774.238159,191.64415],"rotationMatrix":[-0.696567357,0.717490911,0,-0.717490911,-0.696567357,0,0,0,1],"scale":0.857526064,"type":"vine_ground_medium"}
{"ctxid":0,"pos":[-845.087463,775.388367,191.64415],"rotationMatrix":[0.22067216,-0.975347996,0,0.975347996,0.22067216,0,0,0,1],"scale":0.941861153,"type":"vine_ground_medium"}
{"ctxid":0,"pos":[-846.22583,773.144531,191.64415],"rotationMatrix":[-0.346468806,0.938061178,0,-0.938061178,-0.346468806,0,0,0,1],"scale":0.850020647,"type":"vine_ground_medium"}
{"ctxid":0,"pos":[-843.400024,772.585999,191.64415],"rotationMatrix":[-0.207367912,-0.978263021,0,0.978263021,-0.207367912,0,0,0,1],"scale":0.924923301,"type":"vine_ground_medium"}
{"ctxid":0,"pos":[-848.729797,774.074646,191.64415],"rotationMatrix":[-0.456796229,0.889570892,0,-0.889570892,-0.456796229,0,0,0,1],"scale":0.868245304,"type":"vine_ground_medium"}
{"ctxid":0,"pos":[-851.567932,774.195068,191.644165],"rotationMatrix":[0.982681394,-0.185303196,0,0.185303196,0.982681394,0,0,0,1],"scale":0.871347129,"type":"vine_ground_medium"}
{"ctxid":0,"pos":[-828.815735,769.196167,191.580902],"rotationMatrix":[-0.489589751,-0.871952832,0,0.871952832,-0.489589751,0,0,0,1],"scale":0.909486949,"type":"vine_ground_medium"}
{"ctxid":0,"pos":[-831.047302,768.375671,191.587753],"rotationMatrix":[0.716135681,-0.697961032,0,0.697961032,0.716135681,0,0,0,1],"scale":0.985249102,"type":"vine_ground_medium"}
{"ctxid":0,"pos":[-828.45105,768.022278,191.595963],"rotationMatrix":[0.699508429,0.714624465,0,-0.714624465,0.699508429,0,0,0,1],"scale":0.918798327,"type":"vine_ground_medium"}
{"ctxid":0,"pos":[-831.590515,768.824219,191.620758],"rotationMatrix":[0.422796756,-0.906224489,0,0.906224489,0.422796756,0,0,0,1],"scale":0.826231658,"type":"vine_ground_medium"}
{"ctxid":0,"pos":[-828.441101,769.136292,191.584],"rotationMatrix":[-0.747683465,-0.664055288,0,0.664055288,-0.747683465,0,0,0,1],"scale":0.914398551,"type":"vine_ground_medium"}
{"ctxid":0,"pos":[-830.931274,768.413086,191.594635],"rotationMatrix":[-0.59828198,-0.801285565,0,0.801285565,-0.59828198,0,0,0,1],"scale":0.988499641,"type":"vine_ground_medium"}
{"ctxid":0,"pos":[-830.446533,770.146729,191.603256],"rotationMatrix":[0.014927417,-0.99988848,0,0.99988848,0.014927417,0,0,0,1],"scale":0.865450263,"type":"vine_ground_medium"}
{"ctxid":0,"pos":[-829.376587,769.247925,191.565521],"rotationMatrix":[0.516102135,-0.856526971,0,0.856526971,0.516102135,0,0,0,1],"scale":0.811606288,"type":"vine_ground_medium"}
{"ctxid":0,"pos":[-829.666199,768.998901,191.599899],"rotationMatrix":[0.813500762,-0.581563711,0,0.581563711,0.813500762,0,0,0,1],"scale":0.946218133,"type":"vine_ground_medium"}
{"ctxid":0,"pos":[-831.535889,770.693604,191.620819],"rotationMatrix":[-0.765231371,-0.643755496,0,0.643755496,-0.765231371,0,0,0,1],"scale":0.859356225,"type":"vine_ground_medium"}
{"ctxid":0,"pos":[-842.962524,792.900757,185.907318],"rotationMatrix":[0.46959725,-0.882880688,0,0.882880688,0.46959725,0,0,0,1],"scale":0.83754456,"type":"vine_ground_medium"}
{"ctxid":0,"pos":[-838.359314,789.145386,185.905914],"rotationMatrix":[-0.691705585,-0.722179532,0,0.722179532,-0.691705585,0,0,0,1],"scale":0.873036504,"type":"vine_ground_medium"}
{"ctxid":0,"pos":[-842.746399,791.796448,185.910065],"rotationMatrix":[0.959308505,-0.282360226,0,0.282360226,0.959308505,0,0,0,1],"scale":0.958378375,"type":"vine_ground_medium"}
{"ctxid":0,"pos":[-838.526367,796.712891,185.906006],"rotationMatrix":[0.299574018,0.954073131,0,-0.954073131,0.299574018,0,0,0,1],"scale":0.952797174,"type":"vine_ground_medium"}
{"ctxid":0,"pos":[-837.076782,794.416992,185.910034],"rotationMatrix":[-0.655664921,-0.755051911,0,0.755051911,-0.655664921,0,0,0,1],"scale":0.948248923,"type":"vine_ground_medium"}
{"ctxid":0,"pos":[-841.64563,791.344421,185.910034],"rotationMatrix":[0.931234002,0.364421844,0,-0.364421844,0.931234002,0,0,0,1],"scale":0.984007597,"type":"vine_ground_medium"}
{"ctxid":0,"pos":[-834.916748,794.766296,185.910034],"rotationMatrix":[0.982416511,-0.1867024,0,0.1867024,0.982416511,0,0,0,1],"scale":0.923658848,"type":"vine_ground_medium"}
{"ctxid":0,"pos":[-835.33551,797.172058,185.910034],"rotationMatrix":[0.660883963,-0.750488043,0,0.750488043,0.660883963,0,0,0,1],"scale":0.964565992,"type":"vine_ground_medium"}
{"ctxid":0,"pos":[-838.5047,797.883362,185.910034],"rotationMatrix":[0.9996804,0.0252785608,0,-0.0252785608,0.9996804,0,0,0,1],"scale":0.993830144,"type":"vine_ground_medium"}
{"ctxid":0,"pos":[-842.433105,794.057617,185.910034],"rotationMatrix":[0.0598922297,-0.998204827,0,0.998204827,0.0598922297,0,0,0,1],"scale":0.920056522,"type":"vine_ground_medium"}
{"ctxid":0,"pos":[-842.029236,794.731262,185.910034],"rotationMatrix":[-0.113830119,-0.993500113,0,0.993500113,-0.113830119,0,0,0,1],"scale":0.938204169,"type":"vine_ground_medium"}
{"ctxid":0,"pos":[-844.345825,794.025513,185.908508],"rotationMatrix":[-0.603267789,-0.797538638,0,0.797538638,-0.603267789,0,0,0,1],"scale":0.88333869,"type":"vine_ground_medium"}
{"ctxid":0,"pos":[-841.734253,792.553162,185.91452],"rotationMatrix":[0.561396718,-0.827546656,0,0.827546656,0.561396718,0,0,0,1],"scale":0.942370951,"type":"vine_ground_medium"}
{"ctxid":0,"pos":[-841.638184,790.290222,185.918976],"rotationMatrix":[-0.625453711,0.780261159,0,-0.780261159,-0.625453711,0,0,0,1],"scale":0.942395091,"type":"vine_ground_medium"}
{"ctxid":0,"pos":[-840.823792,790.334595,185.91716],"rotationMatrix":[-0.90224123,0.431231827,0,-0.431231827,-0.90224123,0,0,0,1],"scale":0.984534681,"type":"vine_ground_medium"}
{"ctxid":0,"pos":[-842.82074,790.905945,185.910004],"rotationMatrix":[0.332906008,-0.942959785,0,0.942959785,0.332906008,0,0,0,1],"scale":0.803608119,"type":"vine_ground_medium"}
{"ctxid":0,"pos":[-844.079163,791.083252,185.911499],"rotationMatrix":[0.968952417,-0.247247189,0,0.247247189,0.968952417,0,0,0,1],"scale":0.877540231,"type":"vine_ground_medium"}
{"ctxid":0,"pos":[-837.976501,794.171753,185.910034],"rotationMatrix":[0.504220665,0.863574922,0,-0.863574922,0.504220665,0,0,0,1],"scale":0.96490413,"type":"vine_ground_medium"}
{"ctxid":0,"pos":[-835.657776,794.618774,185.910034],"rotationMatrix":[-0.927488565,0.373851389,0,-0.373851389,-0.927488565,0,0,0,1],"scale":0.952432334,"type":"vine_ground_medium"}
{"ctxid":0,"pos":[-839.643982,796.329651,185.910034],"rotationMatrix":[-0.975068271,-0.221904919,0,0.221904919,-0.975068271,0,0,0,1],"scale":0.960950136,"type":"vine_ground_medium"}
{"ctxid":0,"pos":[-863.205505,788.731689,189.831085],"rotationMatrix":[-0.971752048,-0.23600398,0,0.23600398,-0.971752048,0,0,0,1],"scale":0.913782895,"type":"vine_ground_medium"}
{"ctxid":0,"pos":[-863.994934,788.589172,189.831085],"rotationMatrix":[0.108122453,0.994137526,0,-0.994137526,0.108122453,0,0,0,1],"scale":0.983204365,"type":"vine_ground_medium"}
{"ctxid":0,"pos":[-862.862488,789.515808,189.831085],"rotationMatrix":[-0.978558898,0.205966875,0,-0.205966875,-0.978558898,0,0,0,1],"scale":0.882866621,"type":"vine_ground_medium"}
{"ctxid":0,"pos":[-860.568237,789.893433,189.831085],"rotationMatrix":[0.105519809,-0.994417191,0,0.994417191,0.105519809,0,0,0,1],"scale":0.906587958,"type":"vine_ground_medium"}
{"ctxid":0,"pos":[-861.190491,787.464417,189.83107],"rotationMatrix":[-0.0030454034,-0.999995351,0,0.999995351,-0.0030454034,0,0,0,1],"scale":0.838205457,"type":"vine_ground_medium"}
{"ctxid":0,"pos":[-859.942261,790.926208,189.831085],"rotationMatrix":[0.7710042,0.636830151,0,-0.636830151,0.7710042,0,0,0,1],"scale":0.978091061,"type":"vine_ground_medium"}
{"ctxid":0,"pos":[-862.061646,794.476685,189.831085],"rotationMatrix":[0.76309675,-0.646284163,0,0.646284163,0.76309675,0,0,0,1],"scale":0.912720978,"type":"vine_ground_medium"}
{"ctxid":0,"pos":[-865.176941,796.629944,189.831085],"rotationMatrix":[0.965692401,-0.259688586,0,0.259688586,0.965692401,0,0,0,1],"scale":0.965049624,"type":"vine_ground_medium"}
{"ctxid":0,"pos":[-865.972351,795.75769,189.831085],"rotationMatrix":[-0.0900685117,-0.9959355,0,0.9959355,-0.0900685117,0,0,0,1],"scale":0.846603096,"type":"vine_ground_medium"}
{"ctxid":0,"pos":[-865.081909,794.297119,189.831085],"rotationMatrix":[-0.997877717,-0.0651150346,0,0.0651150346,-0.997877717,0,0,0,1],"scale":0.952555358,"type":"vine_ground_medium"}
{"ctxid":0,"pos":[-864.159607,792.286255,189.831085],"rotationMatrix":[-0.685218811,0.728337109,0,-0.728337109,-0.685218811,0,0,0,1],"scale":0.950134397,"type":"vine_ground_medium"}
{"ctxid":0,"pos":[-865.562073,789.259399,189.831085],"rotationMatrix":[0.254335314,0.967116117,0,-0.967116117,0.254335314,0,0,0,1],"scale":0.8376472,"type":"vine_ground_medium"}
{"ctxid":0,"pos":[-866.119812,788.070679,189.83107],"rotationMatrix":[0.971044183,-0.238899827,0,0.238899827,0.971044183,0,0,0,1],"scale":0.966580808,"type":"vine_ground_medium"}
{"ctxid":0,"pos":[-867.666992,788.074402,189.831085],"rotationMatrix":[-0.368849754,0.929489017,0,-0.929489017,-0.368849754,0,0,0,1],"scale":0.859826684,"type":"vine_ground_medium"}
{"ctxid":0,"pos":[-864.28772,794.541748,189.831085],"rotationMatrix":[0.560394824,-0.828225613,0,0.828225613,0.560394824,0,0,0,1],"scale":0.984321177,"type":"vine_ground_medium"}
{"ctxid":0,"pos":[-866.28772,793.246582,189.831085],"rotationMatrix":[-0.281531006,-0.95955205,0,0.95955205,-0.281531006,0,0,0,1],"scale":0.808517635,"type":"vine_ground_medium"}
{"ctxid":0,"pos":[-632.117981,296.078461,129.86145],"rotationMatrix":[-0.828230619,-0.560387313,0,0.560387313,-0.828230619,0,0,0,1],"scale":0.947997451,"type":"vine_ground_medium"}
{"ctxid":0,"pos":[-634.282166,294.808624,129.86145],"rotationMatrix":[-0.657916546,-0.753090799,0,0.753090799,-0.657916546,0,0,0,1],"scale":0.903458118,"type":"vine_ground_medium"}
{"ctxid":0,"pos":[-636.836365,295.698242,129.86145],"rotationMatrix":[-0.0759616345,-0.997110724,0,0.997110724,-0.0759616345,0,0,0,1],"scale":0.931506753,"type":"vine_ground_medium"}
{"ctxid":0,"pos":[-632.776123,294.12384,129.86145],"rotationMatrix":[-0.0819044188,0.996640086,0,-0.996640086,-0.0819044188,0,0,0,1],"scale":0.854013324,"type":"vine_ground_medium"}
{"ctxid":0,"pos":[-632.686523,294.453705,129.86145],"rotationMatrix":[0.788258076,0.615344942,0,-0.615344942,0.788258076,0,0,0,1],"scale":0.830733001,"type":"vine_ground_medium"}
{"ctxid":0,"pos":[-630.024231,294.319519,129.86145],"rotationMatrix":[-0.851891756,-0.523718059,0,0.523718059,-0.851891756,0,0,0,1],"scale":0.935258627,"type":"vine_ground_medium"}
{"ctxid":0,"pos":[-631.369568,297.388214,129.86145],"rotationMatrix":[0.808235168,0.588859916,0,-0.588859916,0.808235168,0,0,0,1],"scale":0.822342396,"type":"vine_ground_medium"}
{"ctxid":0,"pos":[-632.09613,323.586823,139.910797],"rotationMatrix":[-0.988282144,0.0019671917,-0.152624041,-0.00204837322,-0.999997616,0.000374183059,-0.152623013,0.000682428479,0.98828423],"scale":0.965805531,"type":"vine_ground_medium"}
{"ctxid":0,"pos":[-633.105469,322.700836,139.718262],"rotationMatrix":[-0.904208064,-0.398042321,-0.154821679,0.392709315,-0.917364597,0.0649716258,-0.167889401,-0.00205203518,0.985803723],"scale":0.872068167,"type":"vine_ground_medium"}
{"ctxid":0,"pos":[-635.352844,322.779785,139.375229],"rotationMatrix":[-0.185700417,0.982160807,-0.0295816809,-0.968157053,-0.188030601,-0.165275469,-0.167889386,-0.00205203891,0.985803723],"scale":0.801440418,"type":"vine_ground_medium"}
{"ctxid":0,"pos":[-632.689453,320.561462,139.823456],"rotationMatrix":[0.00161898136,-0.999998033,0.000956453383,0.98677057,0.00175261497,0.162111878,-0.162113279,0.000681377947,0.986771941],"scale":0.881316245,"type":"vine_ground_medium"}
{"ctxid":0,"pos":[-630.634155,318.89798,140.162262],"rotationMatrix":[-0.328695655,0.942853153,-0.0546513423,-0.930418193,-0.333207369,-0.152625054,-0.162113279,0.000681392848,0.986771941],"scale":0.936540663,"type":"vine_ground_medium"}
{"ctxid":0,"pos":[-631.885681,319.155701,139.999695],"rotationMatrix":[0.694547892,-0.710261226,0.114595264,0.700943947,0.703937769,0.114669546,-0.162113279,0.000681381673,0.986771941],"scale":0.919162452,"type":"vine_ground_medium"}
{"ctxid":0,"pos":[-630.923767,306.780731,140.110733],"rotationMatrix":[-0.530864716,-0.843021393,-0.0865860283,0.831817389,-0.537879229,0.136986896,-0.162055731,0.000697776675,0.986781359],"scale":0.886525273,"type":"vine_ground_medium"}
{"ctxid":0,"pos":[-636.52655,309.865967,139.153076],"rotationMatrix":[0.912587047,0.375722945,0.161298454,-0.370147645,0.926731646,-0.0644915923,-0.17371136,-0.000850059092,0.984796226],"scale":0.943303585,"type":"vine_ground_medium"}
{"ctxid":0,"pos":[-638.718323,310.847992,138.736145],"rotationMatrix":[-0.591774225,0.799230218,-0.10504318,-0.78666997,-0.601024151,-0.14113833,-0.175935537,-0.000887721777,0.984401286],"scale":0.817674577,"type":"vine_ground_medium"}
{"ctxid":0,"pos":[-632.572937,315.388672,139.838547],"rotationMatrix":[-0.0829832554,-0.996426582,-0.0157296583,0.980897546,-0.0844562054,0.175233185,-0.175935507,-0.000887729228,0.984401286],"scale":0.803777635,"type":"vine_ground_medium"}
{"ctxid":0,"pos":[-633.468567,315.910461,139.696045],"rotationMatrix":[-0.607097864,-0.787815094,-0.103822336,0.776350379,-0.615911126,0.133914948,-0.169445589,0.000697001815,0.985539317],"scale":0.987345278,"type":"vine_ground_medium"}
{"ctxid":0,"pos":[-629.550476,316.677582,140.341827],"rotationMatrix":[-0.982954383,-0.0879885629,-0.161425382,0.0867146477,-0.99612093,0.0149338823,-0.162113279,0.000681381207,0.986771941],"scale":0.949436665,"type":"vine_ground_medium"}
{"ctxid":0,"pos":[-634.302063,312.715424,139.515442],"rotationMatrix":[-0.247218966,-0.96805656,-0.0418202057,0.954028606,-0.250730276,0.164205238,-0.169445574,0.000697001815,0.985539317],"scale":0.802981853,"type":"vine_ground_medium"}
{"ctxid":0,"pos":[-635.946594,313.591553,139.231445],"rotationMatrix":[-0.403457403,0.912287593,-0.0703796744,-0.898357511,-0.409549117,-0.158817679,-0.173711345,-0.000850066543,0.984796226],"scale":0.835551441,"type":"vine_ground_medium"}
