{"ctxid":0,"pos":[796.514526,921.324585,148.80751],"rotationMatrix":[0.380288869,0.924867749,0,-0.924867749,0.380288869,0,0,0,1],"scale":0.929432452,"type":"vine_bush_wide"}
{"ctxid":0,"pos":[783.684814,943.698059,148.792908],"rotationMatrix":[0.98564297,-0.168842852,0,0.168842852,0.98564297,0,0,0,1],"scale":0.947322905,"type":"vine_bush_wide"}
{"ctxid":0,"pos":[767.178101,934.860657,151.707458],"rotationMatrix":[0.979535758,-0.201270267,0,0.201270267,0.979535758,0,0,0,1],"scale":0.830553651,"type":"vine_bush_wide"}
{"ctxid":0,"pos":[772.853699,923.379517,152.519028],"rotationMatrix":[-0.947297752,-0.320354432,0,0.320354432,-0.947297752,0,0,0,1],"scale":0.879778922,"type":"vine_bush_wide"}
{"ctxid":0,"pos":[773.48175,924.108948,152.351776],"rotationMatrix":[-0.58809787,0.80878979,0,-0.80878979,-0.58809787,0,0,0,1],"scale":0.885405898,"type":"vine_bush_wide"}
{"ctxid":0,"pos":[776.595459,904.240112,156.434616],"rotationMatrix":[0.919556081,-0.39295879,0,0.39295879,0.919556081,0,0,0,1],"scale":0.911560595,"type":"vine_bush_wide"}
{"ctxid":0,"pos":[778.76123,902.024597,156.434601],"rotationMatrix":[0.88606596,-0.46355918,0,0.46355918,0.88606596,0,0,0,1],"scale":0.816693783,"type":"vine_bush_wide"}
{"ctxid":0,"pos":[806.912292,939.736816,148.988297],"rotationMatrix":[-0.894268632,0.447530538,0,-0.447530538,-0.894268632,0,0,0,1],"scale":0.892107904,"type":"vine_bush_wide"}
{"ctxid":0,"pos":[800.619812,940.368408,148.80751],"rotationMatrix":[0.999303877,-0.037305966,0,0.037305966,0.999303877,0,0,0,1],"scale":0.863990247,"type":"vine_bush_wide"}
{"ctxid":0,"pos":[797.864563,939.653259,148.807495],"rotationMatrix":[-0.958995223,0.283422202,0,-0.283422202,-0.958995223,0,0,0,1],"scale":0.894798994,"type":"vine_bush_wide"}
{"ctxid":0,"pos":[240.999405,688.785645,142.08136],"rotationMatrix":[0.384923041,0.922948658,0,-0.922948658,0.384923041,0,0,0,1],"scale":0.990509808,"type":"vine_bush_wide"}
{"ctxid":0,"pos":[242.454132,690.559448,142.066711],"rotationMatrix":[-0.584451675,0.811428487,0,-0.811428487,-0.584451675,0,0,0,1],"scale":0.922204614,"type":"vine_bush_wide"}
{"ctxid":0,"pos":[251.775787,669.516907,142.061371],"rotationMatrix":[0.789792717,0.613373816,0,-0.613373816,0.789792717,0,0,0,1],"scale":0.99552691,"type":"vine_bush_wide"}
{"ctxid":0,"pos":[253.119888,669.252075,142.042648],"rotationMatrix":[-0.179213285,0.983810246,0,-0.983810246,-0.179213285,0,0,0,1],"scale":0.839375615,"type":"vine_bush_wide"}
{"ctxid":0,"pos":[250.447601,672.166016,142.052795],"rotationMatrix":[0.679151237,-0.733998358,0,0.733998358,0.679151237,0,0,0,1],"scale":0.823965013,"type":"vine_bush_wide"}
{"ctxid":0,"pos":[252.83197,672.11084,142.156494],"rotationMatrix":[-0.483385295,-0.875407696,0,0.875407696,-0.483385295,0,0,0,1],"scale":0.84413594,"type":"vine_bush_wide"}
{"ctxid":0,"pos":[43.4920731,525.404968,157.998657],"rotationMatrix":[0.999897778,0.0142968232,0,-0.0142968232,0.999897778,0,0,0,1],"scale":0.822267115,"type":"vine_bush_wide"}
{"ctxid":0,"pos":[41.7723923,526.756165,157.998657],"rotationMatrix":[0.97448945,-0.224433437,0,0.224433437,0.97448945,0,0,0,1],"scale":0.922291279,"type":"vine_bush_wide"}
{"ctxid":0,"pos":[42.1609612,529.387756,157.998657],"rotationMatrix":[-0.723356962,-0.690474272,0,0.690474272,-0.723356962,0,0,0,1],"scale":0.936511159,"type":"vine_bush_wide"}
{"ctxid":0,"pos":[41.8017311,523.804565,157.998657],"rotationMatrix":[-0.904767036,0.425906807,0,-0.425906807,-0.904767036,0,0,0,1],"scale":0.843910933,"type":"vine_bush_wide"}
{"ctxid":0,"pos":[37.5528717,550.896484,157.998657],"rotationMatrix":[-0.993497849,-0.113850825,0,0.113850825,-0.993497849,0,0,0,1],"scale":0.877398729,"type":"vine_bush_wide"}
{"ctxid":0,"pos":[12.5400887,561.634033,157.985657],"rotationMatrix":[0.99671793,0.0809529573,0,-0.0809529573,0.99671793,0,0,0,1],"scale":0.88686049,"type":"vine_bush_wide"}
{"ctxid":0,"pos":[9.57540321,558.17157,158.015594],"rotationMatrix":[0.733263433,0.679944634,0,-0.679944634,0.733263433,0,0,0,1],"scale":0.937556803,"type":"vine_bush_wide"}
{"ctxid":0,"pos":[6.42001724,532.994446,157.998993],"rotationMatrix":[0.742527485,0.6698156,0,-0.6698156,0.742527485,0,0,0,1],"scale":0.842756987,"type":"vine_bush_wide"}
{"ctxid":0,"pos":[7.15404844,533.858215,157.998657],"rotationMatrix":[-0.995015085,0.0997247547,0,-0.0997247547,-0.995015085,0,0,0,1],"scale":0.897005618,"type":"vine_bush_wide"}
{"ctxid":0,"pos":[14.8536549,519.279602,157.998657],"rotationMatrix":[0.986095488,-0.166179717,0,0.166179717,0.986095488,0,0,0,1],"scale":0.966450334,"type":"vine_bush_wide"}
{"ctxid":0,"pos":[446.515411,-194.518539,166.725891],"rotationMatrix":[-0.71518153,0.698938727,0,-0.698938727,-0.71518153,0,0,0,1],"scale":0.833574295,"type":"vine_bush_wide"}
{"ctxid":0,"pos":[446.589386,-193.743622,160.367706],"rotationMatrix":[0.633254111,-0.773943961,0,0.773943961,0.633254111,0,0,0,1],"scale":0.864680052,"type":"vine_bush_wide"}
{"ctxid":0,"pos":[448.192261,-193.241241,160.367722],"rotationMatrix":[0.909573197,0.415543765,0,-0.415543765,0.909573197,0,0,0,1],"scale":0.808194816,"type":"vine_bush_wide"}
{"ctxid":0,"pos":[437.07254,-183.900833,166.725891],"rotationMatrix":[-0.868685544,-0.495363921,0,0.495363921,-0.868685544,0,0,0,1],"scale":0.942584693,"type":"vine_bush_wide"}
{"ctxid":0,"pos":[451.395599,-184.566971,160.367722],"rotationMatrix":[0.256636083,0.96650809,0,-0.96650809,0.256636083,0,0,0,1],"scale":0.824646533,"type":"vine_bush_wide"}
{"ctxid":0,"pos":[449.893188,-198.640762,163.574768],"rotationMatrix":[0.593722701,-0.804669738,0,0.804669738,0.593722701,0,0,0,1],"scale":0.884073973,"type":"vine_bush_wide"}
{"ctxid":0,"pos":[446.253998,-188.647018,163.574768],"rotationMatrix":[0.340885758,0.940104723,0,-0.940104723,0.340885758,0,0,0,1],"scale":0.846496344,"type":"vine_bush_wide"}
{"ctxid":0,"pos":[329.200195,-201.499115,162.311646],"rotationMatrix":[0.312621772,-0.949877679,0,0.949877679,0.312621772,0,0,0,1],"scale":0.822126865,"type":"vine_bush_wide"}
{"ctxid":0,"pos":[252.909485,-762.985352,136.845566],"rotationMatrix":[-0.504198432,-0.861028016,-0.0664435178,0.863587856,-0.502703905,-0.0387924835,0,-0.0769389197,0.997035801],"scale":0.99821043,"type":"vine_bush_wide"}
{"ctxid":0,"pos":[-33.9845276,-528.097778,131.260971],"rotationMatrix":[-0.720370233,-0.693589747,0,0.693589747,-0.720370233,0,0,0,1],"scale":0.906630754,"type":"vine_bush_wide"}
{"ctxid":0,"pos":[-35.9281387,-531.509521,134.280457],"rotationMatrix":[0.51826328,-0.582425237,0.626246035,0.747057676,0.664759219,0,-0.41630283,0.467841893,0.779625535],"scale":0.813192189,"type":"vine_bush_wide"}
{"ctxid":0,"pos":[-36.0545654,-534.442688,134.123428],"rotationMatrix":[-0.110802226,0.919922888,0.376117915,-0.837585449,0.117270052,-0.533571422,-0.534951925,-0.374151826,0.757520258],"scale":0.817903638,"type":"vine_bush_wide"}
{"ctxid":0,"pos":[-36.1295624,-532.827759,134.494781],"rotationMatrix":[-0.974510729,-0.224340796,0,0.224340796,-0.974510729,0,0,0,1],"scale":0.858530045,"type":"vine_bush_wide"}
{"ctxid":0,"pos":[929.580505,-556.655945,132.744812],"rotationMatrix":[-0.100284733,0.994794488,-0.0180812702,-0.979009032,-0.101901717,-0.17651467,-0.177438334,0,0.984131932],"scale":0.920642972,"type":"vine_bush_wide"}
{"ctxid":0,"pos":[627.069275,-928.750732,130.945602],"rotationMatrix":[0.561537504,0.259376943,-0.785747528,-0.811516225,0.358096361,-0.461744785,0.161607295,0.896933913,0.411573172],"scale":0.912203252,"type":"vine_bush_wide"}
{"ctxid":0,"pos":[629.504517,-928.952454,138.201996],"rotationMatrix":[0.928721488,-0.196198553,-0.314614803,0.0130765438,0.8653301,-0.501031756,0.370547384,0.461204916,0.80621624],"scale":0.962329984,"type":"vine_bush_wide"}
{"ctxid":0,"pos":[643.000732,-934.036072,138.041138],"rotationMatrix":[0.281709075,0.935134113,-0.21485813,-0.945677817,0.308471978,0.102656543,0.162275329,0.174267322,0.971235096],"scale":0.893298447,"type":"vine_bush_wide"}
{"ctxid":0,"pos":[624.759766,-930.754089,138.110626],"rotationMatrix":[-0.762402773,-0.483745128,-0.429805189,0.516116261,-0.855225205,0.0470504314,-0.390340656,-0.185958087,0.901694894],"scale":0.852582097,"type":"vine_bush_wide"}
{"ctxid":0,"pos":[629.949158,-931.64856,137.730927],"rotationMatrix":[0.761375546,0.507414937,0.403530985,0.027178511,0.596905529,-0.801850975,-0.647741079,0.621477067,0.440678477],"scale":0.995031476,"type":"vine_bush_wide"}
{"ctxid":0,"pos":[625.718384,-933.69458,130.790131],"rotationMatrix":[0.726919353,0.287974,0.623425364,-0.681021929,0.185566604,0.708360076,0.0883024335,-0.93948698,0.331008554],"scale":0.93567431,"type":"vine_bush_wide"}
{"ctxid":0,"pos":[622.331665,-929.528442,137.681091],"rotationMatrix":[-0.707009554,-0.625687599,0.329624802,0.676904202,-0.733685017,0.0592191815,0.204788059,0.264992952,0.942252934],"scale":0.872008204,"type":"vine_bush_wide"}
{"ctxid":0,"pos":[622.9823,-928.209229,134.539001],"rotationMatrix":[0.66330862,0.504469275,-0.552749813,0.105984822,0.667856634,0.736705244,0.740802824,-0.547246039,0.38952899],"scale":0.903161347,"type":"vine_bush_wide"}
{"ctxid":0,"pos":[626.09021,-932.061218,139.394958],"rotationMatrix":[0.0344005823,-0.724516571,-0.688398123,0.932924092,-0.22375226,0.282111883,-0.358425617,-0.651928067,0.66822207],"scale":0.814032435,"type":"vine_bush_wide"}
{"ctxid":0,"pos":[624.524048,-932.173218,138.9021],"rotationMatrix":[-0.940090656,0.0625197887,0.335143,0.243259907,-0.565732956,0.787890136,0.23886016,0.822215021,0.516631722],"scale":0.85111475,"type":"vine_bush_wide"}
{"ctxid":0,"pos":[653.291077,-952.085876,136.617813],"rotationMatrix":[-0.0725755692,0.732636094,-0.676739931,-0.176624119,-0.677245855,-0.714242101,-0.981598973,0.0676920712,0.178552866],"scale":0.891572356,"type":"vine_bush_wide"}
{"ctxid":0,"pos":[651.69873,-951.819153,130.153366],"rotationMatrix":[-0.494879246,0.743695557,0.449456185,-0.665108263,0.00868493319,-0.746696234,-0.559218168,-0.6684618,0.490340352],"scale":0.906285465,"type":"vine_bush_wide"}
{"ctxid":0,"pos":[652.550964,-950.125854,137.431641],"rotationMatrix":[-0.355444789,0.372450888,0.857285798,-0.827944696,0.30019325,-0.4736996,-0.433781207,-0.878159523,0.201666772],"scale":0.962314844,"type":"vine_bush_wide"}
{"ctxid":0,"pos":[654.128418,-947.977295,136.921082],"rotationMatrix":[0.429735899,0.875147343,-0.222360313,-0.893260598,0.448018134,0.0369478464,0.131956249,0.182747915,0.974264205],"scale":0.85693413,"type":"vine_bush_wide"}
{"ctxid":0,"pos":[654.805054,-949.475647,138.407211],"rotationMatrix":[-0.994127512,0.10644421,-0.0194911528,-0.104199395,-0.990196228,-0.0930252895,-0.0292020719,-0.0904480442,0.995472968],"scale":0.862565756,"type":"vine_bush_wide"}
{"ctxid":0,"pos":[654.43512,-951.930115,138.252777],"rotationMatrix":[-0.883340001,0.0734178275,-0.462946534,-0.167324588,-0.971974969,0.165125385,-0.437849462,0.223324284,0.870869696],"scale":0.827351928,"type":"vine_bush_wide"}
{"ctxid":0,"pos":[655.821411,-950.39386,138.646179],"rotationMatrix":[-0.982137322,0.0627046078,-0.17740941,0.0440786332,-0.839936614,-0.540891111,-0.182929069,-0.539049447,0.822169483],"scale":0.960716546,"type":"vine_bush_wide"}
{"ctxid":0,"pos":[657.665894,-950.548645,136.170227],"rotationMatrix":[-0.583697557,0.368543446,-0.723513961,0.560935915,-0.461224198,-0.687475622,-0.587066889,-0.807123005,0.0624865294],"scale":0.897270918,"type":"vine_bush_wide"}
{"ctxid":0,"pos":[656.124451,-952.660461,137.057617],"rotationMatrix":[0.763302386,0.636193812,0.112369254,-0.457616031,0.409659088,0.789155781,0.456023037,-0.65378648,0.603826284],"scale":0.800775409,"type":"vine_bush_wide"}
{"ctxid":0,"pos":[651.774841,-950.76178,134.895966],"rotationMatrix":[0.745103121,-0.31901437,0.585705638,-0.202782333,0.728250384,0.654622495,-0.635374308,-0.606532037,0.477931201],"scale":0.917166471,"type":"vine_bush_wide"}
{"ctxid":0,"pos":[654.928833,-950.985718,137.353149],"rotationMatrix":[-0.720700502,-0.478882939,-0.501259744,0.381199449,-0.877689123,0.290427685,-0.579031289,0.0182314962,0.815101385],"scale":0.872151136,"type":"vine_bush_wide"}
{"ctxid":0,"pos":[656.637146,-948.644226,137.09227],"rotationMatrix":[0.950317025,-0.160712719,-0.266587615,-0.231604427,0.207159102,-0.950496912,0.207982987,0.965016246,0.159645021],"scale":0.866268635,"type":"vine_bush_wide"}
{"ctxid":0,"pos":[658.874878,-949.624695,136.294617],"rotationMatrix":[-0.183680534,0.531934261,-0.826623917,-0.551095724,0.640619278,0.53469646,0.813974619,0.553762436,0.175477505],"scale":0.885209799,"type":"vine_bush_wide"}
{"ctxid":0,"pos":[657.267944,-952.269165,136.333389],"rotationMatrix":[-0.159808874,-0.952890217,-0.257800341,0.987127125,-0.155948997,-0.0354902297,-0.0063854605,-0.260153413,0.965546191],"scale":0.880123854,"type":"vine_bush_wide"}
{"ctxid":0,"pos":[653.551697,-953.093994,136.771927],"rotationMatrix":[-0.16375792,0.50612545,-0.846770585,-0.50203836,-0.781648874,-0.370111585,-0.84920007,0.364502609,0.382095575],"scale":0.832179189,"type":"vine_bush_wide"}
{"ctxid":0,"pos":[653.621216,-950.658752,135.255035],"rotationMatrix":[0.882971168,0.302164584,0.359247029,-0.400194556,0.884550571,0.239613459,-0.245369449,-0.355340481,0.901957273],"scale":0.83371383,"type":"vine_bush_wide"}
{"ctxid":0,"pos":[654.660339,-953.727356,132.706146],"rotationMatrix":[-0.221570015,0.974495828,0.0355545878,-0.962941825,-0.212901831,-0.165576041,-0.153783545,-0.0709237084,0.985555887],"scale":0.984626055,"type":"vine_bush_wide"}
{"ctxid":0,"pos":[657.758972,-949.33313,135.521194],"rotationMatrix":[0.464708447,-0.393587381,0.793180227,0.873501182,0.35051918,-0.33783412,-0.145057499,0.849838257,0.506688356],"scale":0.920221448,"type":"vine_bush_wide"}
{"ctxid":0,"pos":[656.072754,-953.800415,126.502785],"rotationMatrix":[-0.538637877,-0.224608541,0.812046885,-0.306600094,-0.845476151,-0.43722555,0.784770966,-0.484479934,0.386540651],"scale":0.847637355,"type":"vine_bush_wide"}
{"ctxid":0,"pos":[659.843445,-950.313232,136.722717],"rotationMatrix":[0.656534851,-0.540981174,0.525643647,0.71179378,0.213717937,-0.669084489,0.249622747,0.81342715,0.525380433],"scale":0.897446275,"type":"vine_bush_wide"}
{"ctxid":0,"pos":[658.964294,-952.354553,141.524673],"rotationMatrix":[-0.501684904,-0.804709256,0.317419052,0.72704953,-0.591066837,-0.349340141,0.468733251,0.0555206537,0.881593227],"scale":0.889623761,"type":"vine_bush_wide"}
{"ctxid":0,"pos":[658.387756,-951.28363,141.862488],"rotationMatrix":[-0.969259143,0.159243166,-0.187557578,-0.0890708044,-0.937697887,-0.335839897,-0.229352623,-0.308810085,0.923056722],"scale":0.988767505,"type":"vine_bush_wide"}
{"ctxid":0,"pos":[658.0401,-953.21051,141.861221],"rotationMatrix":[0.357370198,0.921321988,-0.153140694,-0.860413074,0.38855052,0.329723686,0.363284618,0.0139308572,0.931574047],"scale":0.869666159,"type":"vine_bush_wide"}
{"ctxid":0,"pos":[655.160034,-947.776306,140.190643],"rotationMatrix":[0.58988893,-0.786845684,0.181397259,0.763470411,0.470325947,-0.442613095,0.262952358,0.399583966,0.87817347],"scale":0.85778749,"type":"vine_bush_wide"}
{"ctxid":0,"pos":[659.63147,-951.270203,141.804199],"rotationMatrix":[-0.181596994,0.904165864,-0.386660099,-0.907330036,-0.00244653225,0.420411348,0.379175603,0.427173972,0.820821643],"scale":0.811205089,"type":"vine_bush_wide"}
{"ctxid":0,"pos":[659.095276,-953.537354,141.243515],"rotationMatrix":[-0.0299143791,0.980830431,0.192552432,-0.833921671,-0.130695105,0.536183834,0.551071227,-0.144533962,0.82184571],"scale":0.875680447,"type":"vine_bush_wide"}
{"ctxid":0,"pos":[658.071655,-954.123047,141.820694],"rotationMatrix":[0.611950994,-0.621357083,-0.489317119,0.749755383,0.652704775,0.108826742,0.25175935,-0.433464825,0.865289211],"scale":0.825530887,"type":"vine_bush_wide"}
{"ctxid":0,"pos":[653.573364,-960.244507,138.024292],"rotationMatrix":[0.337917387,-0.935311437,-0.104900427,0.910678625,0.353073418,-0.214483798,0.237646729,-0.0230528191,0.971078038],"scale":0.959270895,"type":"vine_bush_wide"}
{"ctxid":0,"pos":[653.147095,-963.73053,139.780212],"rotationMatrix":[0.0336271524,0.713804007,-0.699537575,-0.212267309,-0.678863764,-0.702912569,-0.976632774,0.172125846,0.128689229],"scale":0.890599966,"type":"vine_bush_wide"}
{"ctxid":0,"pos":[654.79718,-962.521118,136.885742],"rotationMatrix":[0.147333801,0.849440575,-0.506698608,-0.623180747,0.477540255,0.619355321,0.768074512,0.224512845,0.599712849],"scale":0.833075881,"type":"vine_bush_wide"}
{"ctxid":0,"pos":[655.924561,-956.049988,137.419586],"rotationMatrix":[-0.172265649,-0.719923019,0.672335327,0.247947603,-0.692253113,-0.677721739,0.953334153,0.0499556661,0.297755122],"scale":0.925944448,"type":"vine_bush_wide"}
{"ctxid":0,"pos":[656.483887,-960.375854,136.633713],"rotationMatrix":[-0.71431613,-0.691025436,-0.110617295,0.57729727,-0.492498875,-0.65128535,0.395575821,-0.529082716,0.750727117],"scale":0.808055043,"type":"vine_bush_wide"}
{"ctxid":0,"pos":[652.399353,-958.536804,134.399841],"rotationMatrix":[-0.852268577,-0.404182255,-0.332076102,0.0564452559,-0.702168465,0.709769666,-0.520049751,0.586170375,0.621250689],"scale":0.997124672,"type":"vine_bush_wide"}
{"ctxid":0,"pos":[655.183533,-959.01532,139.169189],"rotationMatrix":[-0.483666539,-0.133752912,-0.864971936,-0.454108626,-0.806487083,0.37863341,-0.748232305,0.575923681,0.329332948],"scale":0.919541836,"type":"vine_bush_wide"}
{"ctxid":0,"pos":[651.838196,-962.297424,139.566605],"rotationMatrix":[-0.726044416,-0.675002277,0.13126789,0.667666852,-0.646301389,0.369479775,-0.164561078,0.355901957,0.919920325],"scale":0.855020046,"type":"vine_bush_wide"}
{"ctxid":0,"pos":[653.741089,-958.253662,136.662018],"rotationMatrix":[-0.597647905,0.0414431691,-0.800686777,-0.354652137,-0.909312129,0.217653573,-0.719054043,0.414045513,0.558146596],"scale":0.803711414,"type":"vine_bush_wide"}
{"ctxid":0,"pos":[657.807983,-959.381653,137.436234],"rotationMatrix":[0.345632434,0.470594764,-0.8118366,-0.6780864,0.723289907,0.130577698,0.648642421,0.505363524,0.569096386],"scale":0.801517308,"type":"vine_bush_wide"}
{"ctxid":0,"pos":[654.902161,-957.757446,137.145767],"rotationMatrix":[-0.756388903,-0.650307655,-0.0705352128,0.643372059,-0.75908947,0.0992720425,-0.118099928,0.0297079086,0.992557228],"scale":0.944459438,"type":"vine_bush_wide"}
{"ctxid":0,"pos":[656.424805,-963.429626,135.921555],"rotationMatrix":[0.32095927,-0.79851222,-0.509277165,0.771692395,0.532232761,-0.348165214,0.549068153,-0.281258523,0.787030935],"scale":0.842829823,"type":"vine_bush_wide"}
{"ctxid":0,"pos":[657.995911,-957.859863,139.195786],"rotationMatrix":[0.270278811,-0.394728363,-0.878144979,-0.153101921,0.882863998,-0.443971753,0.950530887,0.254441798,0.178185821],"scale":0.894510746,"type":"vine_bush_wide"}
{"ctxid":0,"pos":[654.76416,-956.355469,136.551086],"rotationMatrix":[0.145676792,-0.632535338,0.760708332,0.131718904,0.774466097,0.618750572,-0.980524421,0.0100621283,0.19613862],"scale":0.819145501,"type":"vine_bush_wide"}
{"ctxid":0,"pos":[657.28949,-962.295776,134.238861],"rotationMatrix":[-0.147393227,0.927125335,-0.344548404,-0.708111763,0.144296169,0.691199124,0.690545261,0.345856965,0.635240197],"scale":0.932133913,"type":"vine_bush_wide"}
{"ctxid":0,"pos":[656.193237,-961.782104,138.378448],"rotationMatrix":[0.106517792,0.887153745,-0.44901219,-0.0480746925,0.455648363,0.888860703,0.99314785,-0.0730932057,0.0911843777],"scale":0.872932673,"type":"vine_bush_wide"}
{"ctxid":0,"pos":[652.68457,-960.819885,138.416916],"rotationMatrix":[0.140919209,-0.895200431,-0.422797382,0.840469062,-0.117521405,0.528961301,-0.52321434,-0.429888904,0.735827565],"scale":0.930790007,"type":"vine_bush_wide"}
{"ctxid":0,"pos":[651.800415,-959.426758,135.248581],"rotationMatrix":[0.241512179,0.555305719,-0.79580605,-0.897536755,-0.183943748,-0.400739551,-0.368916601,0.811048746,0.453982711],"scale":0.838820338,"type":"vine_bush_wide"}
{"ctxid":0,"pos":[653.675232,-965.112732,138.529892],"rotationMatrix":[0.43169415,0.678219914,0.594691336,-0.877729774,0.467814565,0.103633031,-0.20791924,-0.566716135,0.797246754],"scale":0.950591385,"type":"vine_bush_wide"}
{"ctxid":0,"pos":[657.280396,-961.069031,139.308075],"rotationMatrix":[-0.420202732,-0.845696211,-0.328979135,0.39080587,0.158536375,-0.906717598,0.818962812,-0.509572327,0.263885856],"scale":0.836914659,"type":"vine_bush_wide"}
{"ctxid":0,"pos":[648.036743,-961.864746,135.587143],"rotationMatrix":[0.109538198,-0.585822582,0.803002417,0.826723695,-0.394816399,-0.400808424,0.551841438,0.707764983,0.441066325],"scale":0.967060804,"type":"vine_bush_wide"}
{"ctxid":0,"pos":[646.130798,-963.087402,137.05603],"rotationMatrix":[-0.929869413,0.149422601,-0.336177558,-0.284957349,-0.870503068,0.401276976,-0.232683823,0.468931526,0.852033734],"scale":0.934447169,"type":"vine_bush_wide"}
{"ctxid":0,"pos":[647.7995,-966.676697,137.805969],"rotationMatrix":[-0.353547215,-0.176119402,-0.918687105,-0.111774817,-0.967124462,0.228420645,-0.928714395,0.183443606,0.322238803],"scale":0.835146189,"type":"vine_bush_wide"}
{"ctxid":0,"pos":[650.913696,-965.005249,128.610687],"rotationMatrix":[0.855979562,0.493254542,-0.154916003,-0.0963551849,0.446587861,0.889536321,0.507951498,-0.746497929,0.429797709],"scale":0.903925657,"type":"vine_bush_wide"}
{"ctxid":0,"pos":[648.879639,-962.983765,137.20961],"rotationMatrix":[0.10027796,-0.901558399,-0.420876116,0.967984915,-0.0094294548,0.250830829,-0.230107337,-0.432554543,0.87174952],"scale":0.978882253,"type":"vine_bush_wide"}
{"ctxid":0,"pos":[651.038879,-961.271729,136.957199],"rotationMatrix":[-0.35703063,0.77393657,-0.523020983,-0.458625734,-0.633028984,-0.62364769,-0.81375134,0.0172095299,0.580958247],"scale":0.867458582,"type":"vine_bush_wide"}
{"ctxid":0,"pos":[652.228638,-963.348999,138.326416],"rotationMatrix":[-0.748459101,0.345894784,-0.56583178,-0.160321265,-0.922273517,-0.35172236,-0.64351058,-0.172534958,0.745738387],"scale":0.912356734,"type":"vine_bush_wide"}
{"ctxid":0,"pos":[647.14325,-963.023132,137.682755],"rotationMatrix":[0.298025131,0.743438721,-0.598731756,-0.94305408,0.132228613,-0.305228353,-0.14774926,0.655602157,0.740510523],"scale":0.934327126,"type":"vine_bush_wide"}
{"ctxid":0,"pos":[649.710022,-965.350281,136.975113],"rotationMatrix":[-0.455889702,0.670855522,0.58490777,-0.526868224,-0.733070135,0.430136859,0.717338204,-0.112074271,0.687651873],"scale":0.86849761,"type":"vine_bush_wide"}
{"ctxid":0,"pos":[649.475952,-961.375549,135.253662],"rotationMatrix":[-0.826225042,-0.563134253,-0.0152093172,0.28571862,-0.44216609,0.850207984,-0.485506356,0.698117793,0.526227117],"scale":0.839072704,"type":"vine_bush_wide"}
{"ctxid":0,"pos":[648.049683,-963.645874,138.068008],"rotationMatrix":[0.688576579,-0.627043366,-0.364251196,0.679259062,0.733591795,0.0212161168,0.253908277,-0.262029856,0.931059062],"scale":0.876731336,"type":"vine_bush_wide"}
{"ctxid":0,"pos":[650.364685,-963.154297,137.718781],"rotationMatrix":[-0.162073255,0.976211667,0.144024283,-0.966485262,-0.186488152,0.176432312,0.199094117,-0.110602379,0.973719001],"scale":0.938768983,"type":"vine_bush_wide"}
{"ctxid":0,"pos":[649.635071,-960.394653,130.928741],"rotationMatrix":[0.168475091,-0.561281085,0.81029582,0.887229204,0.444508791,0.123434454,-0.429464936,0.698122621,0.572873831],"scale":0.846384227,"type":"vine_bush_wide"}
{"ctxid":0,"pos":[650.405701,-966.065918,138.355911],"rotationMatrix":[0.421342015,0.11374414,0.899740577,-0.832859814,0.441157937,0.334251523,-0.358908534,-0.890192032,0.280611336],"scale":0.809973657,"type":"vine_bush_wide"}
{"ctxid":0,"pos":[650.114563,-964.416504,137.276138],"rotationMatrix":[0.909335017,0.327990413,0.255992293,-0.00606690347,0.625657856,-0.780074,-0.416020393,0.707795501,0.570922494],"scale":0.911519766,"type":"vine_bush_wide"}
{"ctxid":0,"pos":[656.104919,-959.478333,139.902802],"rotationMatrix":[-0.25833261,-0.1277536,-0.957571447,0.0053315945,-0.991390705,0.130827218,-0.966041267,0.0286915675,0.256789804],"scale":0.920360804,"type":"vine_bush_wide"}
{"ctxid":0,"pos":[656.872131,-956.425476,136.612213],"rotationMatrix":[-0.819738388,-0.479440749,0.313312888,-0.0825850517,-0.442380786,-0.893016517,0.566752255,-0.757915199,0.323042274],"scale":0.909300268,"type":"vine_bush_wide"}
{"ctxid":0,"pos":[653.671021,-957.043579,136.323303],"rotationMatrix":[0.573329329,0.749735236,-0.330439776,-0.80783093,0.449955463,-0.380721927,-0.136757493,0.485218525,0.863632083],"scale":0.956391275,"type":"vine_bush_wide"}
{"ctxid":0,"pos":[655.952454,-958.03186,138.473831],"rotationMatrix":[-0.829833627,0.28198263,-0.481519997,-0.431233317,-0.871719837,0.232684165,-0.354137719,0.40073666,0.84498316],"scale":0.921674132,"type":"vine_bush_wide"}
{"ctxid":0,"pos":[660.320312,-961.705627,139.568329],"rotationMatrix":[0.705736518,-0.301402926,-0.64116478,-0.00514547527,0.902789116,-0.430052668,0.708455682,0.306802958,0.635580361],"scale":0.899239242,"type":"vine_bush_wide"}
{"ctxid":0,"pos":[661.113525,-962.896423,139.352402],"rotationMatrix":[-0.451060534,0.0765345395,0.889205694,0.715911984,-0.563897967,0.411690265,0.532929897,0.822290301,0.199560285],"scale":0.891075492,"type":"vine_bush_wide"}
{"ctxid":0,"pos":[658.746704,-965.673401,136.282562],"rotationMatrix":[-0.240785837,0.478353679,0.844511449,-0.864192188,0.290410519,-0.41089347,-0.44180733,-0.828757763,0.343462944],"scale":0.866589963,"type":"vine_bush_wide"}
{"ctxid":0,"pos":[658.464294,-960.329285,137.529678],"rotationMatrix":[0.64230299,0.0376611948,-0.765524924,-0.408301234,0.862084329,-0.300167799,0.648642361,0.505363464,0.569096446],"scale":0.850028574,"type":"vine_bush_wide"}
{"ctxid":0,"pos":[653.483582,-961.440735,139.470917],"rotationMatrix":[-0.221236184,0.975220203,0,-0.975220203,-0.221236184,0,0,0,1],"scale":0.806320369,"type":"vine_bush_wide"}
{"ctxid":0,"pos":[654.939575,-965.654968,138.483871],"rotationMatrix":[-0.90463078,-0.426196128,0,0.426196128,-0.90463078,0,0,0,1],"scale":0.829420805,"type":"vine_bush_wide"}
{"ctxid":0,"pos":[638.961731,-965.458191,138.029877],"rotationMatrix":[0.546901762,0.33062923,0.769144177,-0.735705256,-0.248646736,0.63000983,0.399544984,-0.910416901,0.107260346],"scale":0.91843766,"type":"vine_bush_wide"}
{"ctxid":0,"pos":[645.612122,-964.066162,136.875336],"rotationMatrix":[-0.573126316,0.705964386,0.416101724,-0.720023453,-0.191381931,-0.667037666,-0.391270489,-0.681899726,0.617996871],"scale":0.841833949,"type":"vine_bush_wide"}
{"ctxid":0,"pos":[641.47113,-964.80304,139.575104],"rotationMatrix":[0.737340391,0.527072251,-0.422520906,-0.440644383,0.849357069,0.290559858,0.51201719,-0.028060019,0.858516753],"scale":0.96563971,"type":"vine_bush_wide"}
{"ctxid":0,"pos":[642.482788,-967.213501,138.766998],"rotationMatrix":[-0.230073333,-0.339428127,0.912060738,0.472988665,-0.858064294,-0.200018555,0.850498676,0.38537547,0.357963324],"scale":0.988547802,"type":"vine_bush_wide"}
{"ctxid":0,"pos":[646.626343,-967.792969,137.954102],"rotationMatrix":[0.0378258824,-0.988300502,-0.147753358,0.999150455,0.0349860787,0.0217723772,-0.0163483694,-0.148451418,0.988784552],"scale":0.904223323,"type":"vine_bush_wide"}
{"ctxid":0,"pos":[643.066101,-965.158081,137.828568],"rotationMatrix":[0.760220289,-0.528726935,0.377508849,0.634000301,0.476947904,-0.608739913,0.141805142,0.702117145,0.697798491],"scale":0.901752114,"type":"vine_bush_wide"}
{"ctxid":0,"pos":[647.030945,-966.109924,139.85083],"rotationMatrix":[-0.216483116,0.975990772,-0.02401492,-0.635000587,-0.159447432,-0.755877197,-0.741558433,-0.148385346,0.654272735],"scale":0.823024154,"type":"vine_bush_wide"}
{"ctxid":0,"pos":[642.964722,-963.715942,131.560226],"rotationMatrix":[0.959140599,-0.0503999889,0.278404623,0.282900095,0.185107946,-0.941117644,-0.0041025579,0.981424809,0.19180268],"scale":0.886421323,"type":"vine_bush_wide"}
{"ctxid":0,"pos":[641.31189,-967.569702,139.359329],"rotationMatrix":[0.418805957,-0.737379432,0.52997452,0.905393362,0.294250727,-0.306070685,0.0697449595,0.60801965,0.790852547],"scale":0.827826738,"type":"vine_bush_wide"}
{"ctxid":0,"pos":[642.187744,-965.812134,139.347687],"rotationMatrix":[0.139796853,0.229419142,0.963235974,-0.874675393,-0.427348018,0.228727549,0.464111686,-0.874494195,0.140925527],"scale":0.869645476,"type":"vine_bush_wide"}
{"ctxid":0,"pos":[648.265198,-967.902161,141.221466],"rotationMatrix":[0.516208768,-0.0922709852,0.851477861,-0.395385265,0.85622561,0.332487881,-0.75973618,-0.50829494,0.405508518],"scale":0.808649004,"type":"vine_bush_wide"}
{"ctxid":0,"pos":[644.6203,-968.729858,140.451813],"rotationMatrix":[0.796792388,-0.556783676,-0.234763175,0.249589205,-0.050562501,0.967030764,-0.55029726,-0.82911706,0.0986794233],"scale":0.834684551,"type":"vine_bush_wide"}
{"ctxid":0,"pos":[644.768982,-966.114685,136.693146],"rotationMatrix":[0.490092158,-0.128463387,-0.862152398,0.354098171,0.933134317,0.0622478426,0.796507418,-0.335793793,0.502810478],"scale":0.943462014,"type":"vine_bush_wide"}
{"ctxid":0,"pos":[643.467163,-967.37384,137.519714],"rotationMatrix":[-0.956038237,0.0329898447,-0.291379899,0.162359402,-0.76789856,-0.619653761,-0.244192556,-0.639721096,0.728784561],"scale":0.866351664,"type":"vine_bush_wide"}
{"ctxid":0,"pos":[640.619019,-963.435181,141.201859],"rotationMatrix":[-0.153277159,-0.0453640819,0.987141371,0.757144988,-0.647317171,0.0878173411,0.635009885,0.760869622,0.133566141],"scale":0.880230546,"type":"vine_bush_wide"}
{"ctxid":0,"pos":[639.143127,-964.348389,138.716873],"rotationMatrix":[-0.157063484,-0.979188859,-0.128530517,0.98313731,-0.167368293,0.0736806542,-0.0936592221,-0.114790604,0.988964617],"scale":0.861857116,"type":"vine_bush_wide"}
{"ctxid":0,"pos":[640.465698,-966.770264,138.694809],"rotationMatrix":[0.158988476,-0.91638577,-0.367368639,0.391288429,0.400116742,-0.828733921,0.906430304,-0.0119879842,0.422185123],"scale":0.931789398,"type":"vine_bush_wide"}
{"ctxid":0,"pos":[636.207764,-967.600647,130.794922],"rotationMatrix":[-0.689695835,0.584164917,0.427867651,-0.697398365,-0.694874763,-0.175454468,0.194820166,-0.419404477,0.886648178],"scale":0.969598949,"type":"vine_bush_wide"}
{"ctxid":0,"pos":[639.309631,-963.185852,138.205536],"rotationMatrix":[0.72803694,0.660569131,-0.183332086,-0.662995398,0.74646759,0.0567729361,0.174353898,0.0802155435,0.981410325],"scale":0.91499114,"type":"vine_bush_wide"}
{"ctxid":0,"pos":[635.139099,-965.624939,140.400177],"rotationMatrix":[0.924533844,-0.0420221165,-0.378776073,0.209706575,0.885993838,0.413567483,0.318214297,-0.461788952,0.827943563],"scale":0.979652345,"type":"vine_bush_wide"}
{"ctxid":0,"pos":[640.712097,-965.513123,140.718872],"rotationMatrix":[-0.384263992,-0.265644044,0.884180009,0.901207089,0.099973321,0.42170009,-0.200416505,0.95887351,0.20098424],"scale":0.876648068,"type":"vine_bush_wide"}
{"ctxid":0,"pos":[635.787903,-962.615417,139.704803],"rotationMatrix":[-0.842052817,0.00860164687,-0.539326012,0.0530559793,-0.993703008,-0.0986850709,-0.536778867,-0.111712545,0.836294591],"scale":0.904117823,"type":"vine_bush_wide"}
{"ctxid":0,"pos":[633.065552,-967.492004,139.93866],"rotationMatrix":[-0.790395856,0.213152498,0.574316919,-0.375463933,-0.909341455,-0.179233342,0.484046251,-0.357300669,0.798771143],"scale":0.968546629,"type":"vine_bush_wide"}
{"ctxid":0,"pos":[636.340149,-964.337158,140.386444],"rotationMatrix":[0.357212961,-0.339719862,-0.870051324,0.462135881,0.873782754,-0.151439846,0.811682999,-0.347985685,0.469123304],"scale":0.993355572,"type":"vine_bush_wide"}
{"ctxid":0,"pos":[640.180481,-967.741394,136.97583],"rotationMatrix":[-0.283627629,-0.33396703,-0.898899734,0.680052221,0.590842247,-0.434090108,0.67607969,-0.734418988,0.0595360398],"scale":0.902932882,"type":"vine_bush_wide"}
{"ctxid":0,"pos":[634.09906,-967.057617,138.682205],"rotationMatrix":[0.0136271119,-0.999397218,0.0319267511,0.783967793,-0.00914025307,-0.620734096,0.620651782,0.0334883034,0.783370852],"scale":0.980302453,"type":"vine_bush_wide"}
{"ctxid":0,"pos":[635.269226,-967.328491,131.138184],"rotationMatrix":[-0.291056991,-0.889048576,-0.353381127,0.955814242,-0.286162734,-0.0673038661,-0.0412881374,-0.357356012,0.933055162],"scale":0.804244757,"type":"vine_bush_wide"}
{"ctxid":0,"pos":[636.588135,-966.022705,136.755127],"rotationMatrix":[-0.285227656,0.932069302,0.223364145,-0.614965916,0.000782430172,-0.788552999,-0.735160947,-0.36227867,0.572968066],"scale":0.81626308,"type":"vine_bush_wide"}
{"ctxid":0,"pos":[633.047974,-966.094788,140.137024],"rotationMatrix":[0.861990273,0.50312072,-0.0619857349,-0.499957263,0.823559165,-0.267942011,-0.0837582946,0.261953652,0.961438954],"scale":0.91283989,"type":"vine_bush_wide"}
{"ctxid":0,"pos":[635.224915,-964.095215,138.424744],"rotationMatrix":[0.721939445,0.682475626,0.114150658,-0.671052754,0.730779707,-0.125096694,-0.168794438,0.0137111098,0.985555887],"scale":0.928899169,"type":"vine_bush_wide"}
{"ctxid":0,"pos":[633.865845,-969.918579,136.408661],"rotationMatrix":[-0.181252837,-0.415765703,-0.891227245,0.565701723,0.69721663,-0.44030723,0.804443121,-0.583975792,0.108826995],"scale":0.99384737,"type":"vine_bush_wide"}
{"ctxid":0,"pos":[633.542236,-963.953674,137.117401],"rotationMatrix":[0.0314789414,-0.734006226,-0.678412676,0.556305707,0.57676661,-0.598217547,0.830381155,-0.358573705,0.426487923],"scale":0.97189641,"type":"vine_bush_wide"}
{"ctxid":0,"pos":[637.433167,-964.686462,138.208847],"rotationMatrix":[0.459493697,-0.879969835,-0.12049289,0.888136268,0.456584215,0.0523901843,0.00891335309,-0.131087065,0.991330802],"scale":0.902708054,"type":"vine_bush_wide"}
{"ctxid":0,"pos":[643.261902,-966.290771,139.730408],"rotationMatrix":[0.342885375,-0.656913519,0.671486616,0.156911522,0.744830847,0.648541212,-0.926179409,-0.117011279,0.35846889],"scale":0.80264926,"type":"vine_bush_wide"}
{"ctxid":0,"pos":[636.825256,-962.671936,138.326691],"rotationMatrix":[-0.845667839,0.412942946,0.338118345,-0.370994747,-0.910262704,0.183806211,0.383677989,0.0299988836,0.922979593],"scale":0.887907386,"type":"vine_bush_wide"}
{"ctxid":0,"pos":[633.677795,-968.322266,138.382767],"rotationMatrix":[0.249529362,-0.793344557,-0.55528301,0.921086967,0.371435463,-0.116765827,0.298887312,-0.482327551,0.823423624],"scale":0.854047358,"type":"vine_bush_wide"}
{"ctxid":0,"pos":[637.623169,-966.646973,138.388275],"rotationMatrix":[0.953929245,0.300029397,0.00114576705,-0.29648453,0.942059278,0.156911403,0.0459986627,-0.150022089,0.987612009],"scale":0.99400866,"type":"vine_bush_wide"}
{"ctxid":0,"pos":[631.252686,-972.217896,138.689163],"rotationMatrix":[0.486403584,0.694053769,0.530754983,-0.684382677,-0.0749902725,0.725256383,0.543168366,-0.716006815,0.438522875],"scale":0.923225939,"type":"vine_bush_wide"}
{"ctxid":0,"pos":[629.326111,-968.668518,138.426025],"rotationMatrix":[0.962775469,0.263485163,0.0603235066,-0.247759774,0.949449182,-0.192772821,-0.108066887,0.170651212,0.979387403],"scale":0.976249635,"type":"vine_bush_wide"}
{"ctxid":0,"pos":[629.619202,-970.653931,138.356186],"rotationMatrix":[0.324920952,0.919798553,-0.21999304,-0.939797342,0.340060413,0.033761099,0.105864331,0.195779189,0.974917054],"scale":0.823439717,"type":"vine_bush_wide"}
{"ctxid":0,"pos":[630.867371,-969.973877,138.534164],"rotationMatrix":[-0.573028803,-0.810556412,-0.120980524,0.816996813,-0.553385496,-0.162112832,0.0644527301,-0.191736013,0.979327917],"scale":0.878904641,"type":"vine_bush_wide"}
{"ctxid":0,"pos":[628.745483,-969.610657,137.529846],"rotationMatrix":[0.544586718,-0.337901652,-0.767624676,-0.0822559744,0.889319837,-0.449826747,0.834661067,0.30811134,0.456517339],"scale":0.995226145,"type":"vine_bush_wide"}
{"ctxid":0,"pos":[632.029236,-967.522644,140.061371],"rotationMatrix":[0.0622258782,0.973888993,0.218330249,-0.871540785,0.159621179,-0.463613689,-0.486358404,-0.161434963,0.858716607],"scale":0.832419634,"type":"vine_bush_wide"}
{"ctxid":0,"pos":[632.154663,-970.899841,139.014343],"rotationMatrix":[-0.130710602,-0.971688867,-0.196812242,0.706314445,0.0480391383,-0.706266165,0.695725679,-0.231327981,0.680038929],"scale":0.882891059,"type":"vine_bush_wide"}
{"ctxid":0,"pos":[630.510742,-967.851807,138.364151],"rotationMatrix":[-0.184411407,0.952180207,-0.243607938,-0.97644645,-0.205738068,-0.0649894699,-0.11200121,0.225885332,0.967693925],"scale":0.873561978,"type":"vine_bush_wide"}
{"ctxid":0,"pos":[631.41803,-965.441467,139.652328],"rotationMatrix":[0.523756981,0.808923841,0.267059445,-0.851523638,0.488244236,0.191115052,0.0242073387,-0.327505261,0.944539189],"scale":0.981324553,"type":"vine_bush_wide"}
{"ctxid":0,"pos":[637.676697,-968.963623,129.506104],"rotationMatrix":[0.269236982,0.921940804,0.278453529,-0.959784865,0.232982993,0.156626105,0.0795251206,-0.309425056,0.947592676],"scale":0.99552387,"type":"vine_bush_wide"}
{"ctxid":0,"pos":[631.796753,-969.128357,138.480255],"rotationMatrix":[-0.524640322,0.690459847,0.498013735,-0.801420093,-0.597905755,-0.0153155923,0.287190437,-0.407153368,0.867033899],"scale":0.829028368,"type":"vine_bush_wide"}
{"ctxid":0,"pos":[630.854431,-966.4729,138.951279],"rotationMatrix":[0.393376768,-0.413689017,-0.821045637,0.595536828,0.795018733,-0.115243554,0.700421691,-0.443628848,0.559108973],"scale":0.98597455,"type":"vine_bush_wide"}
{"ctxid":0,"pos":[627.366821,-968.873657,138.870819],"rotationMatrix":[-0.803881526,-0.343042135,-0.485897452,0.592122972,-0.384292006,-0.708314836,0.0562553108,-0.857112348,0.512048483],"scale":0.977475941,"type":"vine_bush_wide"}
{"ctxid":0,"pos":[627.356812,-972.262268,138.892151],"rotationMatrix":[-0.900603652,0.433182776,-0.0355730057,-0.0604310334,-0.205846429,-0.976716518,-0.430419385,-0.877484918,0.211563885],"scale":0.940402508,"type":"vine_bush_wide"}
{"ctxid":0,"pos":[626.72467,-969.794312,138.489105],"rotationMatrix":[0.288575113,0.933794796,-0.211545438,-0.956761539,0.289659739,-0.0265416279,0.0364917442,0.210057825,0.977007687],"scale":0.969071388,"type":"vine_bush_wide"}
{"ctxid":0,"pos":[630.881409,-968.808533,138.500061],"rotationMatrix":[-0.890103579,0.455438375,-0.0170588195,-0.45445466,-0.889765143,-0.0422919616,-0.0344397314,-0.0298917741,0.998959661],"scale":0.813521445,"type":"vine_bush_wide"}
{"ctxid":0,"pos":[633.89978,-971.311462,128.724503],"rotationMatrix":[0.904144585,-0.319399983,-0.283736229,0.390162975,0.887882888,0.243796587,0.174055889,-0.331130743,0.927392542],"scale":0.941018999,"type":"vine_bush_wide"}
{"ctxid":0,"pos":[632.261536,-972.184387,128.743164],"rotationMatrix":[0.882745385,-0.340355337,-0.323911726,0.426880717,0.868990064,0.250258237,0.196299314,-0.359185964,0.912388086],"scale":0.84130317,"type":"vine_bush_wide"}
{"ctxid":0,"pos":[626.250122,-971.364807,138.040039],"rotationMatrix":[0.517679095,0.434433103,0.737072706,-0.853467822,0.322636366,0.409265518,-0.0600079298,-0.840936065,0.537796855],"scale":0.994518459,"type":"vine_bush_wide"}
{"ctxid":0,"pos":[634.715393,-969.266357,129.461288],"rotationMatrix":[0.993860245,-0.107585855,-0.0258286111,0.110179402,0.94100976,0.319939286,-0.010115969,-0.320820719,0.947085917],"scale":0.993164957,"type":"vine_bush_wide"}
{"ctxid":0,"pos":[632.553589,-969.820496,138.29303],"rotationMatrix":[-0.815477848,-0.377190918,0.439001977,0.482034832,-0.862439036,0.154406041,0.320371926,0.337528974,0.8851192],"scale":0.848031282,"type":"vine_bush_wide"}
{"ctxid":0,"pos":[628.58136,-972.249512,132.615158],"rotationMatrix":[-0.867761135,0.424859881,-0.257845432,0.0569961518,-0.430323124,-0.900873542,-0.493701965,-0.796439409,0.349202633],"scale":0.989957869,"type":"vine_bush_wide"}
{"ctxid":0,"pos":[628.200012,-968.363281,131.252563],"rotationMatrix":[-0.00242972374,0.871118903,-0.49106586,-0.582373381,-0.400431037,-0.707457304,-0.81291759,0.284264714,0.508289695],"scale":0.846615076,"type":"vine_bush_wide"}
{"ctxid":0,"pos":[616.43811,-970.86676,129.852356],"rotationMatrix":[0.663176417,-0.748063684,-0.0244482718,0.738058567,0.648180842,0.18743293,-0.124364883,-0.142345354,0.981973112],"scale":0.816062927,"type":"vine_bush_wide"}
