{"ctxid":0,"pos":[-919.581604,-24.3655376,141.889359],"rotationMatrix":[0.272552222,0.689514637,-0.671032667,-0.00854032114,0.699143171,0.714930594,0.962103128,-0.189125091,0.19644171],"scale":1.09498608,"type":"vine02_wall_painting"}
{"ctxid":0,"pos":[-920.12677,-24.9997654,146.036316],"rotationMatrix":[0.188047767,0.661252081,-0.726211786,0.0648431331,0.729431033,0.680974066,0.980016947,-0.175145492,0.0942902043],"scale":0.895144463,"type":"vine02_wall_painting"}
{"ctxid":0,"pos":[-924.662903,-13.7082586,151.338425],"rotationMatrix":[-0.638819337,0.486845553,-0.595727265,-0.656829774,0.0580714196,0.751799345,0.400604844,0.871555567,0.282677472],"scale":0.898449302,"type":"vine02_wall_painting"}
{"ctxid":0,"pos":[-920.080017,-18.7986088,144.509674],"rotationMatrix":[0.0878438652,0.748246431,-0.657579362,-0.350062877,0.64121449,0.682861507,0.932598174,0.170208931,0.318260074],"scale":1.09858274,"type":"vine02_wall_painting"}
{"ctxid":0,"pos":[-921.399536,-19.6329346,148.4944],"rotationMatrix":[-0.26948303,0.868317008,-0.416418314,-0.34187752,0.317986131,0.884310126,0.900276899,0.380670696,0.211166173],"scale":1.03675592,"type":"vine02_wall_painting"}
{"ctxid":0,"pos":[-921.803345,-16.2318707,154.207626],"rotationMatrix":[-0.140950412,0.884621143,-0.444498032,-0.102315709,0.433560073,0.895297229,0.984715462,0.171671629,0.029400168],"scale":0.958067298,"type":"vine02_wall_painting"}
{"ctxid":0,"pos":[-921.287659,-8.73571968,137.250946],"rotationMatrix":[-0.772045672,0.446594834,0.452214867,0.130521566,-0.58494091,0.800504863,0.622020364,0.677050233,0.393310785],"scale":1.13593781,"type":"vine02_wall_painting"}
{"ctxid":0,"pos":[-921.865051,-8.63994217,140.257477],"rotationMatrix":[-0.689044595,0.679262698,-0.252625138,-0.343847036,0.00043503195,0.939025521,0.63795495,0.733894825,0.233262748],"scale":0.837553024,"type":"vine02_wall_painting"}
{"ctxid":0,"pos":[-937.612366,-8.05755806,134.756393],"rotationMatrix":[-0.999997139,-0.0011857152,0.00204882398,0.00230586063,-0.292175591,0.95636183,-0.000535356463,0.956363916,0.292177558],"scale":1.09336591,"type":"vine02_wall_painting"}
{"ctxid":0,"pos":[-939.444153,-9.00597668,139.066223],"rotationMatrix":[-0.908117115,0.228026778,0.351179153,0.256837994,-0.359036565,0.897288382,0.330692023,0.90503937,0.267481357],"scale":1.08562171,"type":"vine02_wall_painting"}
{"ctxid":0,"pos":[-938.459412,-9.6878624,143.722015],"rotationMatrix":[-0.976774096,0,-0.214271098,-0.213959828,0.0538821816,0.975355148,0.0115453945,0.998547316,-0.0526307188],"scale":1.00165558,"type":"vine02_wall_painting"}
{"ctxid":0,"pos":[-929.922302,-6.94155025,135.277176],"rotationMatrix":[-0.828319907,-0.47523731,-0.296707898,-0.110453725,-0.380678535,0.918086946,-0.549259543,0.793242216,0.262831897],"scale":1.0413053,"type":"vine02_wall_painting"}
{"ctxid":0,"pos":[-933.890991,-6.6077466,132.455261],"rotationMatrix":[-0.977863967,-0.0712317228,0.196743459,0.198611841,-0.611860693,0.765623689,0.0658428371,0.787751377,0.612463951],"scale":1.12399209,"type":"vine02_wall_painting"}
{"ctxid":0,"pos":[-935.772339,-9.65293121,148.990631],"rotationMatrix":[-0.995087266,0.0981364548,0.0130462321,-0.00125652738,-0.144289434,0.989534855,0.098991856,0.984657109,0.143703863],"scale":1.08871222,"type":"vine02_wall_painting"}
{"ctxid":0,"pos":[-935.527283,-9.37371445,152.74913],"rotationMatrix":[-0.867196381,0.289706051,-0.405019581,-0.367818058,0.175621063,0.913163185,0.335678875,0.940865219,-0.0457389057],"scale":1.10980821,"type":"vine02_wall_painting"}
{"ctxid":0,"pos":[-447.875061,152.435226,151.002899],"rotationMatrix":[0.418579876,-0.806636453,0.417286992,0.13972874,0.511205554,0.848024011,-0.897366524,-0.296658754,0.326690644],"scale":0.890055716,"type":"vine02_wall_painting"}
{"ctxid":0,"pos":[-450.315308,152.566971,144.356384],"rotationMatrix":[0.373176724,-0.633734465,0.677583754,0.175273001,0.765349507,0.619289517,-0.911053479,-0.112342283,0.39668715],"scale":0.822376311,"type":"vine02_wall_painting"}
{"ctxid":0,"pos":[-446.685455,147.218185,150.508575],"rotationMatrix":[0.229448244,-0.869870245,0.436668277,0.336596191,0.491871357,0.802973032,-0.913266838,-0.0372597948,0.405654043],"scale":0.8727898,"type":"vine02_wall_painting"}
{"ctxid":0,"pos":[-448.616547,150.327667,147.093338],"rotationMatrix":[0.245901659,-0.959731698,0.135820463,0.551989079,0.253835559,0.794276595,-0.796768725,-0.120342575,0.592180073],"scale":0.878082752,"type":"vine02_wall_painting"}
{"ctxid":0,"pos":[-456.281158,169.077026,140.153412],"rotationMatrix":[1,0,0,0,1,0,0,0,1],"scale":1.04954326,"type":"vine02_wall_painting"}
{"ctxid":0,"pos":[-455.349701,168.238159,142.694519],"rotationMatrix":[0.18432802,-0.911987245,0.366473079,0.146860585,0.394232571,0.907200456,-0.971830845,-0.113402039,0.20660311],"scale":0.953294039,"type":"vine02_wall_painting"}
{"ctxid":0,"pos":[-453.830444,169.131241,145.018921],"rotationMatrix":[0.219524145,-0.940513968,0.25931114,0.31106621,0.319398344,0.895110309,-0.924687386,-0.115835384,0.362677813],"scale":0.802609563,"type":"vine02_wall_painting"}
{"ctxid":0,"pos":[-456.242371,176.08226,139.724945],"rotationMatrix":[1,0,0,0,1,0,0,0,1],"scale":1.0894922,"type":"vine02_wall_painting"}
{"ctxid":0,"pos":[-452.408813,167.291061,148.372345],"rotationMatrix":[0.49140054,-0.836956084,0.240893781,0.0062179938,0.279957026,0.959992409,-0.8709113,-0.470242918,0.142775208],"scale":1.13941753,"type":"vine02_wall_painting"}
{"ctxid":0,"pos":[-451.127899,167.201904,152.703918],"rotationMatrix":[0.308319151,-0.950748384,-0.0318883434,0.450334936,0.116348155,0.885246754,-0.837936521,-0.287298977,0.464027464],"scale":1.13904035,"type":"vine02_wall_painting"}
{"ctxid":0,"pos":[-434.229706,109.144829,160.667313],"rotationMatrix":[0.666714489,-0.744614124,-0.0322700292,0.36686936,0.290184021,0.883855224,-0.648766875,-0.601118028,0.466646016],"scale":0.823257685,"type":"vine02_wall_painting"}
{"ctxid":0,"pos":[-435.374329,111.207024,162.854858],"rotationMatrix":[0.80946064,-0.407716393,0.422540575,-0.107141376,0.604976118,0.789002061,-0.577316225,-0.683937907,0.446021199],"scale":0.933757067,"type":"vine02_wall_painting"}
{"ctxid":0,"pos":[-416.082245,56.6992607,172.033554],"rotationMatrix":[0.125484467,-0.960602641,0.247983843,0.239174932,0.27187866,0.93213588,-0.962833881,-0.0576570481,0.2638686],"scale":1.06093681,"type":"vine02_wall_painting"}
{"ctxid":0,"pos":[-416.245544,56.4522247,175.919998],"rotationMatrix":[-0.329446971,-0.931129754,-0.156404004,-0.316629201,-0.0471054912,0.947379053,-0.88950026,0.361633241,-0.279304117],"scale":0.913135588,"type":"vine02_wall_painting"}
{"ctxid":0,"pos":[-421.282745,53.1052322,178.99263],"rotationMatrix":[-0.663071632,-0.655201018,-0.362004429,-0.135201037,-0.370824724,0.918808579,-0.736244857,0.658179581,0.157299459],"scale":0.924746513,"type":"vine02_wall_painting"}
{"ctxid":0,"pos":[-417.975159,55.6497078,179.533661],"rotationMatrix":[-0.776080549,-0.630254507,0.0218675733,0.128002718,-0.123476207,0.984057426,-0.617506444,0.76650691,0.176501751],"scale":1.14376581,"type":"vine02_wall_painting"}
{"ctxid":0,"pos":[-416.602631,57.2424088,167.877396],"rotationMatrix":[-0.232130438,-0.969786286,-0.0750303268,0.159727588,-0.114095502,0.980545342,-0.959480286,0.215630084,0.181386694],"scale":0.812559664,"type":"vine02_wall_painting"}
{"ctxid":0,"pos":[-423.83902,49.6803856,178.900131],"rotationMatrix":[-0.677254498,-0.735505521,0.0189123824,0.59230423,-0.529785275,0.607044518,-0.436465114,0.422325581,0.794442654],"scale":0.824797571,"type":"vine02_wall_painting"}
{"ctxid":0,"pos":[-427.069977,47.1726189,177.844223],"rotationMatrix":[-0.53015548,-0.845988512,0.0569058657,0.630626678,-0.348551899,0.693413019,-0.566784799,0.403503001,0.718289673],"scale":1.05184329,"type":"vine02_wall_painting"}
{"ctxid":0,"pos":[-437.027313,119.150063,160.981293],"rotationMatrix":[0.351853162,-0.907208085,0.230592728,0.311257392,0.345719874,0.885209978,-0.882790029,-0.239690229,0.404017806],"scale":0.908203602,"type":"vine02_wall_painting"}
{"ctxid":0,"pos":[-439.47171,119.667213,156.678741],"rotationMatrix":[0.496820956,-0.79411006,0.350082934,0.291019022,0.53247714,0.794843316,-0.817604363,-0.29301402,0.495646954],"scale":1.11786652,"type":"vine02_wall_painting"}
{"ctxid":0,"pos":[-450.671082,165.468033,156.214996],"rotationMatrix":[0.155913681,-0.919803739,0.360071987,0.379118919,0.392334998,0.838058472,-0.912118196,0.00584533811,0.409885406],"scale":0.812732637,"type":"vine02_wall_painting"}
{"ctxid":0,"pos":[-407.790375,81.3100662,172.94812],"rotationMatrix":[0.105818599,-0.924582958,0.365990043,0.353898585,0.378975004,0.855063617,-0.929278314,0.0390417278,0.36731118],"scale":1.07181597,"type":"vine02_wall_painting"}
{"ctxid":0,"pos":[-452.359009,61.3454247,152.474426],"rotationMatrix":[-0.975388348,-0.158345744,0.153440475,0.168918788,-0.0893528014,0.981571317,-0.141717345,0.983332336,0.113901272],"scale":0.830530345,"type":"vine02_wall_painting"}
{"ctxid":0,"pos":[-725.695251,-820.778259,165.074692],"rotationMatrix":[0.512569547,-0.701204658,0.495564699,0.204339162,0.660179913,0.722777843,-0.833977103,-0.269210637,0.481671691],"scale":0.961741209,"type":"vine02_wall_painting"}
{"ctxid":0,"pos":[-730.232605,-811.75177,164.061264],"rotationMatrix":[1,0,0,0,1,0,0,0,1],"scale":0.86773181,"type":"vine02_wall_painting"}
{"ctxid":0,"pos":[-727.592407,-813.218262,167.447952],"rotationMatrix":[0.460309207,-0.887758613,0,0.35668087,0.18494159,0.915737629,-0.812953949,-0.421522468,0.40177685],"scale":0.952172399,"type":"vine02_wall_painting"}
{"ctxid":0,"pos":[-721.535767,-829.580933,167.111389],"rotationMatrix":[0.524162233,-0.794336855,0.307055056,0.252759755,0.489415109,0.83461678,-0.813244283,-0.35986352,0.457309335],"scale":0.840864062,"type":"vine02_wall_painting"}
{"ctxid":0,"pos":[63.911972,-746.553101,145.601074],"rotationMatrix":[0.903643727,-0.428285092,0,0.0890416875,0.187870085,0.978149533,-0.418926865,-0.883898675,0.207902849],"scale":0.81550175,"type":"vine02_wall_painting"}
{"ctxid":0,"pos":[67.4336395,-747.351685,147.83757],"rotationMatrix":[0.970619559,-0.239766851,-0.0202369373,0.0941120982,0.300884247,0.949005604,-0.221451104,-0.923027873,0.31460911],"scale":1.09498441,"type":"vine02_wall_painting"}
{"ctxid":0,"pos":[67.2410278,-750.468689,138.902405],"rotationMatrix":[0.98996073,0,-0.141342714,0.0985754579,0.716661096,0.690419972,0.101294823,-0.697421551,0.709466338],"scale":0.990977705,"type":"vine02_wall_painting"}
{"ctxid":0,"pos":[78.2754974,-749.987061,144.482529],"rotationMatrix":[0.979570448,-0.201101407,0,0.0651502386,0.317348599,0.946068347,-0.190255672,-0.926740587,0.323967099],"scale":1.00345838,"type":"vine02_wall_painting"}
{"ctxid":0,"pos":[74.0282211,-747.462341,152.916061],"rotationMatrix":[0.984623134,-0.174692109,0,0.0641820058,0.361751229,0.930062711,-0.162474617,-0.915761232,0.367400706],"scale":0.957471848,"type":"vine02_wall_painting"}
{"ctxid":0,"pos":[67.4580612,-746.327637,153.153809],"rotationMatrix":[0.968536437,-0.248871699,0,0.0812292397,0.316120625,0.945235133,-0.235242277,-0.91549468,0.326390028],"scale":1.01322412,"type":"vine02_wall_painting"}
{"ctxid":0,"pos":[62.9839668,-743.916077,153.414032],"rotationMatrix":[0.866671681,-0.498878986,0,0.236089706,0.410144091,0.880933344,-0.439479142,-0.763480008,0.473240435],"scale":0.951940417,"type":"vine02_wall_painting"}
{"ctxid":0,"pos":[87.1038971,-749.892578,151.275223],"rotationMatrix":[1,0,0,0,0.257735491,0.966215551,0,-0.966215551,0.257735491],"scale":1.07423103,"type":"vine02_wall_painting"}
{"ctxid":0,"pos":[82.979187,-749.169739,153.89061],"rotationMatrix":[1,0,0,0,0.480971754,0.876735926,0,-0.876735926,0.480971754],"scale":1.08001673,"type":"vine02_wall_painting"}
{"ctxid":0,"pos":[102.831467,-747.448853,153.74295],"rotationMatrix":[0.953783453,0.30049479,0,-0.113268062,0.359517723,0.926238358,0.27832979,-0.883430839,0.376938522],"scale":1.15721202,"type":"vine02_wall_painting"}
{"ctxid":0,"pos":[98.8802643,-749.271362,153.957947],"rotationMatrix":[0.965933383,0.258790821,0,-0.129407361,0.483011305,0.865998685,0.224112511,-0.836497068,0.500046194],"scale":0.845225811,"type":"vine02_wall_painting"}
{"ctxid":0,"pos":[96.9749374,-751.325378,149.479004],"rotationMatrix":[1,0,0,0,0.187384903,0.982286513,0,-0.982286513,0.187384903],"scale":1.18512321,"type":"vine02_wall_painting"}
{"ctxid":0,"pos":[74.385437,-753.449768,137.246872],"rotationMatrix":[0.96268791,0,0.270613998,-0.200120568,0.67315042,0.711913109,-0.182163924,-0.739505589,0.648033798],"scale":1.02903402,"type":"vine02_wall_painting"}
{"ctxid":0,"pos":[77.1237106,-752.005554,139.245972],"rotationMatrix":[1,0,0,0,0.448874474,0.893594742,0,-0.893594742,0.448874474],"scale":1.09225368,"type":"vine02_wall_painting"}
{"ctxid":0,"pos":[113.180679,-745.718628,147.184692],"rotationMatrix":[0.882575333,0.465279192,0.0676469505,-0.113067955,0.0703807026,0.991091311,0.456373185,-0.882361412,0.114724442],"scale":0.874666929,"type":"vine02_wall_painting"}
{"ctxid":0,"pos":[-455.518036,-802.023926,189.784805],"rotationMatrix":[0.900835395,0.431229144,0.0503681898,-0.0752290115,0.0407800004,0.99633199,0.42759335,-0.901320219,0.0691770241],"scale":0.874967635,"type":"vine02_wall_painting"}
{"ctxid":0,"pos":[-859.931702,-494.833099,155.172379],"rotationMatrix":[1,0,0,0,1,0,0,0,1],"scale":1.00923038,"type":"vine02_wall_painting"}
{"ctxid":0,"pos":[-860.223328,-494.416473,155.779327],"rotationMatrix":[1,0,0,0,1,0,0,0,1],"scale":0.886749148,"type":"vine02_wall_painting"}
{"ctxid":0,"pos":[-859.954468,-494.622925,155.721497],"rotationMatrix":[-0.0236372948,0.207698494,0.977907181,-0.877098143,0.465084523,-0.119980283,-0.479729205,-0.860556602,0.171178624],"scale":0.909911931,"type":"vine02_wall_painting"}
{"ctxid":0,"pos":[-858.128479,-495.833374,159.452438],"rotationMatrix":[0.115592271,0.297275752,0.947768748,-0.932020605,0.362405539,0,-0.343476653,-0.883340001,0.318958342],"scale":0.95380795,"type":"vine02_wall_painting"}
{"ctxid":0,"pos":[-860.463257,-495.511536,163.430969],"rotationMatrix":[0.0799782947,0.117829114,0.989807904,-0.82740128,0.561611116,0,-0.555887103,-0.818968356,0.142408669],"scale":1.18996203,"type":"vine02_wall_painting"}
{"ctxid":0,"pos":[-859.708618,-494.808167,168.303604],"rotationMatrix":[0.103643619,0.120820194,0.987248957,-0.7589975,0.651093543,0,-0.64279139,-0.749319434,0.159183919],"scale":0.992989421,"type":"vine02_wall_painting"}
{"ctxid":0,"pos":[-847.712891,-505.047577,156.595764],"rotationMatrix":[0.284702063,0.230661228,0.930451572,-0.629508317,0.776993692,0,-0.722954988,-0.585726976,0.366414905],"scale":1.14854002,"type":"vine02_wall_painting"}
{"ctxid":0,"pos":[-847.393005,-502.560089,160.653809],"rotationMatrix":[0.172265619,0.433530152,0.884520292,-0.929321647,0.369271159,0,-0.326627821,-0.822003841,0.466501713],"scale":0.870722771,"type":"vine02_wall_painting"}
{"ctxid":1,"pos":[-790.943359,-784.05127,165.325668],"rotationMatrix":[0.99999994,0,0,0,0.99999994,0,0,0,0.999999881],"scale":0.818954825,"type":"vine02_wall_painting"}
{"ctxid":1,"pos":[-787.144287,-787.383972,159.997711],"rotationMatrix":[0.99999994,0,0,0,0.99999994,0,0,0,0.999999881],"scale":1.00264692,"type":"vine02_wall_painting"}
{"ctxid":1,"pos":[-787.794312,-785.197449,160.10611],"rotationMatrix":[0.99999994,0,0,0,0.99999994,0,0,0,0.999999881],"scale":0.805916965,"type":"vine02_wall_painting"}
{"ctxid":1,"pos":[-790.02179,-786.989197,160.079987],"rotationMatrix":[0.99999994,0,0,0,0.99999994,0,0,0,0.999999881],"scale":0.997034907,"type":"vine02_wall_painting"}
{"ctxid":1,"pos":[-788.340454,-787.057312,160.455338],"rotationMatrix":[0.99999994,0,0,0,0.99999994,0,0,0,0.999999881],"scale":1.13602436,"type":"vine02_wall_painting"}
{"ctxid":1,"pos":[-786.209229,-791.889404,170.595963],"rotationMatrix":[0.99999994,0,0,0,0.99999994,0,0,0,0.999999881],"scale":1.01151514,"type":"vine02_wall_painting"}
{"ctxid":1,"pos":[-790.384644,-791.082947,178.616058],"rotationMatrix":[0.99999994,0,0,0,0.99999994,0,0,0,0.999999881],"scale":0.8274979,"type":"vine02_wall_painting"}
{"ctxid":1,"pos":[-788.651245,-792.272522,178.69989],"rotationMatrix":[0.99999994,0,0,0,0.99999994,0,0,0,0.999999881],"scale":0.862538159,"type":"vine02_wall_painting"}
{"ctxid":1,"pos":[-788.632385,-790.45697,178.483688],"rotationMatrix":[0.99999994,0,0,0,0.99999994,0,0,0,0.999999881],"scale":1.15551913,"type":"vine02_wall_painting"}
{"ctxid":1,"pos":[-786.690979,-795.571533,178.693726],"rotationMatrix":[0.99999994,0,0,0,0.99999994,0,0,0,0.999999881],"scale":0.900671363,"type":"vine02_wall_painting"}
{"ctxid":1,"pos":[-782.16217,-798.209106,182.229431],"rotationMatrix":[0.99999994,0,0,0,0.99999994,0,0,0,0.999999881],"scale":1.11520827,"type":"vine02_wall_painting"}
{"ctxid":1,"pos":[-798.572876,-777.236877,178.514572],"rotationMatrix":[0.99999994,0,0,0,0.99999994,0,0,0,0.999999881],"scale":0.908795774,"type":"vine02_wall_painting"}
{"ctxid":1,"pos":[-801.912903,-779.537964,183.758667],"rotationMatrix":[0.99999994,0,0,0,0.99999994,0,0,0,0.999999881],"scale":0.823385239,"type":"vine02_wall_painting"}
{"ctxid":1,"pos":[-797.449707,-778.970276,178.319733],"rotationMatrix":[0.99999994,0,0,0,0.99999994,0,0,0,0.999999881],"scale":1.1536237,"type":"vine02_wall_painting"}
{"ctxid":1,"pos":[-807.052673,-773.366516,185.116211],"rotationMatrix":[0.99999994,0,0,0,0.99999994,0,0,0,0.999999881],"scale":1.1647768,"type":"vine02_wall_painting"}
{"ctxid":1,"pos":[-804.148804,-771.766541,182.916428],"rotationMatrix":[0.99999994,0,0,0,0.99999994,0,0,0,0.999999881],"scale":0.918915749,"type":"vine02_wall_painting"}
{"ctxid":1,"pos":[-799.952576,-774.022034,172.290115],"rotationMatrix":[0.99999994,0,0,0,0.99999994,0,0,0,0.999999881],"scale":0.971934438,"type":"vine02_wall_painting"}
{"ctxid":1,"pos":[-801.928833,-772.979797,164.590439],"rotationMatrix":[0.99999994,0,0,0,0.99999994,0,0,0,0.999999881],"scale":1.14529824,"type":"vine02_wall_painting"}
{"ctxid":1,"pos":[-805.6698,-766.838867,178.604233],"rotationMatrix":[0.99999994,0,0,0,0.99999994,0,0,0,0.999999881],"scale":1.15836763,"type":"vine02_wall_painting"}
{"ctxid":1,"pos":[-805.52063,-766.245117,178.35022],"rotationMatrix":[0.99999994,0,0,0,0.99999994,0,0,0,0.999999881],"scale":1.06330621,"type":"vine02_wall_painting"}
{"ctxid":1,"pos":[-804.51355,-766.003784,178.1642],"rotationMatrix":[0.99999994,0,0,0,0.99999994,0,0,0,0.999999881],"scale":1.0526408,"type":"vine02_wall_painting"}
{"ctxid":1,"pos":[-802.86145,-767.864624,177.329041],"rotationMatrix":[0.99999994,0,0,0,0.99999994,0,0,0,0.999999881],"scale":1.1539197,"type":"vine02_wall_painting"}
{"ctxid":1,"pos":[-803.935852,-766.029724,177.984558],"rotationMatrix":[0.99999994,0,0,0,0.99999994,0,0,0,0.999999881],"scale":1.14812076,"type":"vine02_wall_painting"}
{"ctxid":1,"pos":[-804.050964,-768.018982,178.187805],"rotationMatrix":[0.99999994,0,0,0,0.99999994,0,0,0,0.999999881],"scale":0.817801893,"type":"vine02_wall_painting"}
{"ctxid":1,"pos":[-789.40387,-788.461121,173.189499],"rotationMatrix":[0.99999994,0,0,0,0.99999994,0,0,0,0.999999881],"scale":0.990798712,"type":"vine02_wall_painting"}
{"ctxid":1,"pos":[-771.05719,-804.099304,158.016846],"rotationMatrix":[0.99999994,0,0,0,0.99999994,0,0,0,0.999999881],"scale":1.1217736,"type":"vine02_wall_painting"}
{"ctxid":1,"pos":[-772.180176,-806.498718,157.968277],"rotationMatrix":[0.99999994,0,0,0,0.99999994,0,0,0,0.999999881],"scale":1.01205325,"type":"vine02_wall_painting"}
{"ctxid":1,"pos":[-781.7677,-797.554443,161.103806],"rotationMatrix":[0.99999994,0,0,0,0.99999994,0,0,0,0.999999881],"scale":1.15719986,"type":"vine02_wall_painting"}
{"ctxid":1,"pos":[-780.9823,-799.622192,159.817535],"rotationMatrix":[0.99999994,0,0,0,0.99999994,0,0,0,0.999999881],"scale":1.17735589,"type":"vine02_wall_painting"}
{"ctxid":1,"pos":[-780.94928,-797.523804,158.996704],"rotationMatrix":[0.99999994,0,0,0,0.99999994,0,0,0,0.999999881],"scale":0.896256447,"type":"vine02_wall_painting"}
{"ctxid":1,"pos":[-779.876953,-799.674927,159.377594],"rotationMatrix":[0.99999994,0,0,0,0.99999994,0,0,0,0.999999881],"scale":0.929713964,"type":"vine02_wall_painting"}
{"ctxid":1,"pos":[-780.811218,-793.8927,155.370544],"rotationMatrix":[0.99999994,0,0,0,0.99999994,0,0,0,0.999999881],"scale":0.851910055,"type":"vine02_wall_painting"}
{"ctxid":1,"pos":[-774.491699,-799.259094,170.166611],"rotationMatrix":[0.99999994,0,0,0,0.99999994,0,0,0,0.999999881],"scale":0.955479026,"type":"vine02_wall_painting"}
{"ctxid":1,"pos":[-764.712891,-803.638367,171.418137],"rotationMatrix":[0.99999994,0,0,0,0.99999994,0,0,0,0.999999881],"scale":0.813909352,"type":"vine02_wall_painting"}
{"ctxid":1,"pos":[-763.825195,-805.353271,172.935699],"rotationMatrix":[0.99999994,0,0,0,0.99999994,0,0,0,0.999999881],"scale":0.848952949,"type":"vine02_wall_painting"}
{"ctxid":1,"pos":[-766.143616,-808.3526,178.370102],"rotationMatrix":[0.99999994,0,0,0,0.99999994,0,0,0,0.999999881],"scale":1.17852116,"type":"vine02_wall_painting"}
{"ctxid":1,"pos":[-767.119751,-809.096924,178.296417],"rotationMatrix":[0.99999994,0,0,0,0.99999994,0,0,0,0.999999881],"scale":0.822999001,"type":"vine02_wall_painting"}
{"ctxid":1,"pos":[-768.694397,-807.807922,176.585831],"rotationMatrix":[0.99999994,0,0,0,0.99999994,0,0,0,0.999999881],"scale":1.10728753,"type":"vine02_wall_painting"}
{"ctxid":1,"pos":[-764.168335,-807.321472,177.601685],"rotationMatrix":[0.99999994,0,0,0,0.99999994,0,0,0,0.999999881],"scale":0.954791427,"type":"vine02_wall_painting"}
{"ctxid":1,"pos":[-763.270813,-807.183228,175.873703],"rotationMatrix":[0.99999994,0,0,0,0.99999994,0,0,0,0.999999881],"scale":0.978563428,"type":"vine02_wall_painting"}
{"ctxid":1,"pos":[-768.549622,-810.012634,178.685638],"rotationMatrix":[0.99999994,0,0,0,0.99999994,0,0,0,0.999999881],"scale":1.0873369,"type":"vine02_wall_painting"}
{"ctxid":1,"pos":[-768.01178,-811.76886,185.552551],"rotationMatrix":[0.99999994,0,0,0,0.99999994,0,0,0,0.999999881],"scale":0.963527799,"type":"vine02_wall_painting"}
{"ctxid":1,"pos":[-765.575684,-811.206482,185.035049],"rotationMatrix":[0.99999994,0,0,0,0.99999994,0,0,0,0.999999881],"scale":1.00392318,"type":"vine02_wall_painting"}
{"ctxid":1,"pos":[-765.852661,-810.853577,185.035828],"rotationMatrix":[0.99999994,0,0,0,0.99999994,0,0,0,0.999999881],"scale":0.957514763,"type":"vine02_wall_painting"}
{"ctxid":1,"pos":[-765.499878,-810.682068,184.948914],"rotationMatrix":[0.99999994,0,0,0,0.99999994,0,0,0,0.999999881],"scale":1.01727283,"type":"vine02_wall_painting"}
{"ctxid":1,"pos":[-765.706909,-813.725647,177.687775],"rotationMatrix":[0.99999994,0,0,0,0.99999994,0,0,0,0.999999881],"scale":1.07132936,"type":"vine02_wall_painting"}
{"ctxid":1,"pos":[-765.715576,-812.468811,178.883972],"rotationMatrix":[0.99999994,0,0,0,0.99999994,0,0,0,0.999999881],"scale":1.0595535,"type":"vine02_wall_painting"}
{"ctxid":1,"pos":[-828.817383,-747.620544,174.257217],"rotationMatrix":[0.99999994,0,0,0,0.99999994,0,0,0,0.999999881],"scale":1.01083958,"type":"vine02_wall_painting"}
{"ctxid":1,"pos":[-827.101562,-749.677856,175.77179],"rotationMatrix":[0.99999994,0,0,0,0.99999994,0,0,0,0.999999881],"scale":1.12969768,"type":"vine02_wall_painting"}
{"ctxid":1,"pos":[-826.010864,-750.197632,168.903671],"rotationMatrix":[0.99999994,0,0,0,0.99999994,0,0,0,0.999999881],"scale":1.07462656,"type":"vine02_wall_painting"}
{"ctxid":1,"pos":[-827.312866,-750.682068,164.381744],"rotationMatrix":[0.99999994,0,0,0,0.99999994,0,0,0,0.999999881],"scale":1.16803992,"type":"vine02_wall_painting"}
{"ctxid":1,"pos":[-824.89325,-747.436157,159.302505],"rotationMatrix":[0.99999994,0,0,0,0.99999994,0,0,0,0.999999881],"scale":1.08099556,"type":"vine02_wall_painting"}
{"ctxid":1,"pos":[-827.288391,-751.672058,164.490906],"rotationMatrix":[0.99999994,0,0,0,0.99999994,0,0,0,0.999999881],"scale":0.979549944,"type":"vine02_wall_painting"}
