{"ctxid":0,"pos":[817.971924,939.301941,156.434616],"rotationMatrix":[0.964306414,-0.264788777,0,0.264788777,0.964306414,0,0,0,1],"scale":0.828843474,"type":"vine_ground_large"}
{"ctxid":0,"pos":[789.949402,905.862549,155.38147],"rotationMatrix":[-0.98483932,-0.173469141,0,0.173469141,-0.98483932,0,0,0,1],"scale":0.881706178,"type":"vine_ground_large"}
{"ctxid":0,"pos":[794.534729,906.106812,155.117554],"rotationMatrix":[-0.804538429,0.593900561,0,-0.593900561,-0.804538429,0,0,0,1],"scale":0.953128397,"type":"vine_ground_large"}
{"ctxid":0,"pos":[794.791809,907.21405,155.350281],"rotationMatrix":[-0.99515605,-0.0983079821,0,0.0983079821,-0.99515605,0,0,0,1],"scale":0.95999521,"type":"vine_ground_large"}
{"ctxid":0,"pos":[777.661316,937.562622,148.219879],"rotationMatrix":[0.120304793,0.992736995,0,-0.992736995,0.120304793,0,0,0,1],"scale":0.872267783,"type":"vine_ground_large"}
{"ctxid":0,"pos":[776.290222,937.302673,148.941299],"rotationMatrix":[0.617902279,0.786254883,0,-0.786254883,0.617902279,0,0,0,1],"scale":0.997539699,"type":"vine_ground_large"}
{"ctxid":0,"pos":[793.187622,937.008118,148.098755],"rotationMatrix":[-0.0125987018,-0.999920607,0,0.999920607,-0.0125987018,0,0,0,1],"scale":0.849785686,"type":"vine_ground_large"}
{"ctxid":0,"pos":[795.411987,937.884827,148.098755],"rotationMatrix":[-0.999783874,-0.020788515,0,0.020788515,-0.999783874,0,0,0,1],"scale":0.835555375,"type":"vine_ground_large"}
{"ctxid":0,"pos":[783.673035,945.082397,148.813263],"rotationMatrix":[-0.3925336,0.919737637,0,-0.919737637,-0.3925336,0,0,0,1],"scale":0.924102426,"type":"vine_ground_large"}
{"ctxid":0,"pos":[62.6554451,504.788269,157.998657],"rotationMatrix":[0.979347348,-0.202185005,0,0.202185005,0.979347348,0,0,0,1],"scale":0.843700707,"type":"vine_ground_large"}
{"ctxid":0,"pos":[61.6207047,505.942413,159.111359],"rotationMatrix":[-0.884880483,-0.465818137,0,0.465818137,-0.884880483,0,0,0,1],"scale":0.914011002,"type":"vine_ground_large"}
{"ctxid":0,"pos":[53.3927155,493.534302,157.998657],"rotationMatrix":[-0.9995386,0.0303735193,0,-0.0303735193,-0.9995386,0,0,0,1],"scale":0.957105875,"type":"vine_ground_large"}
{"ctxid":0,"pos":[51.8283615,493.432526,157.998657],"rotationMatrix":[0.697943628,-0.716152728,0,0.716152728,0.697943628,0,0,0,1],"scale":0.917895794,"type":"vine_ground_large"}
{"ctxid":0,"pos":[69.9148941,494.774353,157.998657],"rotationMatrix":[-0.938310921,0.345792681,0,-0.345792681,-0.938310921,0,0,0,1],"scale":0.912140369,"type":"vine_ground_large"}
{"ctxid":0,"pos":[73.1678848,495.786743,157.998657],"rotationMatrix":[-0.12377356,-0.992310464,0,0.992310464,-0.12377356,0,0,0,1],"scale":0.923157454,"type":"vine_ground_large"}
{"ctxid":0,"pos":[80.7073975,508.267273,157.998657],"rotationMatrix":[-0.537713826,-0.843127429,0,0.843127429,-0.537713826,0,0,0,1],"scale":0.941390336,"type":"vine_ground_large"}
{"ctxid":0,"pos":[83.348526,509.629028,157.998657],"rotationMatrix":[-0.167895511,0.985804796,0,-0.985804796,-0.167895511,0,0,0,1],"scale":0.97728169,"type":"vine_ground_large"}
{"ctxid":0,"pos":[45.2079811,533.574524,157.998657],"rotationMatrix":[0.363889962,-0.931441963,0,0.931441963,0.363889962,0,0,0,1],"scale":0.853441596,"type":"vine_ground_large"}
{"ctxid":0,"pos":[45.3463783,531.608582,157.998657],"rotationMatrix":[-0.264917046,0.964271188,0,-0.964271188,-0.264917046,0,0,0,1],"scale":0.950845242,"type":"vine_ground_large"}
{"ctxid":0,"pos":[449.272919,-194.610748,163.574768],"rotationMatrix":[-0.309764653,0.950813293,0,-0.950813293,-0.309764653,0,0,0,1],"scale":0.823195279,"type":"vine_ground_large"}
{"ctxid":0,"pos":[448.972168,-194.123428,163.574768],"rotationMatrix":[-0.887289464,-0.461212873,0,0.461212873,-0.887289464,0,0,0,1],"scale":0.831005037,"type":"vine_ground_large"}
{"ctxid":0,"pos":[323.020294,-190.245834,160.225143],"rotationMatrix":[0.902679443,0.430313677,0,-0.430313677,0.902679443,0,0,0,1],"scale":0.817712963,"type":"vine_ground_large"}
{"ctxid":0,"pos":[314.631409,-180.796494,160.287918],"rotationMatrix":[-0.652909279,-0.757436156,0,0.757436156,-0.652909279,0,0,0,1],"scale":0.920806646,"type":"vine_ground_large"}
{"ctxid":0,"pos":[-33.8468895,-528.043213,131.308044],"rotationMatrix":[-0.509265542,-0.860609472,0,0.860609472,-0.509265542,0,0,0,1],"scale":0.976673007,"type":"vine_ground_large"}
{"ctxid":0,"pos":[972.849426,-656.784058,128.071686],"rotationMatrix":[-0.887507915,-0.459314525,0.0368720144,0.460589767,-0.881902456,0.100522593,-0.0136539619,0.106197491,0.994251311],"scale":0.992898285,"type":"vine_ground_large"}
{"ctxid":0,"pos":[969.569275,-663.282227,128.150558],"rotationMatrix":[-0.972054958,0.21653913,-0.0906608403,-0.218789384,-0.975647926,0.0155451987,-0.0850869417,0.0349464267,0.9957605],"scale":0.893788517,"type":"vine_ground_large"}
{"ctxid":0,"pos":[971.73053,-666.789001,128.176453],"rotationMatrix":[0.449437737,-0.893295109,-0.00542669697,0.893264711,0.449343562,0.0129775889,-0.00915436633,-0.0106800944,0.999901056],"scale":0.866750062,"type":"vine_ground_large"}
{"ctxid":0,"pos":[972.971863,-667.97821,128.181946],"rotationMatrix":[-0.733765125,0.679269791,-0.013435645,-0.679155946,-0.733888149,-0.0124357175,-0.0183074754,0,0.999832392],"scale":0.856420517,"type":"vine_ground_large"}
{"ctxid":0,"pos":[970.061646,-667.885254,128.112259],"rotationMatrix":[-0.636847377,0.770675659,-0.0219911709,-0.770444512,-0.637210608,-0.019419577,-0.0289792158,0.00457566557,0.999569535],"scale":0.909679174,"type":"vine_ground_large"}
{"ctxid":0,"pos":[971.274048,-667.690002,128.121475],"rotationMatrix":[-0.296268582,0.954738975,0.0264238995,-0.95506072,-0.295876503,-0.0177732799,-0.00915062986,-0.0305020977,0.999492824],"scale":0.84715575,"type":"vine_ground_large"}
{"ctxid":0,"pos":[970.822449,-672.027344,128.218887],"rotationMatrix":[-0.995273829,-0.0580206141,0.0778674707,0.0623703301,-0.996556044,0.054641027,0.0744290128,0.0592394136,0.995465219],"scale":0.960387349,"type":"vine_ground_large"}
{"ctxid":0,"pos":[972.276978,-676.615723,128.362915],"rotationMatrix":[0.775646687,0.629346967,-0.0479017682,-0.630355358,0.776263118,-0.00822883658,0.032005582,0.0365778059,0.998818159],"scale":0.882927299,"type":"vine_ground_large"}
{"ctxid":0,"pos":[973.42804,-671.433533,128.17041],"rotationMatrix":[0.922945678,-0.383949697,0.027456319,0.384055793,0.923308671,0.00150924223,-0.0259301309,0.00915181078,0.999621868],"scale":0.99444741,"type":"vine_ground_large"}
{"ctxid":0,"pos":[971.502808,-674.420227,128.389694],"rotationMatrix":[-0.000670433044,0.999536157,-0.0304410011,-0.995699644,0.00215262175,0.0926126614,0.0926352441,0.0303722117,0.995236754],"scale":0.974003136,"type":"vine_ground_large"}
{"ctxid":0,"pos":[975.179199,-686.43042,128.525024],"rotationMatrix":[-0.990409255,0.116869412,0.0736943334,-0.116319306,-0.993142486,0.0117278006,0.0745595992,0.00304324925,0.997211933],"scale":0.868413329,"type":"vine_ground_large"}
{"ctxid":0,"pos":[976.854248,-685.30188,128.247696],"rotationMatrix":[-0.89949894,0.422377735,0.111795403,-0.422675759,-0.90600872,0.0221972223,0.110663258,-0.0272868332,0.993483305],"scale":0.861673534,"type":"vine_ground_large"}
{"ctxid":0,"pos":[776.33667,802.947449,144.581116],"rotationMatrix":[0.871811569,-0.489839584,0.0013302787,0.489838988,0.871812582,0.000747435028,-0.00152587693,2.91038305e-11,0.999998808],"scale":0.992839336,"type":"vine_ground_large"}
{"ctxid":0,"pos":[776.439026,800.997986,144.580078],"rotationMatrix":[-0.643413424,-0.765515089,0.0023361668,0.765518665,-0.643410444,0.00196353346,-1.16415322e-10,0.00305174338,0.999995351],"scale":0.947101355,"type":"vine_ground_large"}
{"ctxid":0,"pos":[777.230103,801.456543,144.582886],"rotationMatrix":[-0.954138517,-0.29934594,-0.00336856558,0.299349338,-0.954143167,-0.000542365422,-0.00305173988,-0.00152586983,0.999994159],"scale":0.827726662,"type":"vine_ground_large"}
{"ctxid":0,"pos":[776.880066,803.799805,144.590088],"rotationMatrix":[0.584288061,0.811533213,0.00460645696,-0.811544895,0.584288239,0.00143634027,-0.00152586075,-0.00457758317,0.999988377],"scale":0.872729301,"type":"vine_ground_large"}
{"ctxid":0,"pos":[-729.597168,804.699158,146.498657],"rotationMatrix":[0.994829953,0.101554327,0,-0.101554327,0.994829953,0,0,0,1],"scale":0.882964373,"type":"vine_ground_large"}
{"ctxid":0,"pos":[658.913635,41.1796646,132.445816],"rotationMatrix":[0.898072422,-0.439847589,0,0.439847589,0.898072422,0,0,0,1],"scale":0.901808918,"type":"vine_ground_large"}
{"ctxid":0,"pos":[661.486084,41.048378,132.445816],"rotationMatrix":[-0.56671828,0.823911309,0,-0.823911309,-0.56671828,0,0,0,1],"scale":0.93939805,"type":"vine_ground_large"}
{"ctxid":0,"pos":[642.684998,32.4055367,139.649887],"rotationMatrix":[0.137315661,-0.990527332,0,0.990527332,0.137315661,0,0,0,1],"scale":0.823113501,"type":"vine_ground_large"}
{"ctxid":0,"pos":[642.783691,36.1197662,139.649887],"rotationMatrix":[-0.85938859,-0.511322737,0,0.511322737,-0.85938859,0,0,0,1],"scale":0.889034629,"type":"vine_ground_large"}
{"ctxid":0,"pos":[652.724915,39.7811127,139.649887],"rotationMatrix":[-0.794359565,-0.607447803,0,0.607447803,-0.794359565,0,0,0,1],"scale":0.93153429,"type":"vine_ground_large"}
{"ctxid":0,"pos":[644.892944,43.805336,139.649887],"rotationMatrix":[0.544453621,-0.838790834,0,0.838790834,0.544453621,0,0,0,1],"scale":0.886692166,"type":"vine_ground_large"}
{"ctxid":0,"pos":[648.827148,41.3464966,139.649887],"rotationMatrix":[0.674288809,0.738467813,0,-0.738467813,0.674288809,0,0,0,1],"scale":0.818452418,"type":"vine_ground_large"}
{"ctxid":0,"pos":[637.43634,41.6737633,139.649887],"rotationMatrix":[-0.662916541,-0.748693228,0,0.748693228,-0.662916541,0,0,0,1],"scale":0.926610172,"type":"vine_ground_large"}
{"ctxid":0,"pos":[645.749817,45.2408295,139.649872],"rotationMatrix":[0.195307076,-0.980742097,0,0.980742097,0.195307076,0,0,0,1],"scale":0.815976381,"type":"vine_ground_large"}
{"ctxid":0,"pos":[637.178894,46.9294052,139.655411],"rotationMatrix":[0.858769298,0.51236254,0,-0.51236254,0.858769298,0,0,0,1],"scale":0.829143465,"type":"vine_ground_large"}
{"ctxid":0,"pos":[634.317078,39.3426323,143.265671],"rotationMatrix":[-0.0326360725,-0.999467075,0,0.999467075,-0.0326360725,0,0,0,1],"scale":0.911616147,"type":"vine_ground_large"}
{"ctxid":0,"pos":[627.401367,38.6302299,143.265671],"rotationMatrix":[-0.98435849,0.176175684,0,-0.176175684,-0.98435849,0,0,0,1],"scale":0.972700953,"type":"vine_ground_large"}
{"ctxid":0,"pos":[646.532959,47.5922012,139.649887],"rotationMatrix":[-0.298464239,0.954420745,0,-0.954420745,-0.298464239,0,0,0,1],"scale":0.869208694,"type":"vine_ground_large"}
{"ctxid":0,"pos":[646.170044,48.4324951,139.649887],"rotationMatrix":[-0.87477386,-0.484531313,0,0.484531313,-0.87477386,0,0,0,1],"scale":0.838500619,"type":"vine_ground_large"}
{"ctxid":0,"pos":[635.894714,52.4078789,143.265686],"rotationMatrix":[0.034047462,-0.999420047,0,0.999420047,0.034047462,0,0,0,1],"scale":0.972514927,"type":"vine_ground_large"}
{"ctxid":0,"pos":[626.375732,51.7829247,141.395401],"rotationMatrix":[-0.270030528,-0.0267511066,0.962480068,0.957791626,0.0948859677,0.271352321,-0.0985848308,0.995128751,-1.1920929e-07],"scale":0.992720962,"type":"vine_ground_large"}
{"ctxid":0,"pos":[626.914551,51.8239365,136.312454],"rotationMatrix":[-8.45847126e-09,1.18908829e-07,1,0.996082783,0.0884250998,-2.08918682e-09,-0.0884250998,0.996082783,-1.19190979e-07],"scale":0.896419168,"type":"vine_ground_large"}
{"ctxid":0,"pos":[608.770874,42.1214333,137.695099],"rotationMatrix":[0.192449406,0.316132754,-0.928989768,-0.607901454,-0.704752982,-0.365757823,-0.77033639,0.635124028,0.0565483272],"scale":0.926447988,"type":"vine_ground_large"}
{"ctxid":0,"pos":[608.677917,41.9746475,144.022827],"rotationMatrix":[-0.569918692,-0.679925144,-0.46140492,-0.296400398,-0.353611708,0.887189806,-0.766380787,0.642386675,-1.33855536e-07],"scale":0.85642606,"type":"vine_ground_large"}
{"ctxid":0,"pos":[608.239929,41.7063179,144.27269],"rotationMatrix":[-0.688321888,0.725405157,0,-0.725405157,-0.688321888,0,0,0,1],"scale":0.831026495,"type":"vine_ground_large"}
{"ctxid":0,"pos":[611.410706,41.5424957,143.335556],"rotationMatrix":[-0.861257553,0.50816834,0,-0.50816834,-0.861257553,0,0,0,1],"scale":0.852308393,"type":"vine_ground_large"}
{"ctxid":0,"pos":[607.271729,38.4537773,143.335571],"rotationMatrix":[0.972324729,0.23363331,0,-0.23363331,0.972324729,0,0,0,1],"scale":0.833520651,"type":"vine_ground_large"}
{"ctxid":0,"pos":[609.288818,-8.95915699,136.050812],"rotationMatrix":[0.946747839,0.321975887,0,-0.321975887,0.946747839,0,0,0,1],"scale":0.981566608,"type":"vine_ground_large"}
{"ctxid":0,"pos":[609.400513,3.41539574,139.649887],"rotationMatrix":[-0.057863757,0.998324633,0,-0.998324633,-0.057863757,0,0,0,1],"scale":0.85801661,"type":"vine_ground_large"}
{"ctxid":0,"pos":[610.567627,3.70381975,139.649887],"rotationMatrix":[-0.750571191,0.66078949,0,-0.66078949,-0.750571191,0,0,0,1],"scale":0.942324042,"type":"vine_ground_large"}
{"ctxid":0,"pos":[615.267822,9.66849518,145.845551],"rotationMatrix":[-0.953931689,0.30002436,0,-0.299885899,-0.953491449,-0.0303787533,-0.00911436602,-0.0289792549,0.999538481],"scale":0.820548475,"type":"vine_ground_large"}
{"ctxid":0,"pos":[-837.900269,793.75238,185.919693],"rotationMatrix":[0.979918838,0.199397013,0,-0.199397013,0.979918838,0,0,0,1],"scale":0.893246293,"type":"vine_ground_large"}
{"ctxid":0,"pos":[-846.667114,774.69812,191.64415],"rotationMatrix":[0.612065911,-0.790806711,0,0.790806711,0.612065911,0,0,0,1],"scale":0.939728439,"type":"vine_ground_large"}
{"ctxid":0,"pos":[-850.193542,771.530701,191.64415],"rotationMatrix":[0.630922139,0.775846183,0,-0.775846183,0.630922139,0,0,0,1],"scale":0.853507876,"type":"vine_ground_large"}
{"ctxid":0,"pos":[-850.048706,770.899353,191.64415],"rotationMatrix":[0.201249719,0.97953999,0,-0.97953999,0.201249719,0,0,0,1],"scale":0.872221112,"type":"vine_ground_large"}
{"ctxid":0,"pos":[-851.54718,772.127258,191.64415],"rotationMatrix":[0.9329862,0.359912127,0,-0.359912127,0.9329862,0,0,0,1],"scale":0.966642499,"type":"vine_ground_large"}
{"ctxid":0,"pos":[-844.911499,774.313049,191.64415],"rotationMatrix":[0.578092813,-0.815970957,0,0.815970957,0.578092813,0,0,0,1],"scale":0.965904772,"type":"vine_ground_large"}
{"ctxid":0,"pos":[-840.401978,796.624878,185.910034],"rotationMatrix":[-0.655325055,0.755346954,0,-0.755346954,-0.655325055,0,0,0,1],"scale":0.987852752,"type":"vine_ground_large"}
{"ctxid":0,"pos":[-863.622009,790.665039,189.831085],"rotationMatrix":[-0.886632681,0.462474257,0,-0.462474257,-0.886632681,0,0,0,1],"scale":0.997681379,"type":"vine_ground_large"}
{"ctxid":0,"pos":[-864.724609,788.636841,189.831085],"rotationMatrix":[-0.809513748,-0.587101042,0,0.587101042,-0.809513748,0,0,0,1],"scale":0.975771606,"type":"vine_ground_large"}
{"ctxid":0,"pos":[-865.759705,786.325867,189.831085],"rotationMatrix":[-0.799844742,-0.600206852,0,0.600206852,-0.799844742,0,0,0,1],"scale":0.926045299,"type":"vine_ground_large"}
{"ctxid":0,"pos":[-857.886353,796.372681,189.83107],"rotationMatrix":[0.833840847,-0.552004993,0,0.552004993,0.833840847,0,0,0,1],"scale":0.942960739,"type":"vine_ground_large"}
{"ctxid":0,"pos":[-865.109863,789.94043,189.831085],"rotationMatrix":[-0.673503757,0.739183843,0,-0.739183843,-0.673503757,0,0,0,1],"scale":0.92410028,"type":"vine_ground_large"}
{"ctxid":0,"pos":[-864.220581,794.120911,189.831085],"rotationMatrix":[-0.816713333,-0.577043593,0,0.577043593,-0.816713333,0,0,0,1],"scale":0.918427944,"type":"vine_ground_large"}
{"ctxid":0,"pos":[-862.142273,792.698792,189.831085],"rotationMatrix":[0.134421527,-0.990924239,0,0.990924239,0.134421527,0,0,0,1],"scale":0.800082028,"type":"vine_ground_large"}
{"ctxid":0,"pos":[-857.701904,791.061768,189.831085],"rotationMatrix":[0.241660208,-0.970360935,0,0.970360935,0.241660208,0,0,0,1],"scale":0.99507457,"type":"vine_ground_large"}
{"ctxid":0,"pos":[-860.749146,791.113831,189.831085],"rotationMatrix":[0.965857506,-0.259073913,0,0.259073913,0.965857506,0,0,0,1],"scale":0.940118432,"type":"vine_ground_large"}
{"ctxid":0,"pos":[-859.429016,791.198364,189.831085],"rotationMatrix":[-0.989673018,-0.143342838,0,0.143342838,-0.989673018,0,0,0,1],"scale":0.842514813,"type":"vine_ground_large"}
{"ctxid":0,"pos":[-857.079651,791.062927,189.831085],"rotationMatrix":[0.862772346,-0.505592525,0,0.505592525,0.862772346,0,0,0,1],"scale":0.845570564,"type":"vine_ground_large"}
{"ctxid":0,"pos":[-632.991577,294.085266,129.86145],"rotationMatrix":[-0.472691715,-0.881227911,0,0.881227911,-0.472691715,0,0,0,1],"scale":0.881034374,"type":"vine_ground_large"}
{"ctxid":0,"pos":[-632.349854,294.348236,129.86145],"rotationMatrix":[0.246066377,-0.969252944,0,0.969252944,0.246066377,0,0,0,1],"scale":0.955423951,"type":"vine_ground_large"}
{"ctxid":0,"pos":[-631.287415,296.127655,129.86145],"rotationMatrix":[0.907843113,-0.419310004,0,0.419310004,0.907843113,0,0,0,1],"scale":0.939668357,"type":"vine_ground_large"}
{"ctxid":0,"pos":[-632.348389,294.111267,129.86145],"rotationMatrix":[0.598656297,-0.801006019,0,0.801006019,0.598656297,0,0,0,1],"scale":0.908164859,"type":"vine_ground_large"}
{"ctxid":0,"pos":[-631.909485,295.823029,129.86145],"rotationMatrix":[-0.965171695,0.261617213,0,-0.261617213,-0.965171695,0,0,0,1],"scale":0.941523492,"type":"vine_ground_large"}
{"ctxid":0,"pos":[-639.692566,302.84198,138.580612],"rotationMatrix":[0.977594793,0.105885565,0.18192482,-0.103974208,0.99437809,-0.0200392716,-0.18302393,0.000674795359,0.983108222],"scale":0.838312685,"type":"vine_ground_large"}
{"ctxid":0,"pos":[-640.709961,302.134186,138.387512],"rotationMatrix":[0.537304401,-0.83798492,0.0953162611,0.825318336,0.545692921,0.145151317,-0.17364803,0.000675827265,0.984807551],"scale":0.858568668,"type":"vine_ground_large"}
{"ctxid":0,"pos":[-638.519775,301.839508,138.826782],"rotationMatrix":[-0.892761469,0.418636829,-0.166491598,-0.411677629,-0.908153057,-0.0760181397,-0.18302393,0.000674795359,0.983108222],"scale":0.993507266,"type":"vine_ground_large"}
{"ctxid":0,"pos":[-633.679749,311.918457,139.733322],"rotationMatrix":[-0.832235932,-0.532438517,-0.154570833,0.523340344,-0.84646821,0.0980105922,-0.183023944,0.000674791634,0.983108222],"scale":0.900894284,"type":"vine_ground_large"}
{"ctxid":0,"pos":[-635.088501,309.493683,139.445969],"rotationMatrix":[-0.875508666,0.457992017,-0.154038429,-0.450897872,-0.888955832,-0.0803026557,-0.17371136,-0.000850059092,0.984796226],"scale":0.987728775,"type":"vine_ground_large"}
{"ctxid":0,"pos":[-628.879578,314.076172,140.445953],"rotationMatrix":[0.531894326,0.8468104,-0.000584751717,-0.846810639,0.531894207,-0.000367291155,0,0.000690534129,0.999999762],"scale":0.894884229,"type":"vine_ground_large"}
{"ctxid":0,"pos":[-626.688965,320.933777,140.065262],"rotationMatrix":[-0.590264082,0.801672041,0.0943923742,-0.790320814,-0.597744584,0.134514526,0.164259091,0.00479885936,0.986405551],"scale":0.901022434,"type":"vine_ground_large"}
{"ctxid":0,"pos":[-624.019531,326.190399,139.616714],"rotationMatrix":[0.434485316,-0.896657348,-0.0850174576,0.881194353,0.442715764,-0.165828496,0.186329916,-0.00286687165,0.982483029],"scale":0.806221604,"type":"vine_ground_large"}
{"ctxid":0,"pos":[-628.483154,317.234924,140.522537],"rotationMatrix":[0.707615197,0.697913706,-0.110440597,-0.688537896,0.716166377,0.114110768,0.158733323,-0.00470397249,0.98731029],"scale":0.951523364,"type":"vine_ground_large"}
{"ctxid":0,"pos":[-633.682312,317.325653,139.7108],"rotationMatrix":[-0.497992039,0.862883449,-0.086230956,-0.850465655,-0.505402207,-0.145864695,-0.169445574,0.000696994364,0.985539317],"scale":0.966647565,"type":"vine_ground_large"}
{"ctxid":0,"pos":[-637.552307,312.100739,139.044144],"rotationMatrix":[0.628796816,0.769304037,0.113074452,-0.757404208,0.638882279,-0.13478972,-0.175935537,-0.000887721777,0.984401286],"scale":0.969830036,"type":"vine_ground_large"}
{"ctxid":0,"pos":[-636.94873,310.774475,139.192291],"rotationMatrix":[0.66501385,0.737459481,0.117940463,-0.726347625,0.67539072,-0.127539814,-0.173711345,-0.000850059092,0.984796226],"scale":0.910638571,"type":"vine_ground_large"}
{"ctxid":0,"pos":[-631.582275,308.881134,140.06546],"rotationMatrix":[-0.153532386,0.987803638,-0.025912635,-0.974764287,-0.155702233,-0.159972131,-0.162055731,0.000697769225,0.986781359],"scale":0.967765331,"type":"vine_ground_large"}
{"ctxid":0,"pos":[-636.083801,360.602386,139.160614],"rotationMatrix":[-0.495113373,-0.863294005,-0.0979096442,0.852268934,-0.504479885,0.138339415,-0.168821022,-0.014951665,0.985533297],"scale":0.842810392,"type":"vine_ground_large"}
{"ctxid":0,"pos":[-628.466187,362.523621,140.307281],"rotationMatrix":[-0.93432045,0.321795285,0.153274044,-0.317434132,-0.946808934,0.0528039113,0.162113294,0.000681364909,0.986771941],"scale":0.88126111,"type":"vine_ground_large"}
{"ctxid":0,"pos":[-634.274597,368.465302,139.503418],"rotationMatrix":[-0.670913458,0.729614735,-0.132425874,-0.717942119,-0.683814406,-0.130216271,-0.185562491,0.00771021843,0.982602239],"scale":0.94910419,"type":"vine_ground_large"}
{"ctxid":0,"pos":[-633.731262,372.260468,139.576248],"rotationMatrix":[0.679547787,0.723305166,0.12265569,-0.709775507,0.690485477,-0.139457792,-0.185562521,0.00771022588,0.982602239],"scale":0.881498396,"type":"vine_ground_large"}
{"ctxid":0,"pos":[-628.1521,367.631012,140.252167],"rotationMatrix":[0.666692555,0.737165391,-0.110037588,-0.727489054,0.675712049,0.119050041,0.162113294,0.000681366771,0.986771941],"scale":0.864733815,"type":"vine_ground_large"}
{"ctxid":0,"pos":[-629.418274,360.185608,140.377197],"rotationMatrix":[-0.352276564,-0.933786809,-0.0627960488,0.917159975,-0.357804775,0.175480276,-0.186329901,0.00422357768,0.982478142],"scale":0.848094225,"type":"vine_ground_large"}
{"ctxid":0,"pos":[-640.704712,351.564301,138.348679],"rotationMatrix":[-0.0335829258,0.999415398,-0.00638140738,-0.986198664,-0.0341732502,-0.162000239,-0.162123621,0.00085286051,0.986770093],"scale":0.947292268,"type":"vine_ground_large"}
{"ctxid":0,"pos":[-631.087219,343.116913,140.056259],"rotationMatrix":[-0.948569298,0.281239957,-0.145328477,-0.278103858,-0.959637165,-0.0418881699,-0.151243255,0.000682579353,0.988496363],"scale":0.807588995,"type":"vine_ground_large"}
{"ctxid":0,"pos":[-626.455505,351.866516,140.109421],"rotationMatrix":[-0.985356569,-0.106850788,0.132871926,0.108113185,-0.994135737,0.00230189832,0.131846786,0.0166334007,0.991130531],"scale":0.957073689,"type":"vine_ground_large"}
{"ctxid":0,"pos":[-629.429016,355.151855,140.298996],"rotationMatrix":[0.510748386,-0.855877757,0.0812966526,0.845443964,0.517177582,0.133235306,-0.156077966,0.000682078302,0.98774451],"scale":0.944253504,"type":"vine_ground_large"}
{"ctxid":0,"pos":[-635.355957,362.279144,139.292633],"rotationMatrix":[0.631674886,-0.76818037,0.104334354,0.755940676,0.640189052,0.136790469,-0.17187348,-0.00753651559,0.985090196],"scale":0.927013934,"type":"vine_ground_large"}
{"ctxid":0,"pos":[-633.721375,382.432251,139.598663],"rotationMatrix":[-0.548380375,0.828945577,-0.11012809,-0.81515485,-0.559284091,-0.150744259,-0.186551675,0.00710625947,0.982419431],"scale":0.886843085,"type":"vine_ground_large"}
{"ctxid":0,"pos":[-631.421814,383.405914,139.981903],"rotationMatrix":[0.809338748,0.573368728,0.127354085,-0.565023243,0.819266319,-0.0977311954,-0.160372943,0.00713960826,0.987030685],"scale":0.954446256,"type":"vine_ground_large"}
{"ctxid":0,"pos":[-633.330078,381.775665,139.705231],"rotationMatrix":[0.670122147,0.735595465,0.099174358,-0.727521837,0.677420676,-0.108688422,-0.14713347,0.000683002174,0.98911643],"scale":0.982759118,"type":"vine_ground_large"}
{"ctxid":0,"pos":[-638.344116,381.600433,138.732803],"rotationMatrix":[0.855618477,0.491673261,0.16178523,-0.482967764,0.870779514,-0.0921152607,-0.186169878,0.00067845732,0.982517362],"scale":0.828242064,"type":"vine_ground_large"}
{"ctxid":0,"pos":[-640.724182,382.201782,138.396088],"rotationMatrix":[0.895637393,0.424055517,0.134203523,-0.419261813,0.905635893,-0.0635852218,-0.148503184,0.000682871789,0.988911688],"scale":0.922869086,"type":"vine_ground_large"}
{"ctxid":0,"pos":[-644.789185,369.16748,137.611801],"rotationMatrix":[-0.759698212,0.636790872,-0.131741613,-0.627577245,-0.771036148,-0.107934654,-0.170309395,0.000680275261,0.985390425],"scale":0.996432662,"type":"vine_ground_large"}
{"ctxid":0,"pos":[-643.740234,368.302338,137.793716],"rotationMatrix":[0.943429708,-0.288596034,0.163256496,0.284490883,0.957450688,0.0485084802,-0.170309395,0.000680644065,0.985390425],"scale":0.995784879,"type":"vine_ground_large"}
{"ctxid":0,"pos":[-639.057312,360.400604,138.551926],"rotationMatrix":[-0.457354695,-0.88577354,-0.0789393932,0.885471523,-0.461807191,0.0517112613,-0.0822592601,-0.0462481715,0.995537281],"scale":0.886048436,"type":"vine_ground_large"}
{"ctxid":0,"pos":[-637.633545,373.944427,138.947266],"rotationMatrix":[0.632926106,0.767075002,0.104882829,-0.756101429,0.641552329,-0.129309982,-0.166478276,0.00254158676,0.986041844],"scale":0.873663902,"type":"vine_ground_large"}
{"ctxid":0,"pos":[-636.907288,374.914795,129.86145],"rotationMatrix":[0.241022646,0.970519364,0,-0.970519364,0.241022646,0,0,0,1],"scale":0.845558763,"type":"vine_ground_large"}
{"ctxid":0,"pos":[-632.038025,379.667023,139.898895],"rotationMatrix":[-0.00235712528,-0.99999702,0.000339880586,0.989113688,-0.00228142738,0.147134647,-0.147133455,0.000683009624,0.98911643],"scale":0.958633125,"type":"vine_ground_large"}
{"ctxid":0,"pos":[-631.980164,372.354675,139.879181],"rotationMatrix":[-0.945584178,-0.287174612,-0.152973026,0.282130986,-0.9578439,0.0541915596,-0.162086755,0.00808426552,0.986743391],"scale":0.954324961,"type":"vine_ground_large"}
{"ctxid":0,"pos":[-630.364868,361.739563,140.152405],"rotationMatrix":[-0.874841213,0.462489396,-0.144069001,-0.455709606,-0.88661778,-0.0789745897,-0.164259091,-0.00343661383,0.986411214],"scale":0.93327719,"type":"vine_ground_large"}
{"ctxid":0,"pos":[-635.344177,360.873383,139.304581],"rotationMatrix":[0.102757096,-0.994466424,0.0218478814,0.981417775,0.10493809,0.160645366,-0.162049115,0.00493445992,0.986770332],"scale":0.950076997,"type":"vine_ground_large"}
{"ctxid":0,"pos":[-639.662659,357.119202,138.516098],"rotationMatrix":[0.581967294,-0.807497919,0.0962349623,0.796866953,0.589870036,0.130600274,-0.162225559,0.000681377947,0.986753464],"scale":0.963736176,"type":"vine_ground_large"}
{"ctxid":0,"pos":[-642.646423,355.879303,138.008942],"rotationMatrix":[0.659714937,-0.742377877,0.116838291,0.731178761,0.669981003,0.128464058,-0.173648313,0.000680044293,0.984807491],"scale":0.822714925,"type":"vine_ground_large"}
{"ctxid":0,"pos":[-689.146423,406.70282,135.637299],"rotationMatrix":[-0.749067068,-0.606154442,-0.267348051,0.570883512,-0.795346737,0.203752905,-0.336140215,7.4505806e-09,0.941811979],"scale":0.827656627,"type":"vine_ground_large"}
{"ctxid":0,"pos":[-689.393982,404.632263,135.548935],"rotationMatrix":[-0.794807792,-0.536479056,-0.283673286,0.505262434,-0.843913555,0.180332214,-0.336140215,0,0.941811919],"scale":0.857359052,"type":"vine_ground_large"}
{"ctxid":0,"pos":[-687.454102,417.368835,136.276352],"rotationMatrix":[-0.862859607,-0.400790215,-0.307961643,0.377469003,-0.916169882,0.134721756,-0.336140335,7.4505806e-09,0.941811919],"scale":0.873016119,"type":"vine_ground_large"}
{"ctxid":0,"pos":[-690.308899,404.104767,135.287354],"rotationMatrix":[0.409795702,0.900375187,0.146259308,-0.847984135,0.435114145,-0.302652359,-0.336140186,-1.49011612e-08,0.941811979],"scale":0.894891739,"type":"vine_ground_large"}
{"ctxid":0,"pos":[-688.726196,404.835205,135.787277],"rotationMatrix":[0.80973202,-0.510698736,0.288999856,0.480982155,0.859759748,0.171666384,-0.336140215,0,0.941811919],"scale":0.98535955,"type":"vine_ground_large"}
{"ctxid":0,"pos":[-703.875671,450.098175,137.815216],"rotationMatrix":[0.913208961,-0.402924716,-0.0608365759,0.4074893,0.902469158,0.139649019,-0.00136492215,-0.152318999,0.988330424],"scale":0.849530101,"type":"vine_ground_large"}
{"ctxid":0,"pos":[-701.112976,454.562164,137.678558],"rotationMatrix":[0.179699242,-0.972415209,0.148716629,0.98372066,0.177835286,-0.0258485749,-0.00131150335,0.150940597,0.988541961],"scale":0.897661328,"type":"vine_ground_large"}
{"ctxid":0,"pos":[-700.864807,453.308075,137.934036],"rotationMatrix":[-0.348371148,-0.926549494,0.141927272,0.937324822,-0.34309721,0.0608790703,-0.00771261752,0.154240489,0.988003254],"scale":0.884874701,"type":"vine_ground_large"}
{"ctxid":0,"pos":[-698.40686,454.07608,137.71463],"rotationMatrix":[-0.569312692,-0.810427666,0.138164908,0.822073579,-0.562982678,0.0851171464,0.00880319625,0.16204004,0.98674494],"scale":0.804847777,"type":"vine_ground_large"}
{"ctxid":0,"pos":[-698.249573,461.089813,136.436691],"rotationMatrix":[0.436184645,-0.887583792,0.148114175,0.89985615,0.430468678,-0.0703945085,-0.0012774691,0.163986474,0.986461759],"scale":0.809788346,"type":"vine_ground_large"}
{"ctxid":0,"pos":[-715.15625,452.510864,137.872711],"rotationMatrix":[0.64677918,-0.751883209,0.127860397,0.762646854,0.639097452,-0.0996203199,-0.00681239367,0.161944687,0.986776352],"scale":0.859027803,"type":"vine_ground_large"}
{"ctxid":0,"pos":[-724.617432,459.672974,136.634903],"rotationMatrix":[0.0560287833,-0.985138059,0.162368849,0.998408198,0.0563349724,-0.00272139907,-0.00646609068,0.162262872,0.986726403],"scale":0.834480405,"type":"vine_ground_large"}
{"ctxid":0,"pos":[-721.836853,459.264832,136.720245],"rotationMatrix":[0.958853781,-0.279064924,0.0521744564,0.283826679,0.946463704,-0.153781906,-0.00646608882,0.162262872,0.986726403],"scale":0.934750557,"type":"vine_ground_large"}
{"ctxid":0,"pos":[-720.869263,459.115631,136.751068],"rotationMatrix":[0.995528996,-0.0919787884,0.0214926545,0.094243899,0.982491255,-0.160713911,-0.00633407244,0.162020922,0.986766994],"scale":0.854650974,"type":"vine_ground_large"}
{"ctxid":0,"pos":[-724.426514,454.921814,137.434448],"rotationMatrix":[-0.995314002,-0.0966958851,0,0.0966958851,-0.995314002,0,0,0,1],"scale":0.968358874,"type":"vine_ground_large"}
{"ctxid":0,"pos":[-731.577454,448.726044,137.653442],"rotationMatrix":[0.124662042,-0.981046975,-0.148343325,0.992132008,0.12151432,0.0301324949,-0.0115355924,-0.15093258,0.988476753],"scale":0.997454584,"type":"vine_ground_large"}
{"ctxid":0,"pos":[-688.119751,424.777252,136.062805],"rotationMatrix":[0.938486516,-0.0839603916,0.334953308,0.0790748969,0.99646908,0.028222464,-0.336140215,0,0.941811979],"scale":0.872375131,"type":"vine_ground_large"}
{"ctxid":0,"pos":[-704.202576,434.026245,136.703598],"rotationMatrix":[0.981574237,-0.188716292,0.0299704596,0.191076458,0.968282342,-0.160994142,0.00136235356,0.163754344,0.986500204],"scale":0.878917575,"type":"vine_ground_large"}
{"ctxid":0,"pos":[-723.061157,426.917877,137.788559],"rotationMatrix":[0.379419208,0.915584743,-0.133211851,-0.925223768,0.375678301,-0.0531660989,0.00136672705,0.143423021,0.989660501],"scale":0.870037675,"type":"vine_ground_large"}
{"ctxid":0,"pos":[-728.919128,424.805084,137.945801],"rotationMatrix":[0.513402164,0.84691,0.138425767,-0.858147025,0.506421924,0.0843829364,0.00136290491,-0.162112042,0.986771405],"scale":0.974681556,"type":"vine_ground_large"}
{"ctxid":0,"pos":[-718.501282,424.864014,138.014923],"rotationMatrix":[0.009103477,-0.986748278,-0.162002921,0.999935329,0.0100867152,-0.00524792075,0.00681244582,-0.161944687,0.986776292],"scale":0.855144918,"type":"vine_ground_large"}
{"ctxid":0,"pos":[-733.861694,445.937866,137.085846],"rotationMatrix":[0.328138709,0.930200815,0.164472908,-0.944628477,0.323376894,0.0557156019,-0.00136002898,-0.173648253,0.984806776],"scale":0.833525777,"type":"vine_ground_large"}
{"ctxid":0,"pos":[-724.15509,413.79303,129.86145],"rotationMatrix":[0.536943495,-0.843618274,0,0.843618274,0.536943495,0,0,0,1],"scale":0.96796447,"type":"vine_ground_large"}
{"ctxid":0,"pos":[-725.620056,414.910461,129.86145],"rotationMatrix":[-0.771942973,0.635691583,0,-0.635691583,-0.771942973,0,0,0,1],"scale":0.940148771,"type":"vine_ground_large"}
{"ctxid":0,"pos":[-726.311646,409.651001,129.86145],"rotationMatrix":[-0.999243855,-0.0388802364,0,0.0388802364,-0.999243855,0,0,0,1],"scale":0.986245275,"type":"vine_ground_large"}
{"ctxid":0,"pos":[-723.935547,406.290863,129.86145],"rotationMatrix":[-0.999845624,0.0175668187,0,-0.0175668187,-0.999845624,0,0,0,1],"scale":0.931002855,"type":"vine_ground_large"}
{"ctxid":0,"pos":[-722.148438,412.18277,129.86145],"rotationMatrix":[0.941991806,0.3356359,0,-0.3356359,0.941991806,0,0,0,1],"scale":0.845124602,"type":"vine_ground_large"}
{"ctxid":0,"pos":[-720.115662,413.118378,129.86145],"rotationMatrix":[0.958259225,0.285900831,0,-0.285900831,0.958259225,0,0,0,1],"scale":0.860128641,"type":"vine_ground_large"}
{"ctxid":0,"pos":[-719.112549,414.145905,129.86145],"rotationMatrix":[0.30282414,-0.953046441,0,0.953046441,0.30282414,0,0,0,1],"scale":0.966542602,"type":"vine_ground_large"}
{"ctxid":0,"pos":[-722.215515,411.746002,129.86145],"rotationMatrix":[0.270769715,0.962644219,0,-0.962644219,0.270769715,0,0,0,1],"scale":0.889085114,"type":"vine_ground_large"}
{"ctxid":0,"pos":[-720.009705,413.841614,129.86145],"rotationMatrix":[0.0985609218,0.995131016,0,-0.995131016,0.0985609218,0,0,0,1],"scale":0.851647973,"type":"vine_ground_large"}
{"ctxid":0,"pos":[-719.221313,415.529816,129.86145],"rotationMatrix":[0.091674827,0.995788991,0,-0.995788991,0.091674827,0,0,0,1],"scale":0.914145827,"type":"vine_ground_large"}
{"ctxid":0,"pos":[-726.443542,411.65448,129.86145],"rotationMatrix":[-0.519031763,-0.854754686,0,0.854754686,-0.519031763,0,0,0,1],"scale":0.983600736,"type":"vine_ground_large"}
{"ctxid":0,"pos":[-726.86908,411.590637,129.86145],"rotationMatrix":[-0.170276716,-0.985396266,0,0.985396266,-0.170276716,0,0,0,1],"scale":0.82696712,"type":"vine_ground_large"}
{"ctxid":0,"pos":[-730.405884,409.670197,129.86145],"rotationMatrix":[0.890808582,0.454378784,0,-0.454378784,0.890808582,0,0,0,1],"scale":0.968973041,"type":"vine_ground_large"}
{"ctxid":0,"pos":[-729.677307,413.71521,129.86145],"rotationMatrix":[-0.83765775,0.546195447,0,-0.546195447,-0.83765775,0,0,0,1],"scale":0.954132438,"type":"vine_ground_large"}
{"ctxid":0,"pos":[-732.16571,411.484741,129.86145],"rotationMatrix":[-0.610159397,0.792278528,0,-0.792278528,-0.610159397,0,0,0,1],"scale":0.942370176,"type":"vine_ground_large"}
{"ctxid":0,"pos":[-735.157104,410.170197,129.86145],"rotationMatrix":[-0.901796997,0.432159781,0,-0.432159781,-0.901796997,0,0,0,1],"scale":0.822656035,"type":"vine_ground_large"}
{"ctxid":0,"pos":[-729.061523,411.475006,129.86145],"rotationMatrix":[-0.484080702,0.875023246,0,-0.875023246,-0.484080702,0,0,0,1],"scale":0.934188962,"type":"vine_ground_large"}
{"ctxid":0,"pos":[-728.255859,410.886658,129.86145],"rotationMatrix":[-0.414649665,0.909981072,0,-0.909981072,-0.414649665,0,0,0,1],"scale":0.942703128,"type":"vine_ground_large"}
{"ctxid":0,"pos":[-729.358337,409.243042,129.86145],"rotationMatrix":[-0.599170744,-0.800621212,0,0.800621212,-0.599170744,0,0,0,1],"scale":0.821418822,"type":"vine_ground_large"}
{"ctxid":0,"pos":[-731.388123,413.07959,129.86145],"rotationMatrix":[0.998858452,0.0477678776,0,-0.0477678776,0.998858452,0,0,0,1],"scale":0.907462955,"type":"vine_ground_large"}
{"ctxid":0,"pos":[-730.602844,410.885162,129.86145],"rotationMatrix":[0.663626492,0.74806422,0,-0.74806422,0.663626492,0,0,0,1],"scale":0.897069633,"type":"vine_ground_large"}
{"ctxid":0,"pos":[-728.758667,412.605133,129.86145],"rotationMatrix":[0.825758576,0.564023852,0,-0.564023852,0.825758576,0,0,0,1],"scale":0.826028466,"type":"vine_ground_large"}
{"ctxid":0,"pos":[-714.770325,414.181366,129.86145],"rotationMatrix":[0.890946269,0.454108566,0,-0.454108566,0.890946269,0,0,0,1],"scale":0.968083978,"type":"vine_ground_large"}
{"ctxid":0,"pos":[-721.792786,408.757172,129.86145],"rotationMatrix":[0.183028355,-0.983107567,0,0.983107567,0.183028355,0,0,0,1],"scale":0.827474654,"type":"vine_ground_large"}
{"ctxid":0,"pos":[-719.420654,408.906067,129.86145],"rotationMatrix":[-0.599810779,0.800141752,0,-0.800141752,-0.599810779,0,0,0,1],"scale":0.816864014,"type":"vine_ground_large"}
{"ctxid":0,"pos":[-717.256531,411.755707,129.86145],"rotationMatrix":[-0.801745713,0.59766531,0,-0.59766531,-0.801745713,0,0,0,1],"scale":0.982163489,"type":"vine_ground_large"}
{"ctxid":0,"pos":[-672.428833,387.115509,129.86145],"rotationMatrix":[0.33943814,-0.94062829,0,0.94062829,0.33943814,0,0,0,1],"scale":0.815567255,"type":"vine_ground_large"}
{"ctxid":0,"pos":[-669.581238,386.997528,129.86145],"rotationMatrix":[0.180653214,0.983546495,0,-0.983546495,0.180653214,0,0,0,1],"scale":0.987737954,"type":"vine_ground_large"}
{"ctxid":0,"pos":[-669.747803,386.844574,129.86145],"rotationMatrix":[0.384187698,0.923255086,0,-0.923255086,0.384187698,0,0,0,1],"scale":0.981229544,"type":"vine_ground_large"}
{"ctxid":0,"pos":[-687.078552,376.238007,129.86145],"rotationMatrix":[0.998427391,-0.0560596474,0,0.0560596474,0.998427391,0,0,0,1],"scale":0.875823855,"type":"vine_ground_large"}
{"ctxid":0,"pos":[-688.097412,376.19516,129.86145],"rotationMatrix":[-0.995515406,-0.0945991129,0,0.0945991129,-0.995515406,0,0,0,1],"scale":0.993843257,"type":"vine_ground_large"}
{"ctxid":0,"pos":[-690.295166,377.252411,129.86145],"rotationMatrix":[0.273574084,-0.961850882,0,0.961850882,0.273574084,0,0,0,1],"scale":0.849318504,"type":"vine_ground_large"}
{"ctxid":0,"pos":[-690.574402,374.451233,129.86145],"rotationMatrix":[-0.721589148,-0.692321479,0,0.692321479,-0.721589148,0,0,0,1],"scale":0.966080308,"type":"vine_ground_large"}
{"ctxid":0,"pos":[-689.225586,375.313446,129.86145],"rotationMatrix":[0.743186116,-0.669084668,0,0.669084668,0.743186116,0,0,0,1],"scale":0.881487727,"type":"vine_ground_large"}
{"ctxid":0,"pos":[-690.001953,376.703339,129.86145],"rotationMatrix":[0.567542434,-0.823344171,0,0.823344171,0.567542434,0,0,0,1],"scale":0.832695663,"type":"vine_ground_large"}
{"ctxid":0,"pos":[-697.818359,375.980316,129.86145],"rotationMatrix":[0.805820942,-0.592159271,0,0.592159271,0.805820942,0,0,0,1],"scale":0.997223914,"type":"vine_ground_large"}
{"ctxid":0,"pos":[-699.582275,374.275208,129.86145],"rotationMatrix":[0.417847931,0.908517003,0,-0.908517003,0.417847931,0,0,0,1],"scale":0.839834869,"type":"vine_ground_large"}
{"ctxid":0,"pos":[-696.852295,376.846497,129.86145],"rotationMatrix":[0.908251643,-0.418424278,0,0.418424278,0.908251643,0,0,0,1],"scale":0.815448463,"type":"vine_ground_large"}
{"ctxid":0,"pos":[-686.226074,376.055634,129.86145],"rotationMatrix":[0.592251897,-0.805752873,0,0.805752873,0.592251897,0,0,0,1],"scale":0.956593454,"type":"vine_ground_large"}
{"ctxid":0,"pos":[-685.785339,373.741516,129.86145],"rotationMatrix":[-0.999985278,-0.00542176282,0,0.00542176282,-0.999985278,0,0,0,1],"scale":0.819194257,"type":"vine_ground_large"}
{"ctxid":0,"pos":[-674.125854,388.303436,129.86145],"rotationMatrix":[0.996282101,0.0861508399,0,-0.0861508399,0.996282101,0,0,0,1],"scale":0.978195131,"type":"vine_ground_large"}
{"ctxid":0,"pos":[-671.953613,384.937897,129.86145],"rotationMatrix":[-0.817444026,-0.576008201,0,0.576008201,-0.817444026,0,0,0,1],"scale":0.946976125,"type":"vine_ground_large"}
{"ctxid":0,"pos":[-671.537231,388.270172,129.86145],"rotationMatrix":[0.995095491,0.0989183635,0,-0.0989183635,0.995095491,0,0,0,1],"scale":0.91359508,"type":"vine_ground_large"}
{"ctxid":0,"pos":[-672.203918,387.701141,129.86145],"rotationMatrix":[-0.289192289,-0.95727098,0,0.95727098,-0.289192289,0,0,0,1],"scale":0.886106491,"type":"vine_ground_large"}
{"ctxid":0,"pos":[-671.761108,388.817139,129.86145],"rotationMatrix":[0.912038565,0.410104483,0,-0.410104483,0.912038565,0,0,0,1],"scale":0.865418077,"type":"vine_ground_large"}
{"ctxid":0,"pos":[-672.833618,394.085358,129.86145],"rotationMatrix":[-0.0764090344,-0.997076511,0,0.997076511,-0.0764090344,0,0,0,1],"scale":0.904030323,"type":"vine_ground_large"}
