{"ctxid":0,"pos":[773.938049,923.404968,152.290253],"rotationMatrix":[-0.912687063,-0.40865913,0,0.40865913,-0.912687063,0,0,0,1],"scale":0.96437341,"type":"vine_bush_large"}
{"ctxid":0,"pos":[773.566284,922.599365,152.41272],"rotationMatrix":[0.389002055,0.921236873,0,-0.921236873,0.389002055,0,0,0,1],"scale":0.900158644,"type":"vine_bush_large"}
{"ctxid":0,"pos":[252.441727,673.303345,142.160736],"rotationMatrix":[0.0245908312,-0.999697626,0,0.999697626,0.0245908312,0,0,0,1],"scale":0.862416506,"type":"vine_bush_large"}
{"ctxid":0,"pos":[8.96685886,562.372681,158.000931],"rotationMatrix":[-0.999320388,0.0368619747,0,-0.0368619747,-0.999320388,0,0,0,1],"scale":0.887999237,"type":"vine_bush_large"}
{"ctxid":0,"pos":[436.744812,-184.323166,163.489151],"rotationMatrix":[0.574518681,-0.818491459,0,0.818491459,0.574518681,0,0,0,1],"scale":0.808256328,"type":"vine_bush_large"}
{"ctxid":0,"pos":[443.461182,-191.300201,163.574768],"rotationMatrix":[0.254396796,-0.967099905,0,0.967099905,0.254396796,0,0,0,1],"scale":0.874814749,"type":"vine_bush_large"}
{"ctxid":0,"pos":[446.395325,-194.615143,163.574768],"rotationMatrix":[-0.81994772,0.572438359,0,-0.572438359,-0.81994772,0,0,0,1],"scale":0.846455932,"type":"vine_bush_large"}
{"ctxid":0,"pos":[451.364197,-184.854752,163.560989],"rotationMatrix":[0.978346884,0.206971839,0,-0.206971839,0.978346884,0,0,0,1],"scale":0.94884032,"type":"vine_bush_large"}
{"ctxid":0,"pos":[449.842804,-198.57814,160.367706],"rotationMatrix":[0.399488896,0.916738033,0,-0.916738033,0.399488896,0,0,0,1],"scale":0.84215194,"type":"vine_bush_large"}
{"ctxid":0,"pos":[321.33313,-188.223831,160.242767],"rotationMatrix":[-0.203299612,-0.979116559,0,0.979116559,-0.203299612,0,0,0,1],"scale":0.923938394,"type":"vine_bush_large"}
{"ctxid":0,"pos":[320.334412,-184.142181,160.308411],"rotationMatrix":[-0.990020096,0.140926391,0,-0.140926391,-0.990020096,0,0,0,1],"scale":0.886292696,"type":"vine_bush_large"}
{"ctxid":0,"pos":[321.229462,-184.598541,160.261658],"rotationMatrix":[0.531560242,0.847020507,0,-0.847020507,0.531560242,0,0,0,1],"scale":0.923895955,"type":"vine_bush_large"}
{"ctxid":0,"pos":[321.497742,-183.841995,160.295441],"rotationMatrix":[-0.984617293,0.174724907,0,-0.174724907,-0.984617293,0,0,0,1],"scale":0.993774354,"type":"vine_bush_large"}
{"ctxid":0,"pos":[330.189575,-202.169785,161.423141],"rotationMatrix":[-0.340355068,-0.940297008,0,0.940297008,-0.340355068,0,0,0,1],"scale":0.877943933,"type":"vine_bush_large"}
{"ctxid":0,"pos":[252.292038,-761.980652,134.574768],"rotationMatrix":[-0.93809098,0.346389025,0,-0.346389025,-0.93809098,0,0,0,1],"scale":0.872211158,"type":"vine_bush_large"}
{"ctxid":0,"pos":[252.125092,-760.228149,134.127151],"rotationMatrix":[-0.692303479,0.721606493,0,-0.721606493,-0.692303479,0,0,0,1],"scale":0.828810334,"type":"vine_bush_large"}
{"ctxid":0,"pos":[-33.7557831,-527.794922,131.315033],"rotationMatrix":[-0.0050652246,-0.999987185,0,0.999987185,-0.0050652246,0,0,0,1],"scale":0.983274758,"type":"vine_bush_large"}
{"ctxid":0,"pos":[-36.2941818,-535.630371,131.09787],"rotationMatrix":[-0.268959105,0.963151574,0,-0.963151574,-0.268959105,0,0,0,1],"scale":0.980116487,"type":"vine_bush_large"}
{"ctxid":0,"pos":[624.717041,-932.984009,132.433228],"rotationMatrix":[-0.183276415,0.622916222,0.760516107,-0.704282522,0.456533134,-0.543657541,-0.685853899,-0.635257959,0.355037391],"scale":0.89740622,"type":"vine_bush_large"}
{"ctxid":0,"pos":[623.045715,-929.14801,136.375916],"rotationMatrix":[-0.916801214,0.232517719,-0.324670434,-0.39889431,-0.571763992,0.716916382,-0.0189390928,0.786779106,0.616944075],"scale":0.859926224,"type":"vine_bush_large"}
{"ctxid":0,"pos":[623.592773,-931.414001,137.617554],"rotationMatrix":[-0.578919768,-0.196297407,0.791403115,0.794856966,-0.352275252,0.49406904,0.181807399,0.915078819,0.359967709],"scale":0.83427763,"type":"vine_bush_large"}
{"ctxid":0,"pos":[655.840515,-951.364075,136.397491],"rotationMatrix":[0.0917934179,-0.490937591,0.866345108,0.942680597,0.323147535,0.0832387507,-0.320822179,0.809046149,0.49246037],"scale":0.888908982,"type":"vine_bush_large"}
{"ctxid":0,"pos":[656.889648,-950.656494,142.35672],"rotationMatrix":[-0.941920042,-0.266371012,-0.204530776,0.143449679,-0.869777799,0.472131789,-0.303658605,0.415370584,0.857472301],"scale":0.828348815,"type":"vine_bush_large"}
{"ctxid":0,"pos":[653.958252,-949.852966,138.318512],"rotationMatrix":[0.979021668,-0.0463212356,-0.198420897,0.00964661501,0.983261466,-0.181944728,0.203527525,0.176213741,0.963081121],"scale":0.892290652,"type":"vine_bush_large"}
{"ctxid":0,"pos":[656.756042,-954.372131,142.110229],"rotationMatrix":[0.517129958,0.780087531,-0.352193266,-0.766451061,0.605209708,0.215113923,0.380958468,0.158697054,0.910870969],"scale":0.933205128,"type":"vine_bush_large"}
{"ctxid":0,"pos":[652.264832,-964.429565,131.597275],"rotationMatrix":[0.0790724754,-0.28463614,-0.955368757,0.852582216,0.515935659,-0.0831492841,0.516576052,-0.807955742,0.28347218],"scale":0.885317206,"type":"vine_bush_large"}
{"ctxid":0,"pos":[651.558655,-963.895813,132.333313],"rotationMatrix":[-0.647586584,0.615395546,-0.449354887,-0.132197827,-0.671503544,-0.729113579,-0.750436664,-0.412760496,0.516210794],"scale":0.800093114,"type":"vine_bush_large"}
{"ctxid":0,"pos":[652.823364,-959.871826,137.275467],"rotationMatrix":[-0.719482541,-0.62583679,0.301119179,0.481857806,-0.137584805,0.865380347,-0.500157475,0.767722905,0.400554478],"scale":0.997142851,"type":"vine_bush_large"}
{"ctxid":0,"pos":[655.283508,-961.438599,138.60463],"rotationMatrix":[0.652245045,0.631831408,-0.418766499,-0.755770326,0.584488213,-0.295270503,0.0582028329,0.509080052,0.858749032],"scale":0.867810249,"type":"vine_bush_large"}
{"ctxid":0,"pos":[654.485046,-961.597046,137.586365],"rotationMatrix":[-0.390264034,-0.635331988,-0.666368365,0.129288793,-0.754405499,0.6435498,-0.911579967,0.165000513,0.376559019],"scale":0.957320035,"type":"vine_bush_large"}
{"ctxid":0,"pos":[657.363342,-963.481384,135.080139],"rotationMatrix":[-0.598892689,-0.409270793,0.688349307,0.332924217,-0.908989191,-0.250798345,0.728346646,0.0789668635,0.68064332],"scale":0.989603877,"type":"vine_bush_large"}
{"ctxid":0,"pos":[646.649048,-964.693237,138.760941],"rotationMatrix":[-0.482953072,0.644479454,-0.592791975,-0.62050885,-0.729547977,-0.287625283,-0.6178388,0.228923157,0.752242863],"scale":0.852725863,"type":"vine_bush_large"}
{"ctxid":0,"pos":[655.119751,-959.787476,137.304092],"rotationMatrix":[-0.539401889,-0.81889993,0.196082056,0.743622839,-0.572507739,-0.345339984,0.39505744,-0.040465951,0.917764723],"scale":0.852799416,"type":"vine_bush_large"}
{"ctxid":0,"pos":[649.606812,-962.334167,138.021408],"rotationMatrix":[0.282710552,0.69008708,-0.666223943,-0.915601373,-0.0128854513,-0.401880264,-0.285917163,0.723611355,0.628202081],"scale":0.914440811,"type":"vine_bush_large"}
{"ctxid":0,"pos":[647.336304,-964.241028,138.750977],"rotationMatrix":[-0.575473428,-0.653607965,0.491555363,0.755949736,-0.654462457,0.0147839338,0.31204173,0.380098939,0.870720804],"scale":0.811372697,"type":"vine_bush_large"}
{"ctxid":0,"pos":[652.696045,-961.878174,137.630692],"rotationMatrix":[0.410467684,0.785910428,0.462451041,-0.898395717,0.261660814,0.352730215,0.156209067,-0.560248435,0.813462019],"scale":0.863907933,"type":"vine_bush_large"}
{"ctxid":0,"pos":[651.010864,-959.45636,130.556671],"rotationMatrix":[-0.0984547138,-0.558343589,0.823746681,0.494520396,0.690876842,0.527388513,-0.863571525,0.45928368,0.208092332],"scale":0.80907774,"type":"vine_bush_large"}
{"ctxid":0,"pos":[651.696045,-960.422241,136.773422],"rotationMatrix":[0.821723104,0.346086085,-0.452764332,-0.567260742,0.420539856,-0.708068728,-0.0546473414,0.838671923,0.541888416],"scale":0.891678452,"type":"vine_bush_large"}
{"ctxid":0,"pos":[654.673279,-964.086304,135.243088],"rotationMatrix":[0.626772523,0.717820764,-0.303132951,-0.263812274,0.561542809,0.784265697,0.733184397,-0.411585987,0.541329503],"scale":0.880215943,"type":"vine_bush_large"}
{"ctxid":0,"pos":[654.420227,-960.906433,138.830658],"rotationMatrix":[-0.745005846,0.667057991,0,-0.667057991,-0.745005846,0,0,0,1],"scale":0.851919711,"type":"vine_bush_large"}
{"ctxid":0,"pos":[645.388184,-965.213928,132.585922],"rotationMatrix":[-0.320046902,0.893776715,-0.314217627,-0.734346569,-0.443582535,-0.513779283,-0.598585546,0.0663110763,0.798309565],"scale":0.913068414,"type":"vine_bush_large"}
{"ctxid":0,"pos":[646.22522,-966.624207,137.887939],"rotationMatrix":[-0.949311495,-0.219029486,-0.225463212,0.0139625669,-0.745940924,0.665865719,-0.314026475,0.628965914,0.711188555],"scale":0.974645138,"type":"vine_bush_large"}
{"ctxid":0,"pos":[647.612122,-965.608704,137.434601],"rotationMatrix":[0.0367379785,0.823530614,0.566080689,-0.885278165,0.289614618,-0.363876045,-0.463608295,-0.487770915,0.739693761],"scale":0.833947837,"type":"vine_bush_large"}
{"ctxid":0,"pos":[637.553162,-967.49231,130.742813],"rotationMatrix":[0.492632806,-0.7467134,-0.446913779,0.843125105,0.536728323,0.0325987935,0.215529308,-0.392863512,0.893982887],"scale":0.919634104,"type":"vine_bush_large"}
{"ctxid":0,"pos":[641.86322,-963.849731,135.398438],"rotationMatrix":[0.0981758833,-0.516011178,0.850936949,0.934106767,-0.247125983,-0.257629514,0.343228519,0.820159078,0.457747936],"scale":0.818984151,"type":"vine_bush_large"}
{"ctxid":0,"pos":[637.930664,-962.55835,139.436813],"rotationMatrix":[-0.716072917,-0.0338026732,-0.697206199,-0.463813245,-0.72340107,0.511436999,-0.521647751,0.689599812,0.502330124],"scale":0.932876587,"type":"vine_bush_large"}
{"ctxid":0,"pos":[636.375549,-963.500122,140.506958],"rotationMatrix":[0.194724441,-0.692700326,0.69444102,0.87292248,-0.200489521,-0.444758356,0.447312534,0.692798555,0.565633774],"scale":0.996431828,"type":"vine_bush_large"}
{"ctxid":0,"pos":[638.518738,-968.218384,140.746201],"rotationMatrix":[-0.86752665,0.418489039,-0.26881972,-0.143735424,-0.728330493,-0.669980824,-0.476169318,-0.542587459,0.691998243],"scale":0.975360751,"type":"vine_bush_large"}
{"ctxid":0,"pos":[632.940491,-968.77356,139.524292],"rotationMatrix":[0.428389251,0.897656083,-0.103421628,-0.531485558,0.34288162,0.774567723,0.730756879,-0.2768493,0.623978138],"scale":0.988530397,"type":"vine_bush_large"}
{"ctxid":0,"pos":[635.761963,-968.711304,129.910721],"rotationMatrix":[-0.989587307,-0.12696515,-0.0677954033,0.143240318,-0.91485703,-0.377515793,-0.0140917655,-0.383296013,0.923518062],"scale":0.817394853,"type":"vine_bush_large"}
{"ctxid":0,"pos":[634.506592,-964.821289,138.148315],"rotationMatrix":[0.970790863,0.138180852,0.196140707,-0.131291538,0.990192354,-0.0477666631,-0.200817466,0.0206198245,0.979411662],"scale":0.939280987,"type":"vine_bush_large"}
{"ctxid":0,"pos":[633.052307,-965.079468,139.640137],"rotationMatrix":[0.890159011,0.426733822,-0.159734756,-0.185498506,0.659591317,0.7283746,0.416181773,-0.618738651,0.666299641],"scale":0.835912347,"type":"vine_bush_large"}
{"ctxid":0,"pos":[636.122498,-965.33075,139.516434],"rotationMatrix":[0.328951955,-0.821232259,-0.466227472,0.385880768,0.567498386,-0.727352381,0.861908615,0.0593557358,0.50357753],"scale":0.80187732,"type":"vine_bush_large"}
{"ctxid":0,"pos":[629.980713,-966.898315,137.069183],"rotationMatrix":[-0.665265799,-0.734661162,0.133017898,0.3462798,-0.145775437,0.926735878,-0.661446214,0.662587404,0.351378083],"scale":0.979292989,"type":"vine_bush_large"}
{"ctxid":0,"pos":[629.970215,-971.455688,138.444168],"rotationMatrix":[0.985967278,0.0316979401,0.163901806,-0.0390535854,0.998360276,0.0418518372,-0.162306428,-0.0476654954,0.985588491],"scale":0.859389782,"type":"vine_bush_large"}
{"ctxid":0,"pos":[630.495056,-971.985413,139.405075],"rotationMatrix":[-0.587001085,0.426585227,0.688080549,-0.779426336,-0.067956686,-0.62279737,-0.218916491,-0.901890755,0.372382402],"scale":0.890164495,"type":"vine_bush_large"}
{"ctxid":0,"pos":[629.31134,-967.819336,138.73671],"rotationMatrix":[0.582177162,0.806697071,0.101535276,-0.569675028,0.315609574,0.758854866,0.580120623,-0.499630094,0.643296003],"scale":0.999571085,"type":"vine_bush_large"}
{"ctxid":0,"pos":[622.261108,-971.066589,130.96907],"rotationMatrix":[-0.610124826,-0.145525813,-0.778825879,0.791426837,-0.0656657219,-0.607726514,0.0372977555,-0.987172782,0.155237377],"scale":0.86039412,"type":"vine_bush_large"}
{"ctxid":0,"pos":[619.126038,-971.967468,129.23439],"rotationMatrix":[0.996287346,0.075854823,0.0407126769,-0.0839405358,0.960937142,0.263730466,-0.0191170927,-0.266168773,0.963736832],"scale":0.929757953,"type":"vine_bush_large"}
{"ctxid":0,"pos":[617.378601,-971.532349,129.436157],"rotationMatrix":[0.967172027,-0.247407809,-0.0580316931,0.244431391,0.843243361,0.478741944,-0.0695096552,-0.477210581,0.876035631],"scale":0.935907364,"type":"vine_bush_large"}
{"ctxid":0,"pos":[617.255005,-969.420715,138.30278],"rotationMatrix":[-0.978897452,0.0329680182,-0.201674372,0.0191334784,-0.967778206,-0.251075298,-0.203453571,-0.249635741,0.946725249],"scale":0.872018337,"type":"vine_bush_large"}
{"ctxid":0,"pos":[612.930237,-967.086792,137.747879],"rotationMatrix":[0.392741382,0.641481519,-0.658980668,-0.746849775,-0.195646286,-0.63556087,-0.536627829,0.741770625,0.402252078],"scale":0.993003249,"type":"vine_bush_large"}
{"ctxid":0,"pos":[613.253479,-968.918396,139.514191],"rotationMatrix":[0.396667004,-0.161422133,-0.903658032,0.907595396,0.216495216,0.359722197,0.137570351,-0.962845981,0.232382655],"scale":0.970713019,"type":"vine_bush_large"}
{"ctxid":0,"pos":[620.244568,-971.442078,129.475662],"rotationMatrix":[0.480690241,0.862873077,0.156162634,-0.861694455,0.431799173,0.266518265,0.16254057,-0.262677222,0.951094747],"scale":0.97106266,"type":"vine_bush_large"}
{"ctxid":0,"pos":[614.243103,-967.374573,138.341095],"rotationMatrix":[0.113830924,-0.991516948,0.0627403408,0.983558297,0.103555381,-0.147949755,0.14019762,0.0785500184,0.98700279],"scale":0.988951504,"type":"vine_bush_large"}
{"ctxid":0,"pos":[647.403809,-968.141357,138.512726],"rotationMatrix":[0.331783414,-0.293284148,-0.896607101,-0.334828049,0.85195142,-0.402577937,0.881935418,0.433777869,0.184463561],"scale":0.964204669,"type":"vine_bush_large"}
{"ctxid":0,"pos":[603.956421,-967.732422,138.410187],"rotationMatrix":[0.628380537,-0.773128569,-0.086081773,0.76629895,0.596158385,0.239543334,-0.133879438,-0.216488734,0.967061996],"scale":0.837604284,"type":"vine_bush_large"}
{"ctxid":0,"pos":[601.266968,-962.439392,138.461838],"rotationMatrix":[0.601892948,-0.790420473,-0.113843471,0.784360826,0.611919284,-0.101651013,0.150010049,-0.0281113386,0.988284767],"scale":0.922113061,"type":"vine_bush_large"}
{"ctxid":0,"pos":[606.895264,-966.298889,138.473328],"rotationMatrix":[0.74354434,-0.195268154,-0.639540613,0.663303733,0.0942693949,0.742388964,-0.0846758485,-0.976208806,0.199615598],"scale":0.832350373,"type":"vine_bush_large"}
{"ctxid":0,"pos":[602.7453,-964.746277,138.515762],"rotationMatrix":[0.768636167,0.614186525,-0.178810701,-0.607929707,0.788338661,0.0945704952,0.199047312,0.0360140428,0.979327917],"scale":0.985351503,"type":"vine_bush_large"}
{"ctxid":0,"pos":[603.521545,-965.038757,138.268784],"rotationMatrix":[-0.509747267,-0.858834386,0.0506049097,0.723616481,-0.39618969,0.565166056,-0.465334982,0.324710518,0.823423564],"scale":0.840131283,"type":"vine_bush_large"}
{"ctxid":0,"pos":[599.382874,-962.747437,133.350037],"rotationMatrix":[-0.0698257685,-0.995121717,-0.069690302,0.971681356,-0.0836573839,0.220989466,-0.22574158,-0.0522859693,0.972783089],"scale":0.836932719,"type":"vine_bush_large"}
{"ctxid":0,"pos":[601.367371,-963.523376,138.24295],"rotationMatrix":[0.0423588753,-0.302833796,0.952101469,0.791963696,0.59114188,0.152789503,-0.609096885,0.747557878,0.264873564],"scale":0.972546279,"type":"vine_bush_large"}
{"ctxid":0,"pos":[598.320068,-960.15625,138.330383],"rotationMatrix":[-0.658479095,0.471473336,0.586615682,-0.732381105,-0.580883384,-0.355235338,0.173271418,-0.663541317,0.727797985],"scale":0.98127687,"type":"vine_bush_large"}
{"ctxid":0,"pos":[596.992615,-959.767761,138.403671],"rotationMatrix":[-0.238143802,0.0427455306,-0.970288754,0.651448846,-0.73393786,-0.192222312,-0.720348358,-0.677870095,0.146936417],"scale":0.801111519,"type":"vine_bush_large"}
{"ctxid":0,"pos":[601.307739,-922.823853,135.619186],"rotationMatrix":[-0.251038313,0.891528964,0.377035409,-0.394014835,-0.44989419,0.80146575,0.884156108,0.0526410639,0.464216471],"scale":0.909228384,"type":"vine_bush_large"}
{"ctxid":0,"pos":[603.783325,-923.252197,135.370407],"rotationMatrix":[-0.405013323,0.396006525,-0.824101269,-0.841914117,-0.513043046,0.167234391,-0.356573522,0.761554718,0.541192889],"scale":0.822694421,"type":"vine_bush_large"}
{"ctxid":0,"pos":[603.159973,-923.923828,135.404633],"rotationMatrix":[-0.190514803,0.380221754,0.905060828,-0.937824368,0.202004969,-0.282275081,-0.290153801,-0.902565837,0.318096519],"scale":0.901802301,"type":"vine_bush_large"}
{"ctxid":0,"pos":[605.636475,-927.834961,137.099594],"rotationMatrix":[0.951902509,-0.303626478,0.0411408842,0.247242585,0.840466022,0.482169986,-0.180977106,-0.448807061,0.875111103],"scale":0.854720592,"type":"vine_bush_large"}
{"ctxid":0,"pos":[610.980286,-925.31604,132.381256],"rotationMatrix":[0.264292657,0.570577741,-0.777554035,-0.869298458,0.490104675,0.0641674399,0.417695373,0.658967674,0.625533462],"scale":0.982985198,"type":"vine_bush_large"}
{"ctxid":0,"pos":[606.523499,-924.482178,135.700745],"rotationMatrix":[0.195965409,-0.75252378,0.628733218,0.924720764,-0.0715528727,-0.373860449,0.326326609,0.654666305,0.681852579],"scale":0.908941984,"type":"vine_bush_large"}
{"ctxid":0,"pos":[618.528137,-927.712524,135.824692],"rotationMatrix":[-0.840437531,-0.541908622,0,0.541908622,-0.840437531,0,0,0,1],"scale":0.914507091,"type":"vine_bush_large"}
{"ctxid":0,"pos":[616.945496,-923.563721,133.320404],"rotationMatrix":[0.901071727,0.433670223,0,-0.433670223,0.901071727,0,0,0,1],"scale":0.903535485,"type":"vine_bush_large"}
{"ctxid":0,"pos":[507.650665,-843.039978,130.666077],"rotationMatrix":[-0.352591276,-0.0421753228,0.934826314,0.745347738,-0.616679549,0.25330326,0.565805376,0.786083341,0.248871446],"scale":0.908927321,"type":"vine_bush_large"}
{"ctxid":0,"pos":[510.383118,-841.608154,125.278984],"rotationMatrix":[0.341778457,0.585169911,-0.735366344,-0.924892664,0.34817189,-0.152806371,0.166616172,0.73236084,0.660217047],"scale":0.981616974,"type":"vine_bush_large"}
{"ctxid":0,"pos":[513.431458,-849.087952,125.213379],"rotationMatrix":[-0.277958632,-0.587895513,0.759682655,0.534957409,-0.751597285,-0.385904044,0.797846794,0.299132496,0.523412108],"scale":0.883064389,"type":"vine_bush_large"}
{"ctxid":0,"pos":[508.048248,-849.292786,132.488876],"rotationMatrix":[0.53414309,-0.733749568,-0.419884086,0.180323303,0.584129453,-0.791376173,0.825938582,0.346993268,0.444320917],"scale":0.960991144,"type":"vine_bush_large"}
{"ctxid":0,"pos":[507.707825,-850.422241,133.57547],"rotationMatrix":[-0.226618409,0.709562182,-0.667207241,-0.744500756,0.315481067,0.588379383,0.627982974,0.630073905,0.456775784],"scale":0.957351685,"type":"vine_bush_large"}
{"ctxid":0,"pos":[505.24231,-850.627319,131.81134],"rotationMatrix":[0.0704346895,0.806501687,0.587021053,-0.835684597,0.369037747,-0.406745911,-0.544674218,-0.461915553,0.699974298],"scale":0.825981915,"type":"vine_bush_large"}
{"ctxid":0,"pos":[504.606567,-846.376404,128.472656],"rotationMatrix":[0.692297816,-0.694884956,0.194572777,0.584747255,0.69821316,0.413000077,-0.422840804,-0.172143191,0.889703512],"scale":0.988448143,"type":"vine_bush_large"}
{"ctxid":0,"pos":[506.40213,-848.548706,133.256226],"rotationMatrix":[0.714704692,-0.486899197,-0.502121747,-0.0936913341,0.644788086,-0.758597493,0.693122685,0.589217663,0.415214837],"scale":0.819416165,"type":"vine_bush_large"}
{"ctxid":0,"pos":[507.572144,-838.969055,125.030731],"rotationMatrix":[-0.325437903,-0.932170153,0.158584148,0.908310056,-0.354800582,-0.221561059,0.262798369,0.0719392151,0.962165117],"scale":0.857648432,"type":"vine_bush_large"}
{"ctxid":0,"pos":[601.370422,-940.221741,144.162766],"rotationMatrix":[-0.968443036,-0.167833611,0.184254855,0.180881217,-0.98189044,0.0563292652,0.171464145,0.087879926,0.981263041],"scale":0.865645885,"type":"vine_bush_large"}
{"ctxid":0,"pos":[603.180359,-939.559082,147.81424],"rotationMatrix":[0.94693625,0.203155622,-0.24907741,-0.2910586,0.213198841,-0.932647288,-0.136369586,0.955653608,0.261015892],"scale":0.83648026,"type":"vine_bush_large"}
{"ctxid":0,"pos":[509.346161,-896.631409,133.45845],"rotationMatrix":[0.777695179,0.619815052,-0.104973942,-0.416739166,0.633331418,0.652088761,0.470657736,-0.463379502,0.750840008],"scale":0.858133674,"type":"vine_bush_large"}
{"ctxid":0,"pos":[511.196564,-903.111694,132.536911],"rotationMatrix":[-0.187841654,-0.772732139,0.606300533,0.451593757,-0.6161201,-0.645336211,0.872226059,0.152580455,0.464694262],"scale":0.836719751,"type":"vine_bush_large"}
{"ctxid":0,"pos":[511.036499,-898.322388,129.155518],"rotationMatrix":[-0.516423821,-0.53064239,0.672104776,0.431391269,-0.839207649,-0.331106782,0.739734948,0.118948705,0.6623016],"scale":0.909192801,"type":"vine_bush_large"}
{"ctxid":0,"pos":[506.428864,-905.061584,135.219604],"rotationMatrix":[-0.80350709,-0.233317971,0.54766655,0.472681522,-0.809303164,0.348712176,0.361867577,0.539064646,0.760566294],"scale":0.938629031,"type":"vine_bush_large"}
{"ctxid":0,"pos":[508.241272,-907.639404,134.998718],"rotationMatrix":[0.463437319,-0.790038288,-0.401329309,0.799074113,0.568353415,-0.196098894,0.383022517,-0.229812384,0.894695461],"scale":0.99733597,"type":"vine_bush_large"}
{"ctxid":0,"pos":[495.578949,-916.021484,135.76091],"rotationMatrix":[0.396001101,0.552506447,0.733430028,-0.914638638,0.308102489,0.261741698,-0.0813575685,-0.774473488,0.627352834],"scale":0.987888336,"type":"vine_bush_large"}
{"ctxid":0,"pos":[496.707947,-916.393127,135.327728],"rotationMatrix":[0.871579945,0.28697899,0.397481322,-0.490095228,0.530621648,0.691554189,-0.0124506056,-0.797548532,0.603126228],"scale":0.824144721,"type":"vine_bush_large"}
{"ctxid":0,"pos":[499.469788,-910.955566,136.488297],"rotationMatrix":[0.252524912,0.962428153,0.0998152941,-0.958694041,0.262824833,-0.108760178,-0.130907804,-0.0682276934,0.98904407],"scale":0.963671327,"type":"vine_bush_large"}
{"ctxid":0,"pos":[499.405975,-915.918762,136.877182],"rotationMatrix":[0.990014851,-0.0223745704,0.139176071,-0.12671335,0.291319966,0.948196352,-0.061760243,-0.956363976,0.285575926],"scale":0.860274673,"type":"vine_bush_large"}
{"ctxid":0,"pos":[504.846039,-865.598022,148.043427],"rotationMatrix":[-0.680742741,0.0119475722,0.732424915,0.486394763,-0.740260601,0.464148641,0.547730863,0.672213554,0.498116076],"scale":0.876750946,"type":"vine_bush_large"}
{"ctxid":0,"pos":[125.125198,-506.200226,130.658112],"rotationMatrix":[-0.0426439047,0.937654912,-0.344941169,-0.998498857,-0.05187428,-0.0175691545,-0.0343674421,0.343674213,0.938459873],"scale":0.971519589,"type":"vine_bush_large"}
{"ctxid":0,"pos":[122.054695,-507.604034,131.148056],"rotationMatrix":[0.432991922,-0.766330838,0.474610329,0.878002882,0.477737069,-0.0296316445,-0.204031289,0.429539561,0.879697084],"scale":0.919748783,"type":"vine_bush_large"}
{"ctxid":0,"pos":[132.204681,-502.990753,129.53241],"rotationMatrix":[0.462634504,-0.841929138,-0.27771312,0.778879464,0.535615683,-0.326285958,0.423457146,-0.0653539449,0.903555691],"scale":0.962875485,"type":"vine_bush_large"}
{"ctxid":0,"pos":[138.475143,-502.440826,128.778442],"rotationMatrix":[0.86276567,0.490520924,0.122575156,-0.481834263,0.871136546,-0.0946409255,-0.15320304,0.0225920267,0.987936437],"scale":0.853979111,"type":"vine_bush_large"}
{"ctxid":0,"pos":[138.425766,-503.473846,128.393295],"rotationMatrix":[-0.95676887,0.278723121,0.083104834,-0.241950646,-0.604163289,-0.759240627,-0.16140902,-0.746525168,0.645482123],"scale":0.873501539,"type":"vine_bush_large"}
{"ctxid":0,"pos":[266.995605,-527.75116,129.75209],"rotationMatrix":[0.0225766301,0.705552578,0.708297789,-0.199220747,-0.69109416,0.694765806,0.979694426,-0.156793058,0.124958277],"scale":0.894022703,"type":"vine_bush_large"}
{"ctxid":0,"pos":[263.747498,-527.373108,133.096848],"rotationMatrix":[-0.760028362,0.642930031,0.0948546231,-0.467808723,-0.642546058,0.606868267,0.451122373,0.416863412,0.789121926],"scale":0.939032257,"type":"vine_bush_large"}
{"ctxid":0,"pos":[253.143509,-522.855225,131.304749],"rotationMatrix":[-0.926607966,0.119463496,-0.356547534,-0.249686509,-0.904458284,0.345849425,-0.281166017,0.409491926,0.86790669],"scale":0.838612676,"type":"vine_bush_large"}
{"ctxid":0,"pos":[254.312042,-523.495422,131.598099],"rotationMatrix":[-0.988133192,0.0407318287,0.148099273,0.0204344951,-0.920765877,0.389579803,0.152233064,0.387983114,0.909007251],"scale":0.867599249,"type":"vine_bush_large"}
{"ctxid":0,"pos":[251.824234,-524.053284,131.675171],"rotationMatrix":[-0.658161283,0.752614439,0.0198676344,-0.752238929,-0.656288743,-0.0584901944,-0.0309816618,-0.0534412041,0.998090267],"scale":0.851425171,"type":"vine_bush_large"}
{"ctxid":0,"pos":[253.364746,-524.64325,131.792389],"rotationMatrix":[-0.143929958,0.204667747,-0.968191504,-0.900413573,-0.432970285,0.0423279703,-0.410535187,0.877865195,0.24660331],"scale":0.875100136,"type":"vine_bush_large"}
{"ctxid":0,"pos":[133.566727,-501.527863,126.184509],"rotationMatrix":[0.92709446,-0.354431063,0.121960841,0.374737889,0.883560002,-0.280879378,-0.00820732862,0.306105077,0.951962352],"scale":0.819451928,"type":"vine_bush_large"}
{"ctxid":0,"pos":[133.284973,-503.117065,129.455811],"rotationMatrix":[0.351431072,-0.925234377,0.142959043,0.816763222,0.228361726,-0.529857039,0.457595646,0.3029719,0.83595109],"scale":0.887062073,"type":"vine_bush_large"}
{"ctxid":0,"pos":[116.645554,-463.137085,127.469231],"rotationMatrix":[0.643952429,-0.098462224,0.758703113,-0.0966535658,0.97326833,0.208342984,-0.75893569,-0.207494333,0.617221832],"scale":0.869243681,"type":"vine_bush_large"}
{"ctxid":0,"pos":[115.873497,-463.096069,127.748337],"rotationMatrix":[-0.568294048,-0.821281314,-0.0503862202,0.681699276,-0.435647488,-0.587790132,0.460790426,-0.368385941,0.807442844],"scale":0.853443086,"type":"vine_bush_large"}
{"ctxid":0,"pos":[114.085464,-459.06546,131.053513],"rotationMatrix":[0.496221364,-0.859073877,0.12552388,0.851133347,0.452834964,-0.265541732,0.171278402,0.238605037,0.95589292],"scale":0.910844445,"type":"vine_bush_large"}
{"ctxid":0,"pos":[108.172424,-447.686218,133.0923],"rotationMatrix":[-0.827459335,-0.324173898,0.45849967,-0.342041105,-0.356582046,-0.869400322,0.445329666,-0.876219332,0.184176564],"scale":0.839716196,"type":"vine_bush_large"}
{"ctxid":0,"pos":[408.869507,-344.318054,125.495651],"rotationMatrix":[-0.766755223,0.641692102,0.0178085789,-0.631797969,-0.749440074,-0.197915092,-0.113654114,-0.163003907,0.980057359],"scale":0.841525257,"type":"vine_bush_large"}
{"ctxid":0,"pos":[411.644623,-342.781647,126.363304],"rotationMatrix":[-0.670552135,-0.741852462,-0.00378961861,0.739605367,-0.668901801,0.0745253935,-0.057821732,0.0471703559,0.997211933],"scale":0.900554121,"type":"vine_bush_large"}
{"ctxid":0,"pos":[409.300781,-343.714294,125.761734],"rotationMatrix":[-0.980847955,0.167365313,-0.0996287093,-0.155280232,-0.980707884,-0.118742824,-0.117580108,-0.100998297,0.987914085],"scale":0.885522366,"type":"vine_bush_large"}
{"ctxid":0,"pos":[412.354187,-350.865326,124.644821],"rotationMatrix":[0.595941484,-0.801877677,-0.0429638699,0.791690171,0.577727437,0.198639378,-0.134463102,-0.152391508,0.979130507],"scale":0.810240507,"type":"vine_bush_large"}
{"ctxid":0,"pos":[0.409484982,-327.36615,132.894104],"rotationMatrix":[-0.95702827,0.289993674,0,-0.289993674,-0.95702827,0,0,0,1],"scale":0.88653481,"type":"vine_bush_large"}
{"ctxid":0,"pos":[0.612809539,-333.090851,132.596924],"rotationMatrix":[-0.0943030119,-0.635218024,-0.76655364,0.657406807,0.53849268,-0.527106881,0.747611403,-0.553645611,0.366815388],"scale":0.834331751,"type":"vine_bush_large"}
{"ctxid":0,"pos":[3.76298881,-337.968384,130.810455],"rotationMatrix":[0.999877632,0.0156446714,-2.38718749e-05,-0.01564469,0.99987644,-0.00152569043,-9.09494702e-13,0.00152587716,0.999998808],"scale":0.953317165,"type":"vine_bush_large"}
{"ctxid":0,"pos":[4.31457996,-334.634186,132.894104],"rotationMatrix":[-0.948734283,0.316073865,0,-0.316073865,-0.948734283,0,0,0,1],"scale":0.844482481,"type":"vine_bush_large"}
{"ctxid":0,"pos":[117.214462,-329.498291,138.200378],"rotationMatrix":[-0.463279486,-0.863229215,-0.200516552,0.86676234,-0.394218206,-0.305474222,0.184646994,-0.315320253,0.9308483],"scale":0.813340247,"type":"vine_bush_large"}
{"ctxid":0,"pos":[640.727539,-754.446777,137.291397],"rotationMatrix":[0.743884087,0.0543339103,-0.66609621,-0.52987045,0.655345917,-0.538292646,0.407275915,0.753372073,0.51629138],"scale":0.922200799,"type":"vine_bush_large"}
{"ctxid":0,"pos":[960.246826,-846.978882,127.253265],"rotationMatrix":[-0.00976371765,-0.823997438,-0.566509247,0.998134315,-0.0421772003,0.0441446602,-0.0602689385,-0.565021396,0.822872043],"scale":0.982546985,"type":"vine_bush_large"}
{"ctxid":0,"pos":[960.414001,-847.837646,127.675858],"rotationMatrix":[0.08411026,-0.88455826,-0.458783031,0.513055742,-0.356252193,0.780933917,-0.854224205,-0.301065743,0.423863471],"scale":0.891482234,"type":"vine_bush_large"}
{"ctxid":0,"pos":[960.039673,-848.512268,126.276924],"rotationMatrix":[0.965281427,0.200835913,0.167023107,-0.242799342,0.925666511,0.290155113,-0.0963341147,-0.320634425,0.942291498],"scale":0.884703338,"type":"vine_bush_large"}
{"ctxid":0,"pos":[959.83075,-846.141296,128.46228],"rotationMatrix":[-0.0571376085,0.966994762,-0.24830687,-0.963301301,0.0119383335,0.268156409,0.262270212,0.254516184,0.930825353],"scale":0.933630228,"type":"vine_bush_large"}
{"ctxid":0,"pos":[958.1203,-848.892212,129.639664],"rotationMatrix":[0.491533458,-0.525190353,-0.694672525,0.749965906,0.660744071,0.0311181247,0.442657769,-0.53627634,0.718652725],"scale":0.967900395,"type":"vine_bush_large"}
{"ctxid":0,"pos":[957.532776,-848.181274,129.870407],"rotationMatrix":[-0.190976143,0.958092272,0.21351102,-0.959733188,-0.136601925,-0.245462462,-0.206009686,-0.251791149,0.945600986],"scale":0.944019854,"type":"vine_bush_large"}
{"ctxid":0,"pos":[958.656555,-848.674133,128.688675],"rotationMatrix":[0.680798411,0.388168156,-0.621159256,0.398798406,0.51488924,0.758846939,0.614388525,-0.764339149,0.195734978],"scale":0.913343668,"type":"vine_bush_large"}
{"ctxid":0,"pos":[960.415283,-846.217407,129.041595],"rotationMatrix":[-0.947263718,0.320455104,0,-0.320455104,-0.947263718,0,0,0,1],"scale":0.907724023,"type":"vine_bush_large"}
{"ctxid":0,"pos":[961.003113,-846.434875,128.115509],"rotationMatrix":[0.861035049,-2.89827585e-05,-0.508545637,0.197851077,0.921234548,0.334935516,0.46848008,-0.389007539,0.793220997],"scale":0.929528952,"type":"vine_bush_large"}
{"ctxid":0,"pos":[960.881897,-847.520325,128.343735],"rotationMatrix":[0.834524155,-0.539619446,-0.11126703,0.535294294,0.746243,0.395703584,-0.130497128,-0.389784783,0.911612988],"scale":0.810012221,"type":"vine_bush_large"}
{"ctxid":0,"pos":[960.677429,-849.107605,129.332672],"rotationMatrix":[-0.436205268,0.324528277,-0.839289069,-0.474665105,-0.875368118,-0.0917803645,-0.764472246,0.358346194,0.535882592],"scale":0.876004219,"type":"vine_bush_large"}
{"ctxid":0,"pos":[961.927917,-848.226807,129.088699],"rotationMatrix":[0.984456837,-0.150895759,0.0898620635,0.157210872,0.985228956,-0.0678866059,-0.0782909095,0.080958724,0.99363786],"scale":0.815038502,"type":"vine_bush_large"}
{"ctxid":0,"pos":[960.867065,-848.278259,129.732803],"rotationMatrix":[0.0529956818,-0.869919538,-0.490338117,0.910730362,-0.159297109,0.38104409,-0.409587175,-0.466759503,0.783820093],"scale":0.811520875,"type":"vine_bush_large"}
{"ctxid":0,"pos":[961.643616,-848.752625,128.9617],"rotationMatrix":[0.325592518,-0.356580436,-0.875693917,0.889286697,-0.19912076,0.411727905,-0.321183085,-0.912798524,0.252270103],"scale":0.800805688,"type":"vine_bush_large"}
{"ctxid":0,"pos":[986.273865,-827.320679,139.053406],"rotationMatrix":[0.0488326922,-0.998806894,0,0.998806894,0.0488326922,0,0,0,1],"scale":1.25258982,"type":"vine_bush_large"}
{"ctxid":0,"pos":[984.710815,-826.720276,142.12822],"rotationMatrix":[0.881168246,0.471809089,-0.0306396484,-0.277436614,0.568449497,0.774528265,0.382846564,-0.673989177,0.631796718],"scale":1.13593721,"type":"vine_bush_large"}
{"ctxid":0,"pos":[983.677246,-827.679443,141.349075],"rotationMatrix":[-0.65846622,-0.748921633,-0.0744204521,0.628310084,-0.601454973,0.493435174,-0.414304852,0.278151304,0.866592944],"scale":1.00645351,"type":"vine_bush_large"}
{"ctxid":0,"pos":[985.053772,-828.119507,141.673096],"rotationMatrix":[0.913710177,-0.34567374,-0.213643163,0.369082451,0.92591542,0.0803665072,0.170034915,-0.152283639,0.973600447],"scale":1.09425914,"type":"vine_bush_large"}
{"ctxid":0,"pos":[985.963501,-826.175293,139.179749],"rotationMatrix":[0.213997662,-0.925140977,-0.313558608,0.958734989,0.137413025,0.248886928,-0.187168509,-0.353880852,0.916371226],"scale":1.26382256,"type":"vine_bush_large"}
{"ctxid":0,"pos":[986.945801,-828.013672,141.542908],"rotationMatrix":[-0.0190930367,-0.806831658,0.590472639,0.717726171,-0.422216892,-0.553716421,0.696063578,0.413225502,0.587145805],"scale":1.28563237,"type":"vine_bush_large"}
{"ctxid":0,"pos":[985.925659,-828.66217,141.609497],"rotationMatrix":[-0.458004117,-0.764668167,-0.453337044,0.800278366,-0.576699138,0.164232537,-0.387022585,-0.287576675,0.876078308],"scale":1.28601003,"type":"vine_bush_large"}
{"ctxid":0,"pos":[673.411377,735.265381,143.560226],"rotationMatrix":[-0.170592904,0.760934234,-0.626000583,-0.970406651,-0.0195506811,0.240683079,0.170905158,0.648534119,0.741751194],"scale":0.810193479,"type":"vine_bush_large"}
{"ctxid":0,"pos":[685.123352,727.060242,145.645523],"rotationMatrix":[-0.90691328,0.421317458,0,-0.421317458,-0.90691328,0,0,0,1],"scale":0.851790786,"type":"vine_bush_large"}
{"ctxid":0,"pos":[682.549438,727.514954,146.328354],"rotationMatrix":[-0.253259391,0.967398405,0,-0.967398405,-0.253259391,0,0,0,1],"scale":0.848688424,"type":"vine_bush_large"}
{"ctxid":0,"pos":[340.606598,-161.711807,163.135864],"rotationMatrix":[-0.596127629,-0.22570464,-0.770511925,-0.490517229,-0.657369494,0.57206434,-0.635628879,0.718972981,0.281164646],"scale":0.836014926,"type":"vine_bush_large"}
{"ctxid":0,"pos":[340.978821,-163.446548,166.14502],"rotationMatrix":[-0.0976090431,-0.668862462,0.73694998,0.815908074,0.370234251,0.444095105,-0.569882572,0.644631326,0.509592235],"scale":0.909055114,"type":"vine_bush_large"}
{"ctxid":0,"pos":[342.885468,-166.729218,170.592621],"rotationMatrix":[-0.662925959,0.448141098,-0.599748552,-0.629432559,-0.767361641,0.122352809,-0.405392855,0.458612174,0.790778995],"scale":0.849834681,"type":"vine_bush_large"}
{"ctxid":0,"pos":[784.590393,896.105652,151.34198],"rotationMatrix":[-0.443097115,0.896207809,0.0218150616,-0.748321414,-0.356361389,-0.559482694,-0.493638813,-0.264230043,0.828554809],"scale":0.91311866,"type":"vine_bush_large"}
{"ctxid":0,"pos":[785.829895,897.128235,151.355469],"rotationMatrix":[-0.949271202,-0.267705351,0.164977208,0.296977431,-0.935698032,0.190455139,0.10338302,0.229788154,0.967734158],"scale":0.827332139,"type":"vine_bush_large"}
{"ctxid":0,"pos":[785.095276,896.674072,151.40448],"rotationMatrix":[-0.453421354,-0.863721192,0.219987094,0.878536165,-0.391488791,0.273697615,-0.150275946,0.317367017,0.936320066],"scale":0.900170982,"type":"vine_bush_large"}
{"ctxid":0,"pos":[785.097839,895.812866,151.35466],"rotationMatrix":[0.49744159,0.792642355,0.352519184,-0.849597096,0.527264118,0.0133128464,-0.17531839,-0.306121677,0.935709894],"scale":0.879602432,"type":"vine_bush_large"}
{"ctxid":0,"pos":[752.688721,790.878357,140.583954],"rotationMatrix":[-0.969705105,-0.244278684,0,0.244278684,-0.969705105,0,0,0,1],"scale":0.807529092,"type":"vine_bush_large"}
{"ctxid":0,"pos":[753.210632,790.898315,140.569229],"rotationMatrix":[0.908921003,0.416968435,0,-0.416968435,0.908921003,0,0,0,1],"scale":0.971116662,"type":"vine_bush_large"}
{"ctxid":0,"pos":[752.133484,790.204163,140.657669],"rotationMatrix":[-0.0266528185,0.999644697,0,-0.999644697,-0.0266528185,0,0,0,1],"scale":0.987968802,"type":"vine_bush_large"}
{"ctxid":0,"pos":[751.233398,789.6474,140.415039],"rotationMatrix":[0.166007563,-0.986124456,0,0.986124456,0.166007563,0,0,0,1],"scale":0.939201117,"type":"vine_bush_large"}
{"ctxid":0,"pos":[777.220215,814.230957,146.176147],"rotationMatrix":[0.370739192,0.928737104,0,-0.928737104,0.370739192,0,0,0,1],"scale":0.821087837,"type":"vine_bush_large"}
{"ctxid":0,"pos":[789.601501,874.315125,146.032166],"rotationMatrix":[0.543454587,-0.839438558,0,0.839438558,0.543454587,0,0,0,1],"scale":0.85872674,"type":"vine_bush_large"}
{"ctxid":0,"pos":[531.968018,780.823669,135.46109],"rotationMatrix":[0.724706888,0.673016727,-0.147811934,-0.676587045,0.654400408,-0.337624043,-0.130498454,0.344686121,0.929602921],"scale":0.996032357,"type":"vine_bush_large"}
{"ctxid":0,"pos":[543.917664,787.258179,136.00499],"rotationMatrix":[0.652540922,0.754254937,-0.0727309957,-0.71797967,0.584747195,-0.377592295,-0.242271602,0.298613816,0.9231112],"scale":0.858252406,"type":"vine_bush_large"}
{"ctxid":0,"pos":[522.435425,784.606201,133.516739],"rotationMatrix":[-0.442604601,-0.896716833,0,0.896716833,-0.442604601,0,0,0,1],"scale":0.965371072,"type":"vine_bush_large"}
{"ctxid":0,"pos":[486.338654,788.636902,132.596558],"rotationMatrix":[-0.990338683,0.12576896,0.0584035218,-0.105890289,-0.957836628,0.267087668,0.0895323902,0.258322924,0.96190083],"scale":0.990975738,"type":"vine_bush_large"}
{"ctxid":0,"pos":[495.726776,788.980042,131.879059],"rotationMatrix":[0.930196285,0.367062449,0,-0.367062449,0.930196285,0,0,0,1],"scale":0.833149374,"type":"vine_bush_large"}
{"ctxid":0,"pos":[483.804657,791.45105,131.659729],"rotationMatrix":[-0.0645148754,-0.971439183,0.228349745,0.993817151,-0.0832653046,-0.0734451935,0.0903611779,0.222199589,0.97080493],"scale":0.866015255,"type":"vine_bush_large"}
{"ctxid":0,"pos":[478.972595,773.332214,141.215637],"rotationMatrix":[0.995752335,0.0911127254,0.0132579273,-0.0855162665,0.96857506,-0.233557999,-0.0341214053,0.23143214,0.972252488],"scale":0.920938909,"type":"vine_bush_large"}
{"ctxid":0,"pos":[483.016937,768.514526,143.784973],"rotationMatrix":[-0.351053476,0.909145415,-0.22408849,-0.933126867,-0.319821119,0.164281011,0.0776870772,0.266774476,0.960622787],"scale":0.862263083,"type":"vine_bush_large"}
{"ctxid":0,"pos":[486.401886,769.925781,141.930328],"rotationMatrix":[0.81409955,-0.580627739,-0.0106443912,0.5607844,0.790774941,-0.245348394,0.150873423,0.193768799,0.969376504],"scale":0.98847717,"type":"vine_bush_large"}
{"ctxid":0,"pos":[535.673767,770.31427,140.794373],"rotationMatrix":[0.990803421,-0.126245961,0.0486886762,0.128417924,0.990725696,-0.0444003977,-0.0426317491,0.0502445661,0.997826636],"scale":0.862977624,"type":"vine_bush_large"}
{"ctxid":0,"pos":[-730.382751,816.462097,153.725876],"rotationMatrix":[-0.785265982,0.619158626,0,-0.619158626,-0.785265982,0,0,0,1],"scale":0.842915237,"type":"vine_bush_large"}
{"ctxid":0,"pos":[-732.101807,814.908997,153.919846],"rotationMatrix":[0.965278149,-0.261224002,0,0.261224002,0.965278149,0,0,0,1],"scale":0.879179239,"type":"vine_bush_large"}
{"ctxid":0,"pos":[-732.302246,814.555298,154.650421],"rotationMatrix":[-0.872926593,0.48785162,0,-0.48785162,-0.872926593,0,0,0,1],"scale":0.977553904,"type":"vine_bush_large"}
{"ctxid":0,"pos":[-735.76239,812.995056,154.664749],"rotationMatrix":[-0.872521281,0.488575935,0,-0.488575935,-0.872521281,0,0,0,1],"scale":1.19957066,"type":"vine_bush_large"}
{"ctxid":0,"pos":[640.221741,40.8984985,139.649887],"rotationMatrix":[-0.479801118,0.877377212,0,-0.877377212,-0.479801118,0,0,0,1],"scale":0.918603778,"type":"vine_bush_large"}
