{"ctxid":0,"pos":[779.9375,896.743225,156.529922],"rotationMatrix":[-0.960655451,-0.272842348,-0.0519420207,0.0505244359,0.0122239087,-0.998647988,0.273108453,-0.961981058,0.00204223767],"scale":1.1775254,"type":"vine04_wall_painting"}
{"ctxid":0,"pos":[801.294312,930.901184,153.81427],"rotationMatrix":[-0.283446491,-0.955530643,-0.0813573822,-0.0179071091,-0.0795482099,0.996670187,-0.958820879,0.283959657,0.00543687493],"scale":1.09903538,"type":"vine04_wall_painting"}
{"ctxid":0,"pos":[815.386719,938.360168,157.833221],"rotationMatrix":[0.950604022,0.296111405,0.0931125656,-0.101352558,0.0125644151,0.994771302,0.293393284,-0.955070674,0.0419554412],"scale":1.10840774,"type":"vine04_wall_painting"}
{"ctxid":0,"pos":[816.110168,938.587158,157.941528],"rotationMatrix":[0.950604022,0.296111405,0.0931125656,-0.101352558,0.0125644151,0.994771302,0.293393284,-0.955070674,0.0419554412],"scale":0.946065664,"type":"vine04_wall_painting"}
{"ctxid":0,"pos":[817.007202,938.846436,157.570908],"rotationMatrix":[0.950604022,0.296111405,0.0931125656,-0.101352558,0.0125644151,0.994771302,0.293393284,-0.955070674,0.0419554412],"scale":0.941057801,"type":"vine04_wall_painting"}
{"ctxid":0,"pos":[818.969543,939.416199,156.819672],"rotationMatrix":[0.950604022,0.296111405,0.0931125656,-0.101352558,0.0125644151,0.994771302,0.293393284,-0.955070674,0.0419554412],"scale":1.01229405,"type":"vine04_wall_painting"}
{"ctxid":0,"pos":[816.145325,938.629883,158.667633],"rotationMatrix":[0.950604022,0.296111405,0.0931125656,-0.101352558,0.0125644151,0.994771302,0.293393284,-0.955070674,0.0419554412],"scale":0.966498852,"type":"vine04_wall_painting"}
{"ctxid":0,"pos":[817.281616,938.94458,157.887894],"rotationMatrix":[0.950604022,0.296111405,0.0931125656,-0.101352558,0.0125644151,0.994771302,0.293393284,-0.955070674,0.0419554412],"scale":0.913645267,"type":"vine04_wall_painting"}
{"ctxid":0,"pos":[792.045288,904.745911,152.028503],"rotationMatrix":[0.955874324,0.293761283,-0.00294371322,-0.00392502546,0.0227897055,0.999732673,0.293749869,-0.955607057,0.022937119],"scale":1.06211591,"type":"vine04_wall_painting"}
{"ctxid":0,"pos":[441.944672,-180.491394,160.003967],"rotationMatrix":[0.762022316,0.646296799,0.0402801819,-0.0235574432,-0.0344946161,0.999127269,0.647122204,-0.762306035,-0.0110605694],"scale":1.06349206,"type":"vine04_wall_painting"}
{"ctxid":0,"pos":[647.067993,-964.87207,138.662903],"rotationMatrix":[0.945344031,0.0509525761,-0.322069079,0.0509525761,0.952499866,0.300246239,0.322069079,-0.300246239,0.897843897],"scale":1.01648068,"type":"vine04_wall_painting"}
{"ctxid":0,"pos":[645.598022,-966.689209,137.633743],"rotationMatrix":[0.838178098,0.210979149,0.502936602,0.210979149,0.724930882,-0.655715585,-0.502936602,0.655715585,0.56310904],"scale":1.11247849,"type":"vine04_wall_painting"}
{"ctxid":0,"pos":[648.764404,-965.616211,137.272659],"rotationMatrix":[0.887464702,-0.0981621146,-0.450300574,-0.0981621146,0.914375305,-0.392787397,0.450300574,0.392787397,0.801840007],"scale":0.952761889,"type":"vine04_wall_painting"}
{"ctxid":0,"pos":[649.109009,-965.143311,137.113998],"rotationMatrix":[0.817733169,0.225654274,-0.529521108,0.225654274,0.720630169,0.65557009,0.529521108,-0.65557009,0.538363338],"scale":0.928671837,"type":"vine04_wall_painting"}
{"ctxid":0,"pos":[647.559998,-967.771729,136.301117],"rotationMatrix":[0.533881426,-0.156060547,-0.831032813,-0.156060547,0.947749555,-0.278237045,0.831032813,0.278237045,0.481631041],"scale":0.89089185,"type":"vine04_wall_painting"}
{"ctxid":0,"pos":[646.785767,-964.157715,139.290573],"rotationMatrix":[0.789112687,0.257491142,0.557673216,0.257491142,0.685606122,-0.680913031,-0.557673216,0.680913031,0.474718809],"scale":1.17948997,"type":"vine04_wall_painting"}
{"ctxid":0,"pos":[644.498901,-967.314392,137.503235],"rotationMatrix":[0.997465909,-0.00195946475,-0.0711186677,-0.00195946475,0.99848485,-0.054992523,0.0711186677,0.054992523,0.995950758],"scale":1.19724023,"type":"vine04_wall_painting"}
{"ctxid":0,"pos":[647.192932,-969.030334,138.650925],"rotationMatrix":[0.979361415,0.0664250478,-0.190889746,0.0664250478,0.78621161,0.614376962,0.190889746,-0.614376962,0.765573025],"scale":1.10402668,"type":"vine04_wall_painting"}
{"ctxid":0,"pos":[648.043823,-964.511902,137.781219],"rotationMatrix":[0.999530375,-0.00452636508,0.0303083304,-0.00452636508,0.956376255,0.292102724,-0.0303083304,-0.292102724,0.95590657],"scale":0.913305581,"type":"vine04_wall_painting"}
{"ctxid":0,"pos":[645.191956,-967.124268,137.517014],"rotationMatrix":[0.995774746,0.00222790032,0.0918021426,0.00222790032,0.998825252,-0.0484059453,-0.0918021426,0.0484059453,0.994600058],"scale":1.01126635,"type":"vine04_wall_painting"}
{"ctxid":0,"pos":[647.005981,-967.261963,137.892838],"rotationMatrix":[0.983947456,-0.0395666957,0.174016863,-0.0395666957,0.902474999,0.428921044,-0.174016863,-0.428921044,0.886422515],"scale":0.83404094,"type":"vine04_wall_painting"}
{"ctxid":0,"pos":[647.217773,-967.594849,137.171844],"rotationMatrix":[0.747458816,-0.270998687,-0.606518745,-0.270998687,0.709194839,-0.650847375,0.606518745,0.650847375,0.456653595],"scale":0.859062135,"type":"vine04_wall_painting"}
{"ctxid":0,"pos":[645.463806,-966.073181,136.627136],"rotationMatrix":[0.565714836,0.340456545,0.751036644,0.340456545,0.733100176,-0.588772833,-0.751036644,0.588772833,0.298814952],"scale":1.15115082,"type":"vine04_wall_painting"}
{"ctxid":0,"pos":[649.82312,-963.724548,140.111206],"rotationMatrix":[0.64266336,0.275600761,0.714862168,0.275600761,0.787439108,-0.551347256,-0.714862168,0.551347256,0.430102527],"scale":0.807717025,"type":"vine04_wall_painting"}
{"ctxid":0,"pos":[648.643433,-966.896118,137.4888],"rotationMatrix":[0.776825845,0.0563603044,-0.627188206,0.0563603044,0.985766768,0.158389837,0.627188206,-0.158389837,0.762592673],"scale":0.919116139,"type":"vine04_wall_painting"}
{"ctxid":0,"pos":[646.299316,-963.927246,138.504089],"rotationMatrix":[0.845014691,0.26796025,0.462760627,0.26796025,0.536712885,-0.800085306,-0.462760627,0.800085306,0.381727576],"scale":1.06238353,"type":"vine04_wall_painting"}
{"ctxid":0,"pos":[649.102478,-963.808044,140.033463],"rotationMatrix":[0.715026259,-0.368047178,-0.594372451,-0.368047178,0.524662435,-0.767639518,0.594372451,0.767639518,0.239688694],"scale":0.954630733,"type":"vine04_wall_painting"}
{"ctxid":0,"pos":[646.076843,-967.315857,137.963303],"rotationMatrix":[0.867330313,-0.00835608132,-0.497662872,-0.00835608132,0.999473691,-0.0313448422,0.497662872,0.0313448422,0.866804004],"scale":1.1108973,"type":"vine04_wall_painting"}
{"ctxid":0,"pos":[648.453064,-965.773987,137.443008],"rotationMatrix":[0.998177886,-0.0132875629,-0.0588583611,-0.0132875629,0.903100848,-0.429222882,0.0588583611,0.429222882,0.901278734],"scale":0.916142344,"type":"vine04_wall_painting"}
{"ctxid":0,"pos":[649.025696,-965.678955,136.984131],"rotationMatrix":[0.951415122,-0.113621265,0.286180794,-0.113621265,0.734283686,0.669266462,-0.286180794,-0.669266462,0.685698807],"scale":0.931260288,"type":"vine04_wall_painting"}
{"ctxid":0,"pos":[648.730164,-965.006409,137.509949],"rotationMatrix":[0.99153769,0.0405034758,-0.123338759,0.0405034758,0.80613637,0.590341926,0.123338759,-0.590341926,0.79767406],"scale":0.924577892,"type":"vine04_wall_painting"}
{"ctxid":0,"pos":[646.284729,-969.41803,140.369537],"rotationMatrix":[0.970808744,-0.129864842,0.201656744,-0.129864842,0.422262132,0.897122979,-0.201656744,-0.897122979,0.393070936],"scale":0.956847191,"type":"vine04_wall_painting"}
{"ctxid":0,"pos":[650.685547,-964.20575,136.68399],"rotationMatrix":[0.986912489,0.00662285741,-0.161120877,0.00662285741,0.99664855,0.0815340728,0.161120877,-0.0815340728,0.983561039],"scale":1.00880408,"type":"vine04_wall_painting"}
{"ctxid":0,"pos":[645.400818,-969.314819,140.243439],"rotationMatrix":[0.919180691,0.220596105,-0.326257914,0.220596105,0.397883594,0.890519977,0.326257914,-0.890519977,0.317064285],"scale":0.925760806,"type":"vine04_wall_painting"}
{"ctxid":0,"pos":[649.32843,-965.882812,136.910446],"rotationMatrix":[0.953288674,0.0779595822,-0.291826904,0.0779595822,0.869888067,0.487049311,0.291826904,-0.487049311,0.823176801],"scale":0.893674672,"type":"vine04_wall_painting"}
{"ctxid":0,"pos":[645.490784,-968.945435,140.295441],"rotationMatrix":[0.935833335,-0.169173717,0.309186429,-0.169173717,0.553978086,0.815161586,-0.309186429,-0.815161586,0.48981142],"scale":0.978835821,"type":"vine04_wall_painting"}
{"ctxid":0,"pos":[646.876404,-968.708313,139.910309],"rotationMatrix":[0.554233909,-0.0945840627,-0.826969445,-0.0945840627,0.979930878,-0.175468996,0.826969445,0.175468996,0.534164786],"scale":0.925835609,"type":"vine04_wall_painting"}
{"ctxid":0,"pos":[647.374878,-967.379883,137.72261],"rotationMatrix":[0.677938402,0.277956426,-0.680543661,0.277956426,0.760108709,0.58734566,0.680543661,-0.58734566,0.438047051],"scale":0.876669168,"type":"vine04_wall_painting"}
{"ctxid":0,"pos":[647.662354,-967.385193,135.577042],"rotationMatrix":[0.254179358,-0.176707372,-0.95087707,-0.176707372,0.958132684,-0.225291416,0.95087707,0.225291416,0.212312043],"scale":0.878093302,"type":"vine04_wall_painting"}
{"ctxid":0,"pos":[645.688965,-966.149414,137.121536],"rotationMatrix":[0.964009881,0.117513634,0.238485888,0.117513634,0.616298914,-0.778695166,-0.238485888,0.778695166,0.580308795],"scale":1.13488102,"type":"vine04_wall_painting"}
{"ctxid":0,"pos":[648.894348,-965.241089,137.206055],"rotationMatrix":[0.817733169,0.225654274,-0.529521108,0.225654274,0.720630169,0.65557009,0.529521108,-0.65557009,0.538363338],"scale":1.12243664,"type":"vine04_wall_painting"}
{"ctxid":0,"pos":[644.781189,-967.388489,137.449249],"rotationMatrix":[0.786790252,-0.117200218,0.605991006,-0.117200218,0.935575664,0.333109945,-0.605991006,-0.333109945,0.722365975],"scale":0.892424703,"type":"vine04_wall_painting"}
{"ctxid":0,"pos":[648.051331,-965.683228,137.371063],"rotationMatrix":[0.904604673,0.0256234836,-0.425480604,0.0256234836,0.993117452,0.114285454,0.425480604,-0.114285454,0.897722125],"scale":1.10226989,"type":"vine04_wall_painting"}
{"ctxid":0,"pos":[645.812256,-966.335876,137.422363],"rotationMatrix":[0.964009881,0.117513634,0.238485888,0.117513634,0.616298914,-0.778695166,-0.238485888,0.778695166,0.580308795],"scale":1.0841006,"type":"vine04_wall_painting"}
{"ctxid":0,"pos":[646.796692,-965.068237,138.599686],"rotationMatrix":[0.999931335,0.00233883644,-0.0114804516,0.00233883644,0.92030406,0.391196817,0.0114804516,-0.391196817,0.920235395],"scale":0.880854189,"type":"vine04_wall_painting"}
{"ctxid":0,"pos":[647.677734,-965.107666,138.071548],"rotationMatrix":[0.583199382,0.00708847912,-0.812298059,0.00708847912,0.99987942,0.0138146589,0.812298059,-0.0138146589,0.583078861],"scale":1.0243187,"type":"vine04_wall_painting"}
{"ctxid":0,"pos":[645.544617,-968.455933,137.341583],"rotationMatrix":[0.974920511,0.0611995347,-0.213973254,0.0611995347,0.85065937,0.522142947,0.213973254,-0.522142947,0.825579882],"scale":0.987569809,"type":"vine04_wall_painting"}
{"ctxid":0,"pos":[646.62616,-966.885559,137.913605],"rotationMatrix":[0.789430976,-0.110877059,0.603742421,-0.110877059,0.941616654,0.317906171,-0.603742421,-0.317906171,0.73104763],"scale":1.0593096,"type":"vine04_wall_painting"}
{"ctxid":0,"pos":[645.983459,-968.309265,137.156342],"rotationMatrix":[0.676473796,0.00975962356,0.736401975,0.00975962356,0.999705613,-0.0222146027,-0.736401975,0.0222146027,0.676179409],"scale":0.850355327,"type":"vine04_wall_painting"}
{"ctxid":0,"pos":[648.682983,-966.049866,137.530792],"rotationMatrix":[0.887464702,-0.0981621146,-0.450300574,-0.0981621146,0.914375305,-0.392787397,0.450300574,0.392787397,0.801840007],"scale":1.05522096,"type":"vine04_wall_painting"}
{"ctxid":0,"pos":[647.184937,-967.099487,139.751175],"rotationMatrix":[0.503233969,-0.434989184,0.746685922,-0.434989184,0.61910522,0.653829575,-0.746685922,-0.653829575,0.122339129],"scale":1.06356263,"type":"vine04_wall_painting"}
{"ctxid":0,"pos":[645.406189,-966.928223,137.638535],"rotationMatrix":[0.616270661,0.235440537,0.751517177,0.235440537,0.855543375,-0.461100042,-0.751517177,0.461100042,0.471814036],"scale":0.922920942,"type":"vine04_wall_painting"}
{"ctxid":0,"pos":[648.128479,-965.106689,137.36264],"rotationMatrix":[0.847611189,0.000823527633,-0.530617177,0.000823527633,0.99999553,0.00286751916,0.530617177,-0.00286751916,0.847606719],"scale":0.83881551,"type":"vine04_wall_painting"}
{"ctxid":0,"pos":[649.438049,-963.705688,139.496643],"rotationMatrix":[0.596669257,0.243939698,0.76451236,0.243939698,0.852462053,-0.462387055,-0.76451236,0.462387055,0.44913137],"scale":1.08104289,"type":"vine04_wall_painting"}
{"ctxid":0,"pos":[647.764893,-964.448303,137.797806],"rotationMatrix":[0.99608469,0.0158352815,-0.086974144,0.0158352815,0.93595469,0.351764113,0.086974144,-0.351764113,0.93203944],"scale":0.827003896,"type":"vine04_wall_painting"}
{"ctxid":0,"pos":[648.492065,-966.512329,137.592377],"rotationMatrix":[0.996040583,0.00902333111,-0.0884407014,0.00902333111,0.979436278,0.201551765,0.0884407014,-0.201551765,0.975476861],"scale":1.16654909,"type":"vine04_wall_painting"}
{"ctxid":0,"pos":[646.088806,-966.228943,137.387344],"rotationMatrix":[0.982685983,0.0769747347,0.168532401,0.0769747347,0.657785654,-0.749261558,-0.168532401,0.749261558,0.640471578],"scale":1.05600631,"type":"vine04_wall_painting"}
{"ctxid":0,"pos":[647.586853,-964.662781,138.246185],"rotationMatrix":[0.461455703,0.123586208,-0.878512919,0.123586208,0.971639216,0.201602876,0.878512919,-0.201602876,0.433094919],"scale":1.06029403,"type":"vine04_wall_painting"}
{"ctxid":0,"pos":[647.323364,-968.643982,138.35968],"rotationMatrix":[0.191044271,0.201932892,-0.960585773,0.201932892,0.949593186,0.239783049,0.960585773,-0.239783049,0.140637457],"scale":0.886266172,"type":"vine04_wall_painting"}
{"ctxid":0,"pos":[649.388062,-963.480347,139.24556],"rotationMatrix":[0.521006584,0.132487535,0.843207598,0.132487535,0.963354528,-0.23322764,-0.843207598,0.23322764,0.484361112],"scale":0.937655628,"type":"vine04_wall_painting"}
{"ctxid":0,"pos":[646.486389,-964.311279,139.15921],"rotationMatrix":[0.789112687,0.257491142,0.557673216,0.257491142,0.685606122,-0.680913031,-0.557673216,0.680913031,0.474718809],"scale":1.11215329,"type":"vine04_wall_painting"}
{"ctxid":0,"pos":[647.34552,-964.91333,138.502136],"rotationMatrix":[0.803695619,0.14188689,-0.577876627,0.14188689,0.89744556,0.417683572,0.577876627,-0.417683572,0.701141179],"scale":0.80672133,"type":"vine04_wall_painting"}
{"ctxid":0,"pos":[646.166504,-964.33844,138.620544],"rotationMatrix":[0.75358355,-0.0462797321,0.655720949,-0.0462797321,0.991308153,0.123151638,-0.655720949,-0.123151638,0.744891703],"scale":1.11046493,"type":"vine04_wall_painting"}
{"ctxid":0,"pos":[646.811768,-967.023193,138.005753],"rotationMatrix":[0.837022007,-0.179833949,0.516772509,-0.179833949,0.80156672,0.570219636,-0.516772509,-0.570219636,0.638588786],"scale":0.839946449,"type":"vine04_wall_painting"}
{"ctxid":0,"pos":[648.194641,-965.482788,137.376617],"rotationMatrix":[0.965300024,0.0425828509,-0.257648051,0.0425828509,0.947743475,0.316178739,0.257648051,-0.316178739,0.913043499],"scale":0.861004889,"type":"vine04_wall_painting"}
{"ctxid":0,"pos":[644.429382,-967.864319,137.162735],"rotationMatrix":[0.82249403,-0.367382467,0.434204638,-0.367382467,0.23963201,0.898669183,-0.434204638,-0.898669183,0.0621260405],"scale":0.92149061,"type":"vine04_wall_painting"}
{"ctxid":0,"pos":[650.867676,-967.798401,139.682343],"rotationMatrix":[0.800511301,0.344802827,-0.490196496,0.344802827,0.404031456,0.84727174,0.490196496,-0.84727174,0.204542756],"scale":1.12363803,"type":"vine04_wall_painting"}
{"ctxid":0,"pos":[650.400696,-968.000366,139.80452],"rotationMatrix":[0.935380101,0.209559441,-0.284866482,0.209559441,0.320408225,0.923809111,0.284866482,-0.923809111,0.255788326],"scale":0.959052682,"type":"vine04_wall_painting"}
{"ctxid":0,"pos":[646.767395,-969.488098,140.34935],"rotationMatrix":[0.985318482,-0.0816462487,0.149937943,-0.0816462487,0.545952439,0.83382833,-0.149937943,-0.83382833,0.531270981],"scale":1.15280342,"type":"vine04_wall_painting"}
{"ctxid":0,"pos":[647.103699,-964.614136,138.736298],"rotationMatrix":[0.945344031,0.0509525761,-0.322069079,0.0509525761,0.952499866,0.300246239,0.322069079,-0.300246239,0.897843897],"scale":1.04618835,"type":"vine04_wall_painting"}
{"ctxid":0,"pos":[648.389709,-966.337769,137.631866],"rotationMatrix":[0.996940732,0.00298547978,0.0781039447,0.00298547978,0.997086525,-0.076220572,-0.0781039447,0.076220572,0.994027257],"scale":0.883560061,"type":"vine04_wall_painting"}
{"ctxid":0,"pos":[650.586426,-966.812866,140.105927],"rotationMatrix":[0.616711855,0.420041293,-0.665756464,0.420041293,0.539681315,0.729595244,0.665756464,-0.729595244,0.15639317],"scale":1.09317398,"type":"vine04_wall_painting"}
{"ctxid":0,"pos":[651.112427,-966.309692,139.518799],"rotationMatrix":[0.688704729,-0.21186243,-0.693397462,-0.21186243,0.855809927,-0.471914887,0.693397462,0.471914887,0.544514656],"scale":0.956758261,"type":"vine04_wall_painting"}
{"ctxid":0,"pos":[645.08728,-966.850342,137.494019],"rotationMatrix":[0.995774746,0.00222790032,0.0918021426,0.00222790032,0.998825252,-0.0484059453,-0.0918021426,0.0484059453,0.994600058],"scale":1.06932449,"type":"vine04_wall_painting"}
{"ctxid":0,"pos":[646.942688,-966.766296,139.448166],"rotationMatrix":[0.294407189,-0.293304116,0.909558594,-0.293304116,0.878077984,0.378089577,-0.909558594,-0.378089577,0.172485173],"scale":0.929282665,"type":"vine04_wall_painting"}
{"ctxid":0,"pos":[647.680115,-964.861511,138.073959],"rotationMatrix":[0.583199382,0.00708847912,-0.812298059,0.00708847912,0.99987942,0.0138146589,0.812298059,-0.0138146589,0.583078861],"scale":0.990008473,"type":"vine04_wall_painting"}
{"ctxid":0,"pos":[646.544128,-969.030151,139.778824],"rotationMatrix":[0.580350041,0.284358174,-0.763108253,0.284358174,0.807316661,0.517088175,0.763108253,-0.517088175,0.387666702],"scale":1.08915949,"type":"vine04_wall_painting"}
{"ctxid":0,"pos":[646.400085,-966.034851,140.364029],"rotationMatrix":[0.856344461,0.338121533,0.390317678,0.338121533,0.204164326,-0.918689549,-0.390317678,0.918689549,0.0605088472],"scale":0.809942245,"type":"vine04_wall_painting"}
{"ctxid":0,"pos":[644.699829,-967.098938,137.483765],"rotationMatrix":[0.999969065,2.95596346e-05,-0.00786614418,2.95596346e-05,0.999971747,0.00751543744,0.00786614418,-0.00751543744,0.999940813],"scale":0.803193629,"type":"vine04_wall_painting"}
{"ctxid":0,"pos":[647.256714,-969.39502,140.396805],"rotationMatrix":[0.835076749,0.331929147,-0.438713819,0.331929147,0.331950068,0.88296777,0.438713819,-0.88296777,0.167026818],"scale":1.03064573,"type":"vine04_wall_painting"}
{"ctxid":0,"pos":[644.44281,-966.753052,139.475159],"rotationMatrix":[0.602613807,-0.155913115,-0.782654166,-0.155913115,0.938827991,-0.307071716,0.782654166,0.307071716,0.541441858],"scale":1.19846129,"type":"vine04_wall_painting"}
{"ctxid":0,"pos":[649.561768,-964.011536,140.04509],"rotationMatrix":[0.58088994,0.351854593,0.734006226,0.351854593,0.704608262,-0.616218686,-0.734006226,0.616218686,0.285498202],"scale":0.882409334,"type":"vine04_wall_painting"}
{"ctxid":0,"pos":[644.666443,-967.748657,139.514069],"rotationMatrix":[0.558875382,0.448543072,0.697472095,0.448543072,0.543913722,-0.709201574,-0.697472095,0.709201574,0.102789044],"scale":0.906531274,"type":"vine04_wall_painting"}
{"ctxid":0,"pos":[650.905334,-966.660583,140.349808],"rotationMatrix":[0.999029696,0.00944906194,-0.043016158,0.00944906194,0.907983065,0.418900222,0.043016158,-0.418900222,0.907012761],"scale":0.923045933,"type":"vine04_wall_painting"}
{"ctxid":0,"pos":[645.59668,-964.815002,132.491806],"rotationMatrix":[0.996619701,-0.0170989037,-0.0803541169,-0.0170989037,0.913506746,-0.4064641,0.0803541169,0.4064641,0.910126448],"scale":1.06064785,"type":"vine04_wall_painting"}
{"ctxid":0,"pos":[648.038025,-965.911072,137.431351],"rotationMatrix":[0.977086425,0.0844032615,0.195392549,0.0844032615,0.689096808,-0.719737113,-0.195392549,0.719737113,0.666183233],"scale":1.04171419,"type":"vine04_wall_painting"}
{"ctxid":0,"pos":[649.740112,-966.264221,136.539841],"rotationMatrix":[0.962897539,0.0727527216,-0.259875596,0.0727527216,0.857342064,0.509579837,0.259875596,-0.509579837,0.820239604],"scale":1.02148414,"type":"vine04_wall_painting"}
{"ctxid":0,"pos":[648.456787,-967.245056,136.996429],"rotationMatrix":[0.905928612,0.237968042,-0.350234896,0.237968042,0.398023069,0.885973275,0.350234896,-0.885973275,0.30395174],"scale":1.10129714,"type":"vine04_wall_painting"}
{"ctxid":0,"pos":[650.045593,-968.066467,139.691071],"rotationMatrix":[0.986866713,-0.110378288,0.1179436,-0.110378288,0.0723283291,0.99125421,-0.1179436,-0.99125421,0.0591950417],"scale":0.965105295,"type":"vine04_wall_painting"}
{"ctxid":0,"pos":[649.596741,-968.364197,139.473618],"rotationMatrix":[0.601775169,0.380363852,-0.70227474,0.380363852,0.636695981,0.670776725,0.70227474,-0.670776725,0.23847115],"scale":1.19900024,"type":"vine04_wall_painting"}
{"ctxid":0,"pos":[645.243286,-968.365479,137.466583],"rotationMatrix":[0.999993265,-0.00158126431,0.00331188389,-0.00158126431,0.628718793,0.777631104,-0.00331188389,-0.777631104,0.628712058],"scale":1.18690145,"type":"vine04_wall_painting"}
{"ctxid":0,"pos":[645.841309,-965.901855,136.329712],"rotationMatrix":[0.990363717,-0.0898961276,-0.105348758,-0.0898961276,0.161364675,-0.98279196,0.105348758,0.98279196,0.151728392],"scale":0.963853121,"type":"vine04_wall_painting"}
{"ctxid":0,"pos":[646.021057,-969.231873,139.966019],"rotationMatrix":[0.875169754,-0.23450838,0.423182815,-0.23450838,0.559448242,0.794999003,-0.423182815,-0.794999003,0.434617996],"scale":1.03589964,"type":"vine04_wall_painting"}
{"ctxid":0,"pos":[645.625183,-965.915527,136.562195],"rotationMatrix":[0.974208236,0.128248021,0.185663104,0.128248021,0.362294853,-0.923198104,-0.185663104,0.923198104,0.336503088],"scale":0.926332116,"type":"vine04_wall_painting"}
{"ctxid":0,"pos":[646.6922,-968.442688,137.242188],"rotationMatrix":[0.984609783,-0.078105025,0.156343192,-0.078105025,0.60361892,0.793437898,-0.156343192,-0.793437898,0.588228703],"scale":1.08689106,"type":"vine04_wall_painting"}
{"ctxid":0,"pos":[647.208008,-963.799011,139.258041],"rotationMatrix":[0.845998228,0.278968543,0.454382539,0.278968543,0.494658709,-0.823097348,-0.454382539,0.823097348,0.340656936],"scale":0.97387135,"type":"vine04_wall_painting"}
{"ctxid":0,"pos":[644.87207,-967.882812,137.356186],"rotationMatrix":[0.791376948,0.188588545,0.581512511,0.188588545,0.829522014,-0.525668681,-0.581512511,0.525668681,0.620898962],"scale":1.09031463,"type":"vine04_wall_painting"}
{"ctxid":0,"pos":[651.394226,-965.987427,138.282593],"rotationMatrix":[0.963144302,0.138714656,-0.230458885,0.138714656,0.47791642,0.86738342,0.230458885,-0.86738342,0.441060722],"scale":0.909093082,"type":"vine04_wall_painting"}
{"ctxid":0,"pos":[648.310242,-965.927002,137.516861],"rotationMatrix":[0.996170759,0.0203764886,0.0850209221,0.0203764886,0.891570032,-0.452424228,-0.0850209221,0.452424228,0.887740791],"scale":1.18332672,"type":"vine04_wall_painting"}
{"ctxid":0,"pos":[646.55542,-964.079895,138.890839],"rotationMatrix":[0.729268253,0.304780215,0.612598419,0.304780215,0.65688926,-0.689641535,-0.612598419,0.689641535,0.386157513],"scale":0.885146141,"type":"vine04_wall_painting"}
{"ctxid":0,"pos":[648.207031,-964.904907,137.521027],"rotationMatrix":[0.996623218,0.0287737995,-0.076904349,0.0287737995,0.754818201,0.655302525,0.076904349,-0.655302525,0.751441419],"scale":0.802754939,"type":"vine04_wall_painting"}
{"ctxid":0,"pos":[645.959412,-964.577759,138.134842],"rotationMatrix":[0.422928929,-0.332595378,0.842918277,-0.332595378,0.808308363,0.485816658,-0.842918277,-0.485816658,0.231237292],"scale":1.17924178,"type":"vine04_wall_painting"}
{"ctxid":0,"pos":[647.877686,-964.72644,137.782623],"rotationMatrix":[0.556320846,0.00316914055,-0.830961466,0.00316914055,0.99997735,0.00593544589,0.830961466,-0.00593544589,0.556298196],"scale":0.879999101,"type":"vine04_wall_painting"}
{"ctxid":0,"pos":[647.011902,-963.705322,138.643311],"rotationMatrix":[0.942337632,-0.175053,-0.2852301,-0.175053,0.468569279,-0.865909398,0.2852301,0.865909398,0.410906911],"scale":0.836126506,"type":"vine04_wall_painting"}
{"ctxid":0,"pos":[648.546387,-965.565552,137.337494],"rotationMatrix":[0.998177886,-0.0132875629,-0.0588583611,-0.0132875629,0.903100848,-0.429222882,0.0588583611,0.429222882,0.901278734],"scale":0.907709241,"type":"vine04_wall_painting"}
{"ctxid":0,"pos":[648.431213,-965.164978,137.372162],"rotationMatrix":[0.972244501,-0.0855526999,0.217764422,-0.0855526999,0.736294866,0.671230614,-0.217764422,-0.671230614,0.708539367],"scale":1.03250194,"type":"vine04_wall_painting"}
{"ctxid":0,"pos":[647.354492,-965.287598,138.135223],"rotationMatrix":[0.880830944,0.220642984,-0.418871701,0.220642984,0.591476798,0.775546134,0.418871701,-0.775546134,0.472307682],"scale":1.00275075,"type":"vine04_wall_painting"}
{"ctxid":0,"pos":[645.974487,-967.088379,138.03479],"rotationMatrix":[0.965753853,-0.0549606271,0.253572136,-0.0549606271,0.911795318,0.406950325,-0.253572136,-0.406950325,0.877549171],"scale":1.09228456,"type":"vine04_wall_painting"}
{"ctxid":0,"pos":[646.424805,-967.216553,138.004929],"rotationMatrix":[0.993835628,0.000235860411,-0.110863611,0.000235860411,0.999991,0.00424183114,0.110863611,-0.00424183114,0.993826568],"scale":1.06828415,"type":"vine04_wall_painting"}
{"ctxid":0,"pos":[648.409363,-964.829102,137.639648],"rotationMatrix":[0.997274458,-0.0205370691,0.0708655268,-0.0205370691,0.845253468,0.533970773,-0.0708655268,-0.533970773,0.842527866],"scale":0.976712227,"type":"vine04_wall_painting"}
{"ctxid":0,"pos":[649.63031,-963.535461,139.66922],"rotationMatrix":[0.784645557,0.211013019,0.582927763,0.211013019,0.793240845,-0.57117635,-0.582927763,0.57117635,0.577886462],"scale":1.18543088,"type":"vine04_wall_painting"}
{"ctxid":0,"pos":[648.314026,-967.071472,137.41507],"rotationMatrix":[0.998331964,-0.0170677397,0.0551544279,-0.0170677397,0.825360358,0.564348221,-0.0551544279,-0.564348221,0.823692322],"scale":0.992385268,"type":"vine04_wall_painting"}
{"ctxid":0,"pos":[649.408936,-964.728271,139.142365],"rotationMatrix":[0.255851328,-0.203914776,0.944964945,-0.203914776,0.944122434,0.25894329,-0.944964945,-0.25894329,0.199973762],"scale":0.936226547,"type":"vine04_wall_painting"}
{"ctxid":0,"pos":[650.07251,-963.71698,137.653549],"rotationMatrix":[0.939651668,-0.036789909,0.340148896,-0.036789909,0.977571905,0.207363516,-0.340148896,-0.207363516,0.917223573],"scale":1.04853034,"type":"vine04_wall_painting"}
{"ctxid":0,"pos":[644.780273,-966.784424,137.485474],"rotationMatrix":[0.999969065,2.95596346e-05,-0.00786614418,2.95596346e-05,0.999971747,0.00751543744,0.00786614418,-0.00751543744,0.999940813],"scale":1.08093047,"type":"vine04_wall_painting"}
{"ctxid":0,"pos":[644.951233,-965.230652,136.44693],"rotationMatrix":[0.918456972,-0.137790427,-0.370743275,-0.137790427,0.767163396,-0.62647754,0.370743275,0.62647754,0.685620368],"scale":0.926485181,"type":"vine04_wall_painting"}
{"ctxid":0,"pos":[647.041138,-968.508362,136.99588],"rotationMatrix":[0.683765888,0.392180443,-0.615352392,0.392180443,0.513634026,0.763134658,0.615352392,-0.763134658,0.197399974],"scale":0.927157283,"type":"vine04_wall_painting"}
{"ctxid":0,"pos":[651.789612,-964.930847,144.935287],"rotationMatrix":[0.617144167,0.256191313,-0.743975163,0.256191313,0.828567326,0.497837454,0.743975163,-0.497837454,0.445711493],"scale":1.14375937,"type":"vine04_wall_painting"}
{"ctxid":0,"pos":[651.19458,-965.818542,145.025085],"rotationMatrix":[0.767131209,0.323608428,-0.553883791,0.323608428,0.55029428,0.769710064,0.553883791,-0.769710064,0.317425489],"scale":0.833699763,"type":"vine04_wall_painting"}
{"ctxid":0,"pos":[650.374817,-967.184265,144.662292],"rotationMatrix":[0.999864638,-0.0014215745,0.016390441,-0.0014215745,0.9850685,0.172157064,-0.016390441,-0.172157064,0.984933138],"scale":1.12117064,"type":"vine04_wall_painting"}
{"ctxid":0,"pos":[650.355347,-966.981934,144.714752],"rotationMatrix":[0.991236031,0.0183794014,-0.130818099,0.0183794014,0.961455643,0.27434507,0.130818099,-0.27434507,0.952691674],"scale":0.865812123,"type":"vine04_wall_painting"}
{"ctxid":0,"pos":[652.960083,-965.015076,143.345367],"rotationMatrix":[0.917345703,0.177217469,-0.356469929,0.177217469,0.620031476,0.764300227,0.356469929,-0.764300227,0.537377179],"scale":0.803880036,"type":"vine04_wall_painting"}
{"ctxid":0,"pos":[651.398804,-965.706543,144.850586],"rotationMatrix":[0.511461854,0.4108845,-0.754705608,0.4108845,0.654425979,0.634744406,0.754705608,-0.634744406,0.165887833],"scale":1.00582469,"type":"vine04_wall_painting"}
{"ctxid":0,"pos":[647.725037,-966.059204,148.320786],"rotationMatrix":[0.952615142,0.127575263,-0.276132047,0.127575263,0.656526327,0.743436456,0.276132047,-0.743436456,0.609141469],"scale":0.920702219,"type":"vine04_wall_painting"}
{"ctxid":0,"pos":[648.001953,-968.480591,144.024902],"rotationMatrix":[0.999706686,0.00458686659,-0.0237793401,0.00458686659,0.928264678,0.371892005,0.0237793401,-0.371892005,0.927971363],"scale":0.976528764,"type":"vine04_wall_painting"}
{"ctxid":0,"pos":[649.895935,-967.8526,144.19722],"rotationMatrix":[0.800637603,0.260820985,-0.539399505,0.260820985,0.658774257,0.705683231,0.539399505,-0.705683231,0.45941186],"scale":1.18428946,"type":"vine04_wall_painting"}
{"ctxid":0,"pos":[651.054321,-963.481506,148.143066],"rotationMatrix":[0.977649271,-0.00426961854,-0.210198998,-0.00426961854,0.99918437,-0.0401539691,0.210198998,0.0401539691,0.976833701],"scale":0.963708997,"type":"vine04_wall_painting"}
{"ctxid":0,"pos":[649.116272,-968.103516,144.631226],"rotationMatrix":[0.562075913,0.339757174,-0.754079342,0.339757174,0.736404181,0.585041761,0.754079342,-0.585041761,0.298480153],"scale":0.894988,"type":"vine04_wall_painting"}
{"ctxid":0,"pos":[649.709839,-968.143372,143.726105],"rotationMatrix":[0.529873013,0.216703281,-0.819923222,0.216703281,0.900111437,0.377940595,0.819923222,-0.377940595,0.42998445],"scale":1.09176481,"type":"vine04_wall_painting"}
{"ctxid":0,"pos":[647.475464,-968.856873,143.862457],"rotationMatrix":[0.964921057,0.128323555,-0.229042277,0.128323555,0.53057462,0.837868452,0.229042277,-0.837868452,0.495495677],"scale":1.15350699,"type":"vine04_wall_painting"}
{"ctxid":0,"pos":[651.817749,-964.335571,146.861343],"rotationMatrix":[0.728196084,0.233495057,-0.644368291,0.233495057,0.799414456,0.553549051,0.644368291,-0.553549051,0.52761054],"scale":1.03122747,"type":"vine04_wall_painting"}
{"ctxid":0,"pos":[648.702148,-968.358521,144.238876],"rotationMatrix":[0.997329235,0.0425297506,-0.0593769103,0.0425297506,0.322748542,0.945528626,0.0593769103,-0.945528626,0.320077777],"scale":1.05864656,"type":"vine04_wall_painting"}
{"ctxid":0,"pos":[650.007874,-967.185303,144.703918],"rotationMatrix":[0.991236031,0.0183794014,-0.130818099,0.0183794014,0.961455643,0.27434507,0.130818099,-0.27434507,0.952691674],"scale":1.07446313,"type":"vine04_wall_painting"}
{"ctxid":0,"pos":[648.268005,-969.005432,143.394028],"rotationMatrix":[0.948515832,0.130619124,-0.288541824,0.130619124,0.668609798,0.732051611,0.288541824,-0.732051611,0.61712563],"scale":0.944053888,"type":"vine04_wall_painting"}
{"ctxid":0,"pos":[651.052856,-963.797729,148.156387],"rotationMatrix":[0.977649271,-0.00426961854,-0.210198998,-0.00426961854,0.99918437,-0.0401539691,0.210198998,0.0401539691,0.976833701],"scale":0.919243753,"type":"vine04_wall_painting"}
{"ctxid":0,"pos":[651.513977,-965.28302,145.00563],"rotationMatrix":[0.576314449,0.232578933,-0.783433855,0.232578933,0.872327566,0.430059999,0.783433855,-0.430059999,0.448642015],"scale":1.10015094,"type":"vine04_wall_painting"}
{"ctxid":0,"pos":[651.13092,-964.139038,147.691559],"rotationMatrix":[0.996944666,-0.0316200964,0.0714250281,-0.0316200964,0.672760785,0.739184022,-0.0714250281,-0.739184022,0.669705391],"scale":0.875430763,"type":"vine04_wall_painting"}
{"ctxid":0,"pos":[650.586609,-967.747192,143.058792],"rotationMatrix":[0.242777348,0.129278943,-0.961429179,0.129278943,0.977928519,0.164142653,0.961429179,-0.164142653,0.220705867],"scale":1.18986452,"type":"vine04_wall_painting"}
{"ctxid":0,"pos":[650.366699,-968.222656,141.148087],"rotationMatrix":[0.870517492,0.151464522,-0.468249649,0.151464522,0.822821617,0.547743618,0.468249649,-0.547743618,0.693339109],"scale":0.831969559,"type":"vine04_wall_painting"}
{"ctxid":0,"pos":[649.691345,-967.097046,145.068848],"rotationMatrix":[0.988996625,0.0476841927,-0.14004229,0.0476841927,0.793355465,0.606888175,0.14004229,-0.606888175,0.782352149],"scale":1.09786808,"type":"vine04_wall_painting"}
{"ctxid":0,"pos":[650.390991,-967.401489,144.443848],"rotationMatrix":[0.861822009,0.234918237,-0.449528903,0.234918237,0.600612402,0.76424998,0.449528903,-0.76424998,0.462434411],"scale":1.08317876,"type":"vine04_wall_painting"}
{"ctxid":0,"pos":[648.029541,-968.838989,143.694427],"rotationMatrix":[0.950264513,0.122557878,-0.286316156,0.122557878,0.697993755,0.705538273,0.286316156,-0.705538273,0.648258209],"scale":1.10922337,"type":"vine04_wall_painting"}
{"ctxid":0,"pos":[649.635559,-967.864136,144.47319],"rotationMatrix":[0.939756036,0.186694756,-0.286362767,0.186694756,0.421436906,0.887432218,0.286362767,-0.887432218,0.361192942],"scale":1.08501685,"type":"vine04_wall_painting"}
{"ctxid":0,"pos":[651.198486,-964.37561,147.431534],"rotationMatrix":[0.995794117,0.0226797201,-0.0887680054,0.0226797201,0.877703071,0.478667825,0.0887680054,-0.478667825,0.873497188],"scale":1.19059181,"type":"vine04_wall_painting"}
{"ctxid":0,"pos":[652.534546,-964.794067,144.262161],"rotationMatrix":[0.975879371,0.0638658851,-0.208759606,0.0638658851,0.830897689,0.552747786,0.208759606,-0.552747786,0.80677712],"scale":1.13505554,"type":"vine04_wall_painting"}
{"ctxid":0,"pos":[652.905762,-965.464417,142.932938],"rotationMatrix":[0.783617496,0.307121933,-0.540018201,0.307121933,0.564087212,0.766473532,0.540018201,-0.766473532,0.347704768],"scale":0.975072742,"type":"vine04_wall_painting"}
{"ctxid":0,"pos":[648.759766,-967.945496,145.039047],"rotationMatrix":[0.969250143,0.142397612,-0.200691566,0.142397612,0.340580046,0.929369688,0.200691566,-0.929369688,0.309830189],"scale":1.01643085,"type":"vine04_wall_painting"}
{"ctxid":0,"pos":[649.648926,-967.55481,144.637177],"rotationMatrix":[0.978164852,0.0335606597,-0.205102831,0.0335606597,0.948417187,0.315243632,0.205102831,-0.315243632,0.926582038],"scale":0.947586596,"type":"vine04_wall_painting"}
{"ctxid":0,"pos":[647.682983,-968.9823,143.640015],"rotationMatrix":[0.995810568,-0.0389202759,0.0827437341,-0.0389202759,0.638426542,0.768698096,-0.0827437341,-0.768698096,0.634237051],"scale":0.852849007,"type":"vine04_wall_painting"}
{"ctxid":0,"pos":[647.785339,-968.472839,144.18277],"rotationMatrix":[0.955794454,0.111401759,-0.272115082,0.111401759,0.71925807,0.685753107,0.272115082,-0.685753107,0.675052524],"scale":0.888311863,"type":"vine04_wall_painting"}
{"ctxid":0,"pos":[652.773987,-964.46521,144.425568],"rotationMatrix":[0.975879371,0.0638658851,-0.208759606,0.0638658851,0.830897689,0.552747786,0.208759606,-0.552747786,0.80677712],"scale":1.08376992,"type":"vine04_wall_painting"}
{"ctxid":0,"pos":[651.455566,-963.391602,148.142395],"rotationMatrix":[0.999610484,-0.000196596637,0.0279073454,-0.000196596637,0.999900758,0.0140857948,-0.0279073454,-0.0140857948,0.999511242],"scale":1.05318594,"type":"vine04_wall_painting"}
{"ctxid":0,"pos":[650.343628,-963.777222,148.181961],"rotationMatrix":[0.999139965,0.00274974271,0.0413732901,0.00274974271,0.991208315,-0.132282078,-0.0413732901,0.132282078,0.990348279],"scale":1.12813938,"type":"vine04_wall_painting"}
{"ctxid":0,"pos":[653.040527,-964.488892,144.284393],"rotationMatrix":[0.923846483,0.115225993,-0.365007639,0.115225993,0.825654328,0.552284181,0.365007639,-0.552284181,0.749500871],"scale":1.19211614,"type":"vine04_wall_painting"}
{"ctxid":0,"pos":[649.8927,-966.512634,145.56488],"rotationMatrix":[0.984171391,0.0653332174,-0.164736941,0.0653332174,0.730334699,0.679957926,0.164736941,-0.679957926,0.71450609],"scale":1.08913326,"type":"vine04_wall_painting"}
{"ctxid":0,"pos":[651.218018,-963.329773,148.135193],"rotationMatrix":[0.989562929,0.0161513109,0.143193424,0.0161513109,0.975005925,-0.221590891,-0.143193424,0.221590891,0.964568853],"scale":1.07804966,"type":"vine04_wall_painting"}
{"ctxid":0,"pos":[652.146118,-965.052673,144.032089],"rotationMatrix":[0.479964495,0.0463421792,-0.876062989,0.0463421792,0.995870292,0.0780690387,0.876062989,-0.0780690387,0.475834787],"scale":1.14255774,"type":"vine04_wall_painting"}
{"ctxid":0,"pos":[648.217834,-964.274536,145.551117],"rotationMatrix":[0.931669712,0.16518487,0.323582262,0.16518487,0.600674272,-0.782243133,-0.323582262,0.782243133,0.532343984],"scale":1.13107169,"type":"vine04_wall_painting"}
{"ctxid":0,"pos":[652.660645,-965.234192,143.262939],"rotationMatrix":[0.993261278,0.03652611,-0.109990448,0.03652611,0.802016735,0.596183717,0.109990448,-0.596183717,0.795277953],"scale":1.15610445,"type":"vine04_wall_painting"}
{"ctxid":0,"pos":[649.948853,-966.795593,145.282562],"rotationMatrix":[0.984223902,0.0651943758,-0.164478064,0.0651943758,0.730585933,0.679701209,0.164478064,-0.679701209,0.714809835],"scale":0.953024507,"type":"vine04_wall_painting"}
{"ctxid":0,"pos":[649.884033,-968.257629,143.372086],"rotationMatrix":[0.521606922,0.090858236,-0.848334193,0.090858236,0.982743859,0.16111885,0.848334193,-0.16111885,0.504350781],"scale":1.06164396,"type":"vine04_wall_painting"}
{"ctxid":0,"pos":[650.113464,-967.584351,144.298004],"rotationMatrix":[0.730755448,0.284764439,-0.620407641,0.284764439,0.698821068,0.656169355,0.620407641,-0.656169355,0.429576516],"scale":0.998195946,"type":"vine04_wall_painting"}
{"ctxid":0,"pos":[649.203796,-968.46991,143.7771],"rotationMatrix":[0.958274007,0.136999547,-0.250882566,0.136999547,0.550187588,0.823726058,0.250882566,-0.823726058,0.508461595],"scale":1.14607024,"type":"vine04_wall_painting"}
{"ctxid":0,"pos":[652.197144,-963.977966,146.746643],"rotationMatrix":[0.686622441,0.34203124,-0.64153266,0.34203124,0.626695156,0.7001912,0.64153266,-0.7001912,0.313317537],"scale":1.11562192,"type":"vine04_wall_painting"}
{"ctxid":0,"pos":[648.565552,-967.734619,145.191803],"rotationMatrix":[0.958965003,-0.0574940965,0.277633756,-0.0574940965,0.919445038,0.388992637,-0.277633756,-0.388992637,0.878410041],"scale":0.989238143,"type":"vine04_wall_painting"}
{"ctxid":0,"pos":[649.902161,-967.405762,144.654984],"rotationMatrix":[0.991236031,0.0183794014,-0.130818099,0.0183794014,0.961455643,0.27434507,0.130818099,-0.27434507,0.952691674],"scale":0.854245901,"type":"vine04_wall_painting"}
{"ctxid":0,"pos":[648.783569,-967.416565,145.31427],"rotationMatrix":[0.956345916,0.0302867852,-0.290663451,0.0302867852,0.978987336,0.201659381,0.290663451,-0.201659381,0.935333252],"scale":1.11992729,"type":"vine04_wall_painting"}
{"ctxid":0,"pos":[652.650146,-965.844666,142.499603],"rotationMatrix":[0.548754454,0.250963718,-0.797424436,0.250963718,0.860424578,0.443493754,0.797424436,-0.443493754,0.409179032],"scale":0.900200963,"type":"vine04_wall_painting"}
{"ctxid":0,"pos":[648.892029,-968.862854,141.79245],"rotationMatrix":[0.435727239,0.374816746,-0.81832397,0.374816746,0.751028895,0.543569624,0.81832397,-0.543569624,0.186756134],"scale":0.926452398,"type":"vine04_wall_painting"}
{"ctxid":0,"pos":[648.98584,-967.776611,145.151031],"rotationMatrix":[0.927176476,0.166911453,-0.335386902,0.166911453,0.61743927,0.768706203,0.335386902,-0.768706203,0.544615746],"scale":1.01222777,"type":"vine04_wall_painting"}
{"ctxid":0,"pos":[649.619141,-963.808228,147.988953],"rotationMatrix":[0.947528422,0.0260414593,0.318608999,0.0260414593,0.987075686,-0.158124551,-0.318608999,0.158124551,0.934604168],"scale":1.02220166,"type":"vine04_wall_painting"}
