{"ctxid":0,"pos":[781.927612,897.391724,150.893372],"rotationMatrix":[0.943921506,0.328694731,0.0311727859,-0.0307085197,-0.00660476414,0.999506533,0.328738511,-0.944413066,0.00385935791],"scale":0.80663234,"type":"vine01_wall_painting"}
{"ctxid":0,"pos":[779.852478,896.670959,151.313522],"rotationMatrix":[0.943921506,0.328694731,0.0311727859,-0.0307085197,-0.00660476414,0.999506533,0.328738511,-0.944413066,0.00385935791],"scale":0.879205287,"type":"vine01_wall_painting"}
{"ctxid":0,"pos":[816.462219,938.760742,159.432358],"rotationMatrix":[0.950604022,0.296111405,0.0931125656,-0.101352558,0.0125644151,0.994771302,0.293393284,-0.955070674,0.0419554412],"scale":1.16514683,"type":"vine01_wall_painting"}
{"ctxid":0,"pos":[658.613098,41.567791,135.339661],"rotationMatrix":[0.0871558636,-0.99619472,1.19209361e-07,-6.59592672e-07,6.19577705e-08,1,-0.99619472,-0.0871558636,-6.5168274e-07],"scale":1.06233859,"type":"vine01_wall_painting"}
{"ctxid":0,"pos":[-851.122925,776.669922,190.980499],"rotationMatrix":[0.999507844,0.0313680097,0,8.41355607e-09,-2.68088911e-07,1,0.0313680097,-0.999507844,-2.68220901e-07],"scale":1.03753591,"type":"vine01_wall_painting"}
{"ctxid":0,"pos":[-848.178284,776.76178,191.115173],"rotationMatrix":[0.999507844,0.0313680097,0,8.41355607e-09,-2.68088911e-07,1,0.0313680097,-0.999507844,-2.68220901e-07],"scale":0.841806591,"type":"vine01_wall_painting"}
{"ctxid":0,"pos":[-846.045044,776.823547,190.917709],"rotationMatrix":[0.999507844,0.0313680097,0,8.41355607e-09,-2.68088911e-07,1,0.0313680097,-0.999507844,-2.68220901e-07],"scale":0.981603265,"type":"vine01_wall_painting"}
{"ctxid":0,"pos":[-843.564758,776.905151,191.083115],"rotationMatrix":[0.999507844,0.0313680097,0,8.41355607e-09,-2.68088911e-07,1,0.0313680097,-0.999507844,-2.68220901e-07],"scale":0.831712782,"type":"vine01_wall_painting"}
{"ctxid":0,"pos":[-826.242371,765.294189,191.051575],"rotationMatrix":[-0.998595178,-0.0489807427,-0.0202107485,-0.0193800479,-0.0173758268,0.999661088,-0.0493153296,0.998648465,0.0164020956],"scale":0.92147541,"type":"vine01_wall_painting"}
{"ctxid":0,"pos":[-828.057129,765.198242,190.876801],"rotationMatrix":[-0.998595178,-0.0489807427,-0.0202107485,-0.0193800479,-0.0173758268,0.999661088,-0.0493153296,0.998648465,0.0164020956],"scale":0.901626945,"type":"vine01_wall_painting"}
{"ctxid":0,"pos":[-831.090698,765.05011,190.931198],"rotationMatrix":[-0.998595178,-0.0489807427,-0.0202107485,-0.0193800479,-0.0173758268,0.999661088,-0.0493153296,0.998648465,0.0164020956],"scale":1.05830801,"type":"vine01_wall_painting"}
{"ctxid":0,"pos":[-834.483582,764.938721,190.852341],"rotationMatrix":[-0.998595178,-0.0489807427,-0.0202107485,-0.0193800479,-0.0173758268,0.999661088,-0.0493153296,0.998648465,0.0164020956],"scale":1.02319932,"type":"vine01_wall_painting"}
{"ctxid":0,"pos":[-858.15625,801.658691,189.146683],"rotationMatrix":[-0.03858364,0.999255061,0,-0.076932475,-0.00297054742,0.997031808,0.996289134,0.0384691134,0.0769898295],"scale":1.02545631,"type":"vine01_wall_painting"}
{"ctxid":0,"pos":[-857.407837,793.68573,189.164062],"rotationMatrix":[-0.0777849555,0.996969879,0,-0.0767565444,-0.00598865002,0.997031808,0.994010746,0.0775540695,0.0769898295],"scale":0.901875496,"type":"vine01_wall_painting"}
{"ctxid":0,"pos":[-858.123535,798.587952,189.32341],"rotationMatrix":[-0.0143812653,0.999896407,0,-0.07698185,-0.00110721122,0.997031808,0.996928573,0.014338579,0.0769898295],"scale":0.855228007,"type":"vine01_wall_painting"}
{"ctxid":0,"pos":[-693.992615,403.407227,132.802338],"rotationMatrix":[-3.2584137e-07,1,0,2.68220901e-07,8.73974694e-14,1,1,3.2584137e-07,-2.68220901e-07],"scale":1.05114508,"type":"vine01_wall_painting"}
{"ctxid":0,"pos":[-693.992615,406.082611,132.886032],"rotationMatrix":[-3.2584137e-07,1,0,2.68220901e-07,8.73974694e-14,1,1,3.2584137e-07,-2.68220901e-07],"scale":0.849712908,"type":"vine01_wall_painting"}
{"ctxid":0,"pos":[-693.992615,407.213898,132.821671],"rotationMatrix":[-3.2584137e-07,1,0,2.68220901e-07,8.73974694e-14,1,1,3.2584137e-07,-2.68220901e-07],"scale":1.0017817,"type":"vine01_wall_painting"}
{"ctxid":0,"pos":[-693.992615,400.596558,132.799255],"rotationMatrix":[-3.2584137e-07,1,0,2.68220901e-07,8.73974694e-14,1,1,3.2584137e-07,-2.68220901e-07],"scale":1.04855692,"type":"vine01_wall_painting"}
{"ctxid":0,"pos":[-693.992615,409.47818,132.770584],"rotationMatrix":[-3.2584137e-07,1,0,2.68220901e-07,8.73974694e-14,1,1,3.2584137e-07,-2.68220901e-07],"scale":1.13130236,"type":"vine01_wall_painting"}
{"ctxid":0,"pos":[-693.992615,410.68045,132.478317],"rotationMatrix":[-3.2584137e-07,1,0,2.68220901e-07,8.73974694e-14,1,1,3.2584137e-07,-2.68220901e-07],"scale":0.892864585,"type":"vine01_wall_painting"}
{"ctxid":0,"pos":[-693.992615,412.46402,132.79335],"rotationMatrix":[-3.2584137e-07,1,0,2.68220901e-07,8.73974694e-14,1,1,3.2584137e-07,-2.68220901e-07],"scale":1.00389183,"type":"vine01_wall_painting"}
{"ctxid":0,"pos":[-693.992615,413.900421,132.545334],"rotationMatrix":[-3.2584137e-07,1,0,2.68220901e-07,8.73974694e-14,1,1,3.2584137e-07,-2.68220901e-07],"scale":1.17117488,"type":"vine01_wall_painting"}
{"ctxid":0,"pos":[-693.992615,419.788757,132.847397],"rotationMatrix":[-3.2584137e-07,1,0,2.68220901e-07,8.73974694e-14,1,1,3.2584137e-07,-2.68220901e-07],"scale":1.09675646,"type":"vine01_wall_painting"}
{"ctxid":0,"pos":[-693.992615,416.387482,132.791718],"rotationMatrix":[-3.2584137e-07,1,0,2.68220901e-07,8.73974694e-14,1,1,3.2584137e-07,-2.68220901e-07],"scale":1.19254184,"type":"vine01_wall_painting"}
{"ctxid":0,"pos":[-693.992615,417.431427,132.903442],"rotationMatrix":[-3.2584137e-07,1,0,2.68220901e-07,8.73974694e-14,1,1,3.2584137e-07,-2.68220901e-07],"scale":0.974400163,"type":"vine01_wall_painting"}
{"ctxid":0,"pos":[-719.959229,435.498383,135.245514],"rotationMatrix":[-0.99999994,-3.147386e-07,-8.43339549e-08,-8.43340402e-08,2.5331974e-07,0.99999994,-3.14738571e-07,0.999999881,-2.98023224e-07],"scale":1.17387354,"type":"vine01_wall_painting"}
{"ctxid":0,"pos":[-700.779419,435.554596,135.389145],"rotationMatrix":[-0.99999994,-3.147386e-07,-8.43339549e-08,-8.43340402e-08,2.5331974e-07,0.99999994,-3.14738571e-07,0.999999881,-2.98023224e-07],"scale":0.97339952,"type":"vine01_wall_painting"}
{"ctxid":0,"pos":[-713.746826,435.498383,135.351349],"rotationMatrix":[-0.99999994,-3.147386e-07,-8.43339549e-08,-8.43340402e-08,2.5331974e-07,0.99999994,-3.14738571e-07,0.999999881,-2.98023224e-07],"scale":0.944903433,"type":"vine01_wall_painting"}
{"ctxid":0,"pos":[-716.588379,435.498383,135.292847],"rotationMatrix":[-0.99999994,-3.147386e-07,-8.43339549e-08,-8.43340402e-08,2.5331974e-07,0.99999994,-3.14738571e-07,0.999999881,-2.98023224e-07],"scale":1.12392974,"type":"vine01_wall_painting"}
{"ctxid":0,"pos":[70.2789536,554.524658,159.549057],"rotationMatrix":[-0.699850142,-0.711757481,-0.060087882,-0.018810086,-0.0657289773,0.997659743,-0.714041829,0.699342966,0.0326121598],"scale":1.04998672,"type":"vine01_wall_painting"}
{"ctxid":1,"pos":[-788.646545,-786.662781,170.183426],"rotationMatrix":[0.99999994,0,0,0,0.99999994,0,0,0,0.999999881],"scale":0.855039299,"type":"vine01_wall_painting"}
{"ctxid":1,"pos":[-789.912842,-789.551331,165.129562],"rotationMatrix":[0.99999994,0,0,0,0.99999994,0,0,0,0.999999881],"scale":0.9404037,"type":"vine01_wall_painting"}
{"ctxid":1,"pos":[-783.848633,-791.906311,171.455078],"rotationMatrix":[0.99999994,0,0,0,0.99999994,0,0,0,0.999999881],"scale":1.1716888,"type":"vine01_wall_painting"}
{"ctxid":1,"pos":[-783.300842,-792.279907,175.835968],"rotationMatrix":[0.99999994,0,0,0,0.99999994,0,0,0,0.999999881],"scale":1.00040615,"type":"vine01_wall_painting"}
{"ctxid":1,"pos":[-788.367065,-791.716248,171.485458],"rotationMatrix":[0.99999994,0,0,0,0.99999994,0,0,0,0.999999881],"scale":0.91718936,"type":"vine01_wall_painting"}
{"ctxid":1,"pos":[-787.321045,-788.570496,170.967865],"rotationMatrix":[0.99999994,0,0,0,0.99999994,0,0,0,0.999999881],"scale":0.832625687,"type":"vine01_wall_painting"}
{"ctxid":1,"pos":[-787.948425,-791.469604,171.383469],"rotationMatrix":[0.99999994,0,0,0,0.99999994,0,0,0,0.999999881],"scale":1.17322624,"type":"vine01_wall_painting"}
{"ctxid":1,"pos":[-787.260803,-789.412964,177.934082],"rotationMatrix":[0.99999994,0,0,0,0.99999994,0,0,0,0.999999881],"scale":1.19039249,"type":"vine01_wall_painting"}
{"ctxid":1,"pos":[-787.74884,-787.702393,182.036163],"rotationMatrix":[0.99999994,0,0,0,0.99999994,0,0,0,0.999999881],"scale":1.17363608,"type":"vine01_wall_painting"}
{"ctxid":1,"pos":[-788.884521,-792.671448,178.623535],"rotationMatrix":[0.99999994,0,0,0,0.99999994,0,0,0,0.999999881],"scale":0.879507482,"type":"vine01_wall_painting"}
{"ctxid":1,"pos":[-788.771606,-791.851807,178.697449],"rotationMatrix":[0.99999994,0,0,0,0.99999994,0,0,0,0.999999881],"scale":0.83094418,"type":"vine01_wall_painting"}
{"ctxid":1,"pos":[-784.600342,-798.144775,181.349091],"rotationMatrix":[0.99999994,0,0,0,0.99999994,0,0,0,0.999999881],"scale":1.05845594,"type":"vine01_wall_painting"}
{"ctxid":1,"pos":[-780.309937,-796.548096,181.177795],"rotationMatrix":[0.99999994,0,0,0,0.99999994,0,0,0,0.999999881],"scale":0.934834719,"type":"vine01_wall_painting"}
{"ctxid":1,"pos":[-781.092651,-798.334534,178.279785],"rotationMatrix":[0.99999994,0,0,0,0.99999994,0,0,0,0.999999881],"scale":1.09816551,"type":"vine01_wall_painting"}
{"ctxid":1,"pos":[-797.914551,-779.133728,178.493866],"rotationMatrix":[0.99999994,0,0,0,0.99999994,0,0,0,0.999999881],"scale":1.05046844,"type":"vine01_wall_painting"}
{"ctxid":1,"pos":[-806.997864,-769.048401,183.741684],"rotationMatrix":[0.99999994,0,0,0,0.99999994,0,0,0,0.999999881],"scale":0.932802975,"type":"vine01_wall_painting"}
{"ctxid":1,"pos":[-805.688171,-771.946472,184.102585],"rotationMatrix":[0.99999994,0,0,0,0.99999994,0,0,0,0.999999881],"scale":0.903966963,"type":"vine01_wall_painting"}
{"ctxid":1,"pos":[-805.38208,-772.492737,184.151123],"rotationMatrix":[0.99999994,0,0,0,0.99999994,0,0,0,0.999999881],"scale":1.03175843,"type":"vine01_wall_painting"}
{"ctxid":1,"pos":[-803.944092,-771.631775,176.408035],"rotationMatrix":[0.99999994,0,0,0,0.99999994,0,0,0,0.999999881],"scale":0.913231492,"type":"vine01_wall_painting"}
{"ctxid":1,"pos":[-801.121155,-771.671875,163.781952],"rotationMatrix":[0.99999994,0,0,0,0.99999994,0,0,0,0.999999881],"scale":0.804530323,"type":"vine01_wall_painting"}
{"ctxid":1,"pos":[-803.011719,-769.116394,170.744202],"rotationMatrix":[0.99999994,0,0,0,0.99999994,0,0,0,0.999999881],"scale":1.01840901,"type":"vine01_wall_painting"}
{"ctxid":1,"pos":[-802.402466,-768.09552,173.593399],"rotationMatrix":[0.99999994,0,0,0,0.99999994,0,0,0,0.999999881],"scale":1.0952456,"type":"vine01_wall_painting"}
{"ctxid":1,"pos":[-789.641724,-788.837402,173.619278],"rotationMatrix":[0.99999994,0,0,0,0.99999994,0,0,0,0.999999881],"scale":0.95284605,"type":"vine01_wall_painting"}
{"ctxid":1,"pos":[-791.881714,-783.404541,170.829315],"rotationMatrix":[0.99999994,0,0,0,0.99999994,0,0,0,0.999999881],"scale":1.08249152,"type":"vine01_wall_painting"}
{"ctxid":1,"pos":[-792.299561,-785.375244,173.029022],"rotationMatrix":[0.99999994,0,0,0,0.99999994,0,0,0,0.999999881],"scale":1.13308358,"type":"vine01_wall_painting"}
{"ctxid":1,"pos":[-790.971436,-786.417786,171.330414],"rotationMatrix":[0.99999994,0,0,0,0.99999994,0,0,0,0.999999881],"scale":0.866731524,"type":"vine01_wall_painting"}
{"ctxid":1,"pos":[-792.522461,-785.846985,168.757065],"rotationMatrix":[0.99999994,0,0,0,0.99999994,0,0,0,0.999999881],"scale":1.13777614,"type":"vine01_wall_painting"}
{"ctxid":1,"pos":[-786.560425,-787.54425,166.510406],"rotationMatrix":[0.99999994,0,0,0,0.99999994,0,0,0,0.999999881],"scale":1.11668098,"type":"vine01_wall_painting"}
{"ctxid":1,"pos":[-787.322693,-789.143433,165.590195],"rotationMatrix":[0.99999994,0,0,0,0.99999994,0,0,0,0.999999881],"scale":1.1186235,"type":"vine01_wall_painting"}
{"ctxid":1,"pos":[-770.79126,-804.242798,166.261444],"rotationMatrix":[0.99999994,0,0,0,0.99999994,0,0,0,0.999999881],"scale":1.10547674,"type":"vine01_wall_painting"}
{"ctxid":1,"pos":[-769.862061,-804.61322,168.068604],"rotationMatrix":[0.99999994,0,0,0,0.99999994,0,0,0,0.999999881],"scale":0.907855153,"type":"vine01_wall_painting"}
{"ctxid":1,"pos":[-770.290649,-808.060486,157.376724],"rotationMatrix":[0.99999994,0,0,0,0.99999994,0,0,0,0.999999881],"scale":1.14122117,"type":"vine01_wall_painting"}
{"ctxid":1,"pos":[-772.718262,-805.934692,157.947098],"rotationMatrix":[0.99999994,0,0,0,0.99999994,0,0,0,0.999999881],"scale":1.00067222,"type":"vine01_wall_painting"}
{"ctxid":1,"pos":[-770.764832,-805.352112,160.414169],"rotationMatrix":[0.99999994,0,0,0,0.99999994,0,0,0,0.999999881],"scale":0.87688899,"type":"vine01_wall_painting"}
{"ctxid":1,"pos":[-769.831726,-809.214294,159.80191],"rotationMatrix":[0.99999994,0,0,0,0.99999994,0,0,0,0.999999881],"scale":1.06012666,"type":"vine01_wall_painting"}
{"ctxid":1,"pos":[-771.02179,-804.320129,158.127426],"rotationMatrix":[0.99999994,0,0,0,0.99999994,0,0,0,0.999999881],"scale":1.04160345,"type":"vine01_wall_painting"}
{"ctxid":1,"pos":[-782.185791,-804.182129,156.643402],"rotationMatrix":[0.635846317,-0.771815181,0,0.771815181,0.635846317,0,0,0,0.999999404],"scale":0.804045141,"type":"vine01_wall_painting"}
{"ctxid":1,"pos":[-779.156372,-799.124817,158.160675],"rotationMatrix":[0.99999994,0,0,0,0.99999994,0,0,0,0.999999881],"scale":1.13158822,"type":"vine01_wall_painting"}
{"ctxid":1,"pos":[-780.353699,-797.342773,158.558777],"rotationMatrix":[0.99999994,0,0,0,0.99999994,0,0,0,0.999999881],"scale":1.02616477,"type":"vine01_wall_painting"}
{"ctxid":1,"pos":[-774.398804,-799.764099,171.964859],"rotationMatrix":[0.99999994,0,0,0,0.99999994,0,0,0,0.999999881],"scale":0.989804745,"type":"vine01_wall_painting"}
{"ctxid":1,"pos":[-766.646301,-804.512634,173.647583],"rotationMatrix":[0.99999994,0,0,0,0.99999994,0,0,0,0.999999881],"scale":1.18604219,"type":"vine01_wall_painting"}
{"ctxid":1,"pos":[-764.708313,-804.207336,172.879608],"rotationMatrix":[0.99999994,0,0,0,0.99999994,0,0,0,0.999999881],"scale":1.18669045,"type":"vine01_wall_painting"}
{"ctxid":1,"pos":[-767.110168,-806.711121,176.965469],"rotationMatrix":[0.99999994,0,0,0,0.99999994,0,0,0,0.999999881],"scale":0.890194178,"type":"vine01_wall_painting"}
{"ctxid":1,"pos":[-766.357239,-807.806885,177.965683],"rotationMatrix":[0.99999994,0,0,0,0.99999994,0,0,0,0.999999881],"scale":0.915313065,"type":"vine01_wall_painting"}
{"ctxid":1,"pos":[-762.780823,-808.019653,175.861908],"rotationMatrix":[0.99999994,0,0,0,0.99999994,0,0,0,0.999999881],"scale":0.919790268,"type":"vine01_wall_painting"}
{"ctxid":1,"pos":[-763.764282,-810.001099,178.64119],"rotationMatrix":[0.99999994,0,0,0,0.99999994,0,0,0,0.999999881],"scale":0.848970413,"type":"vine01_wall_painting"}
{"ctxid":1,"pos":[-764.046997,-811.434631,178.571075],"rotationMatrix":[0.99999994,0,0,0,0.99999994,0,0,0,0.999999881],"scale":0.971663117,"type":"vine01_wall_painting"}
{"ctxid":1,"pos":[-767.777588,-809.998047,184.967651],"rotationMatrix":[0.99999994,0,0,0,0.99999994,0,0,0,0.999999881],"scale":0.940721154,"type":"vine01_wall_painting"}
{"ctxid":1,"pos":[-769.120667,-807.951416,184.88269],"rotationMatrix":[0.99999994,0,0,0,0.99999994,0,0,0,0.999999881],"scale":1.16547096,"type":"vine01_wall_painting"}
{"ctxid":1,"pos":[-764.415527,-809.613098,178.645233],"rotationMatrix":[0.99999994,0,0,0,0.99999994,0,0,0,0.999999881],"scale":1.18938935,"type":"vine01_wall_painting"}
{"ctxid":1,"pos":[-765.330872,-808.207153,178.402557],"rotationMatrix":[0.99999994,0,0,0,0.99999994,0,0,0,0.999999881],"scale":0.82811898,"type":"vine01_wall_painting"}
{"ctxid":1,"pos":[-763.615479,-810.829224,178.386185],"rotationMatrix":[0.99999994,0,0,0,0.99999994,0,0,0,0.999999881],"scale":1.14870417,"type":"vine01_wall_painting"}
{"ctxid":1,"pos":[-829.575012,-748.364563,178.935577],"rotationMatrix":[0.99999994,0,0,0,0.99999994,0,0,0,0.999999881],"scale":0.865988433,"type":"vine01_wall_painting"}
{"ctxid":1,"pos":[-825.442017,-751.494446,171.238159],"rotationMatrix":[0.99999994,0,0,0,0.99999994,0,0,0,0.999999881],"scale":1.08815694,"type":"vine01_wall_painting"}
{"ctxid":1,"pos":[-826.225037,-751.924622,164.851685],"rotationMatrix":[0.99999994,0,0,0,0.99999994,0,0,0,0.999999881],"scale":1.07857823,"type":"vine01_wall_painting"}
{"ctxid":1,"pos":[-825.88562,-752.588989,164.80751],"rotationMatrix":[0.99999994,0,0,0,0.99999994,0,0,0,0.999999881],"scale":0.820246756,"type":"vine01_wall_painting"}
{"ctxid":1,"pos":[-826.32074,-750.203186,164.684143],"rotationMatrix":[0.99999994,0,0,0,0.99999994,0,0,0,0.999999881],"scale":0.959702313,"type":"vine01_wall_painting"}
{"ctxid":1,"pos":[-827.964355,-751.58667,164.086212],"rotationMatrix":[0.99999994,0,0,0,0.99999994,0,0,0,0.999999881],"scale":1.18146777,"type":"vine01_wall_painting"}
{"ctxid":1,"pos":[-827.975891,-750.021851,163.67749],"rotationMatrix":[0.99999994,0,0,0,0.99999994,0,0,0,0.999999881],"scale":1.13373399,"type":"vine01_wall_painting"}
