{"name":"Level_Building_Hangar","class":"SFXSpace","persistentId":"497b564b-e4a5-11e7-bbfc-d010411d9a54","__parent":"Snapshots","position":[342.542908,-191.606247,121.222549],"cloneOrigin":"Level_Building_Open_2","locked":true,"rotationMatrix":[0.663839221,-0.747876465,0,0.747876465,0.663839221,0,0,0,1],"scale":[44.8473511,36.4857941,95.8998032],"soundAmbience":"Level_Building_Reverb_Medium"}
{"name":"Level_Building_Large_1","class":"SFXSpace","persistentId":"4145174a-3a2c-40a9-8d07-28551d196f6b","__parent":"Snapshots","position":[-628.822815,342.266174,89.2014389],"cloneOrigin":"Level_Building_Open_2","locked":true,"rotationMatrix":[0.0021441197,-0.999998391,0,0.999998391,0.0021441197,0,0,0,1],"scale":[90.1154327,36.7412071,95.8998032],"soundAmbience":"Level_Building_Reverb_Medium"}
{"name":"Level_Building_Large_10","class":"SFXSpace","persistentId":"e2166ac2-e2db-40c3-b0eb-5239e0241270","__parent":"Snapshots","position":[-1.32641077,596.501892,114.317963],"cloneOrigin":"Level_Building_Open_2","locked":true,"rotationMatrix":[0.018962387,-0.999820769,0,0.999820769,0.018962387,0,0,0,1],"scale":[5.90899754,20.9476452,95.8998032],"soundAmbience":"Level_Building_Reverb_Medium"}
{"name":"Level_Building_Large_11","class":"SFXSpace","persistentId":"a9ecd565-c96c-491b-8ddd-883e066b5406","__parent":"Snapshots","position":[638.519958,41.925499,115.745644],"cloneOrigin":"Level_Building_Open_2","locked":true,"rotationMatrix":[0.0914913863,-0.995806217,0,0.995806217,0.0914913863,0,0,0,1],"scale":[21.3104782,39.4515648,47.7744331],"soundAmbience":"Level_Building_Reverb_Medium"}
{"name":"Level_Building_Large_12","class":"SFXSpace","persistentId":"f7fea404-3c8e-445b-9a6b-5d806edd66f3","__parent":"Snapshots","position":[615.588623,22.0205994,95.2737732],"cloneOrigin":"Level_Building_Open_2","locked":true,"rotationMatrix":[0.0826706737,-0.996577084,0,0.996577084,0.0826706737,0,0,0,1],"scale":[36.4723282,15.119875,95.8998032],"soundAmbience":"Level_Building_Reverb_Medium"}
{"name":"Level_Building_Large_13","class":"SFXSpace","persistentId":"13d567e9-1c97-4c5c-b915-f86df2ca5228","__parent":"Snapshots","position":[617.14386,40.1101646,95.3229294],"cloneOrigin":"Level_Building_Open_2","locked":true,"rotationMatrix":[-0.639016271,-0.769193053,0,0.769193053,-0.639016271,0,0,0,1],"scale":[15.4046574,15.119875,95.8998032],"soundAmbience":"Level_Building_Reverb_Medium"}
{"name":"Level_Building_Large_14","class":"SFXSpace","persistentId":"a7f5eed8-d394-42a1-9825-4ebbb7a78b1d","__parent":"Snapshots","position":[626.348999,42.0473976,101.50679],"cloneOrigin":"Level_Building_Open_2","locked":true,"rotationMatrix":[-0.995725691,-0.0923587978,0,0.0923587978,-0.995725691,0,0,0,1],"scale":[15.4046574,18.8503094,83.5560608],"soundAmbience":"Level_Building_Reverb_Medium"}
{"name":"Level_Building_Large_3","class":"SFXSpace","persistentId":"a84feaf3-3a85-462f-81b0-3fc614036ae5","__parent":"Snapshots","position":[-718.061218,425.311981,88.1100311],"cloneOrigin":"Level_Building_Open_2","locked":true,"rotationMatrix":[0.0021441197,-0.999998391,0,0.999998391,0.0021441197,0,0,0,1],"scale":[20.3005695,40.1017036,95.8998032],"soundAmbience":"Level_Building_Reverb_Medium"}
{"name":"Level_Building_Large_4","class":"SFXSpace","persistentId":"729f0809-97b1-46d9-a9c9-90d4d8293705","__parent":"Snapshots","position":[-717.954651,451.546173,87.9785767],"cloneOrigin":"Level_Building_Open_2","locked":true,"rotationMatrix":[0.0021441197,-0.999998391,0,0.999998391,0.0021441197,0,0,0,1],"scale":[20.3005695,40.1017036,95.8998032],"soundAmbience":"Level_Building_Reverb_Medium"}
{"name":"Level_Building_Large_7","class":"SFXSpace","persistentId":"923a9396-7b71-4229-84fb-90e0527cee07","__parent":"Snapshots","position":[27.6665554,555.485107,115.782417],"cloneOrigin":"Level_Building_Open_2","locked":true,"rotationMatrix":[0.00576192141,-0.999983907,0,0.999983907,0.00576192141,0,0,0,1],"scale":[19.9808502,39.9524879,95.8998032],"soundAmbience":"Level_Building_Reverb_Medium"}
{"name":"Level_Building_Large_8","class":"SFXSpace","persistentId":"a8db0e9c-af53-49a9-bf62-270bd8f1420f","__parent":"Snapshots","position":[26.0683308,520.157471,115.919273],"cloneOrigin":"Level_Building_Open_2","locked":true,"rotationMatrix":[0.00576192141,-0.999983907,0,0.999983907,0.00576192141,0,0,0,1],"scale":[20.1698875,39.9524879,95.8998032],"soundAmbience":"Level_Building_Reverb_Medium"}
{"name":"Level_Building_Large_9","class":"SFXSpace","persistentId":"21bd7a42-d29e-43d9-a2cb-1b6c839b868f","__parent":"Snapshots","position":[73.3747559,543.599121,118.477325],"cloneOrigin":"Level_Building_Open_2","locked":true,"rotationMatrix":[0.708691359,-0.705519438,0,0.705519438,0.708691359,0,0,0,1],"scale":[19.9824066,24.3657112,95.8998032],"soundAmbience":"Level_Building_Reverb_Medium"}
{"name":"Level_Tunnel_A_Position","class":"SFXEmitter","persistentId":"497b1b82-e4a5-11e7-bbfc-d010411d9a54","__parent":"Snapshots","position":[-294.98587,-743.571594,163.374588],"fadeInTime":0,"fadeOutTime":0,"isLooping":false,"locked":true,"maxDistance":19,"scale":[19,19,19],"track":"event:>Snapshot Events>Snapshot_JR_Tunnel_A_Position","useTrackDescriptionOnly":true}
{"name":"Level_Tunnel_B_01","class":"SFXSpace","persistentId":"497b2f18-e4a5-11e7-bbfc-d010411d9a54","__parent":"Snapshots","position":[-643.569214,-159.77446,155.715302],"locked":true,"rotationMatrix":[0.254025429,0.966302097,0.0416060649,-0.957138479,0.24496302,0.15452683,0.139127687,-0.0790765136,0.987111807],"scale":[13.0286999,44.4463844,25.3099995],"soundAmbience":"Level_Tunnel_Open_Dynamic"}
{"name":"Level_Tunnel_B_02","class":"SFXSpace","persistentId":"497b2f1a-e4a5-11e7-bbfc-d010411d9a54","__parent":"Snapshots","position":[-663.499512,-158.65834,158.679321],"cloneOrigin":"TunnelShort1","locked":true,"rotationMatrix":[-0.0888411254,0.993840933,0.0662374273,-0.977834582,-0.0996820033,0.184127375,0.189595923,-0.0484111384,0.980667591],"scale":[17.4731998,49.3423004,25],"soundAmbience":"Level_Tunnel_Open_Dynamic"}
{"name":"Level_Tunnel_B_03","class":"SFXSpace","persistentId":"497b2f19-e4a5-11e7-bbfc-d010411d9a54","__parent":"Snapshots","position":[-694.415161,-169.804153,164.902023],"cloneOrigin":"TunnelShort","locked":true,"rotationMatrix":[-0.749554396,0.658216119,0.0701251924,-0.653056204,-0.75263083,0.0840373263,0.10809353,0.0171948578,0.993990302],"scale":[17.0895901,17.5794411,22.1807003],"soundAmbience":"Level_Tunnel_Open_Dynamic"}
{"name":"Level_Tunnel_B_04","class":"SFXSpace","persistentId":"85edccdf-c265-4b58-b493-bc91d4ad74d8","__parent":"Snapshots","position":[-699.406982,-172.016769,166.332382],"cloneOrigin":"TunnelShort","locked":true,"rotationMatrix":[-0.884191453,0.426720709,0.190036014,-0.409649342,-0.903838098,0.123544216,0.224480897,0.0313886702,0.973972201],"scale":[17.7478352,20.2027302,22.1807003],"soundAmbience":"Level_Tunnel_Open_Dynamic"}
{"name":"Level_Tunnel_B_In","class":"SFXEmitter","persistentId":"497b1b85-e4a5-11e7-bbfc-d010411d9a54","__parent":"Snapshots","position":[-621.970093,-167.037094,157.850418],"fadeInTime":0,"fadeOutTime":0,"isLooping":false,"locked":true,"maxDistance":29,"scale":[29,29,29],"track":"event:>Snapshot Events>Snapshot_JR_Tunnel_B_Position","useTrackDescriptionOnly":true}
{"name":"Level_Tunnel_B_Out","class":"SFXEmitter","persistentId":"497b1b86-e4a5-11e7-bbfc-d010411d9a54","__parent":"Snapshots","position":[-702.678345,-181.136673,170.131851],"fadeInTime":0,"fadeOutTime":0,"isLooping":false,"locked":true,"maxDistance":29,"scale":[29,29,29],"track":"event:>Snapshot Events>Snapshot_JR_Tunnel_B_Position","useTrackDescriptionOnly":true}
{"name":"Level_Tunnel_C","class":"SFXSpace","persistentId":"497b2f1c-e4a5-11e7-bbfc-d010411d9a54","__parent":"Snapshots","position":[-496.899902,-46.4540062,136.988998],"locked":true,"rotationMatrix":[0.999999046,0.00136765465,0,-0.00136765465,0.999999046,0,0,0,1],"scale":[98.0235062,144.184341,11.957983],"soundAmbience":"Level_Tunnel_Closed_Dynamic"}
{"name":"Level_Tunnel_C_In","class":"SFXEmitter","persistentId":"3563900c-4596-4735-be63-663da6396043","__parent":"Snapshots","position":[-456.686035,25.7695065,135.635773],"fadeInTime":0,"fadeOutTime":0,"isLooping":false,"locked":true,"maxDistance":40,"referenceDistance":5,"scale":[40,40,40],"track":"event:>Snapshot Events>Snapshot_JR_Tunnel_C_InOut","useTrackDescriptionOnly":true}
{"name":"Level_Tunnel_C_Out","class":"SFXEmitter","persistentId":"d99c8916-fe4c-4462-ae57-c5e02667289d","__parent":"Snapshots","position":[-505.208588,-118.521057,135.605148],"fadeInTime":0,"fadeOutTime":0,"isLooping":false,"locked":true,"maxDistance":40,"referenceDistance":5,"scale":[40,40,40],"track":"event:>Snapshot Events>Snapshot_JR_Tunnel_C_InOut","useTrackDescriptionOnly":true}
{"name":"Level_Tunnel_D_01","class":"SFXSpace","persistentId":"497b42b4-e4a5-11e7-bbfc-d010411d9a54","__parent":"Snapshots","position":[-761.009216,857.982727,146.763],"locked":true,"rotationMatrix":[0.457838178,-0.889035523,0,0.889035523,0.457838178,0,0,0,1],"scale":[45.6545296,16.9171009,11.0780373],"soundAmbience":"Level_Tunnel_Open_Dynamic"}
{"name":"Level_Tunnel_D_02","class":"SFXSpace","persistentId":"497b42b5-e4a5-11e7-bbfc-d010411d9a54","__parent":"Snapshots","position":[-777.817627,895.138977,147.138397],"locked":true,"rotationMatrix":[0.442727983,-0.895585477,0.0437994748,0.896151423,0.443588793,0.0118792932,-0.0300678741,0.0339916721,0.998969734],"scale":[38.5070419,13.6458845,7.96915531],"soundAmbience":"Level_Tunnel_Open_Dynamic"}
{"name":"Level_Tunnel_D_03","class":"SFXSpace","persistentId":"497b42b6-e4a5-11e7-bbfc-d010411d9a54","__parent":"Snapshots","position":[-792.903931,918.763611,144.550278],"locked":true,"rotationMatrix":[0.60391742,-0.795961499,0.0415696874,0.796359718,0.600411594,-0.0729133859,0.0330773368,0.0771381035,0.996471465],"scale":[24.7794991,14.5521002,11.9835997],"soundAmbience":"Level_Tunnel_Open_Dynamic"}
{"name":"Level_Tunnel_D_04","class":"SFXSpace","persistentId":"ef840a1c-52d9-49b9-9e26-da9859a7224e","__parent":"Snapshots","position":[-809.177551,933.922668,143.586777],"locked":true,"rotationMatrix":[0.824812293,-0.563875198,0.0415696874,0.565362692,0.821612835,-0.0729133859,0.00695987232,0.0836418271,0.996471465],"scale":[24.7794991,14.5521002,11.9835997],"soundAmbience":"Level_Tunnel_Open_Dynamic"}
{"name":"Level_Tunnel_D_05","class":"SFXSpace","persistentId":"d8454f03-e265-4d5f-80e6-d69f2aff2947","__parent":"Snapshots","position":[-824.768188,941.720642,142.870453],"locked":true,"rotationMatrix":[0.968674481,-0.244826257,0.0415696874,0.247325897,0.966184258,-0.0729133859,-0.0223128665,0.0809106156,0.996471465],"scale":[18.3921547,14.5521002,11.9835997],"soundAmbience":"Level_Tunnel_Open_Dynamic"}
{"name":"Level_Tunnel_D_In","class":"SFXEmitter","persistentId":"497b2f1d-e4a5-11e7-bbfc-d010411d9a54","__parent":"Snapshots","position":[-752.955627,836.447693,146.244675],"fadeInTime":0,"fadeOutTime":0,"isLooping":false,"locked":true,"maxDistance":30,"scale":[30,30,30],"track":"event:>Snapshot Events>Snapshot_JR_Tunnel_D_Position","useTrackDescriptionOnly":true}
{"name":"Level_Tunnel_D_Out","class":"SFXEmitter","persistentId":"497b2f1e-e4a5-11e7-bbfc-d010411d9a54","__parent":"Snapshots","position":[-834.724182,940.175964,140.81633],"fadeInTime":0,"fadeOutTime":0,"isLooping":false,"locked":true,"maxDistance":30,"scale":[30,30,30],"track":"event:>Snapshot Events>Snapshot_JR_Tunnel_D_Position","useTrackDescriptionOnly":true}
