{"name":"cliff_rock_g4","class":"Prefab","persistentId":"5d8de0ac-5676-4109-9629-79252e5e7ecc","__parent":"Volcano","position":[34.7467766,321.715576,284.640656],"annotation":"ROCK","filename":"/levels/jungle_rock_island/art/prefabs/cliff_rock_g1.prefab","rotationMatrix":[0.745802462,0.557921231,0.364008635,-0.62273246,0.777967572,0.0834894851,-0.236606374,-0.288946718,0.927645981],"scale":[2.26517439,2.26517439,2.26517439]}
{"name":"cliff_rock_g6","class":"Prefab","persistentId":"dc5d2db8-bf5d-4247-9de1-929e74d29ce7","__parent":"Volcano","position":[72.8681564,281.665375,279.947449],"annotation":"ROCK","filename":"/levels/jungle_rock_island/art/prefabs/cliff_rock_g1.prefab","rotationMatrix":[-0.886521041,-0.20178324,-0.416370034,0.221935868,-0.975061297,4.98484951e-07,-0.405986309,-0.0924069956,0.909195244],"scale":[2.26517439,2.26517439,2.26517439]}
{"name":"pac_rock_wall_collection226","class":"Prefab","persistentId":"d421ebaf-105f-41d9-81c9-c6e9c9c73cdd","__parent":"Volcano","position":[82.6779099,262.225311,277.879059],"annotation":"ROCK","filename":"/levels/jungle_rock_island/art/prefabs/pac_rock_wall_collection_1.prefab","rotationMatrix":[-0.0850723982,0.988138616,0.12784718,-0.84037137,-0.00222478807,-0.542006254,-0.535292864,-0.153548881,0.830592632],"scale":[2.71020985,2.71020985,2.71020985]}
{"name":"cliff_rock_g260","class":"Prefab","persistentId":"2f47d4be-f303-4960-8f55-d4870be4298e","__parent":"Volcano","position":[81.1862411,282.726166,277.771759],"annotation":"ROCK","filename":"/levels/jungle_rock_island/art/prefabs/cliff_rock_g3.prefab","rotationMatrix":[0.643776715,0.543928206,0.53823179,-0.496146977,0.832195997,-0.247564167,-0.582571447,-0.107666016,0.805616856],"scale":[1.56693053,1.56693053,1.56693053]}
{"name":"cliff_rock_g261","class":"Prefab","persistentId":"d4d6594d-9a74-4ede-8788-e130891a4c62","__parent":"Volcano","position":[89.2483826,277.439697,270.439575],"annotation":"ROCK","filename":"/levels/jungle_rock_island/art/prefabs/cliff_rock_g5.prefab","rotationMatrix":[0.826851249,-0.0197431445,0.562074006,-0.180703253,0.937069237,0.298742563,-0.532600462,-0.348584235,0.771249413],"scale":[1.44636917,1.44636917,1.44636917]}
{"name":"cliff_rock_g262","class":"Prefab","persistentId":"87fa874e-7f51-481e-90d8-30a5510b9f62","__parent":"Volcano","position":[93.5706177,252.903732,267.825226],"annotation":"ROCK","filename":"/levels/jungle_rock_island/art/prefabs/cliff_rock_g3.prefab","rotationMatrix":[-0.682145774,-0.464041382,-0.565103769,-0.448681951,0.875863612,-0.17761454,0.577374399,0.132392868,-0.805674016],"scale":[1.68706334,1.68706334,1.68706334]}
{"name":"cliff_rock_g280","class":"Prefab","persistentId":"7ee03b9f-f6a8-485f-b57d-83087650fcf3","__parent":"Volcano","position":[90.8429108,260.968567,268.869049],"annotation":"ROCK","filename":"/levels/jungle_rock_island/art/prefabs/cliff_rock_g4.prefab","rotationMatrix":[0.823646665,0.0884254873,0.560165584,-0.137422517,0.989449024,0.0458705425,-0.550199986,-0.114760607,0.82710892],"scale":[1.44636917,1.44636917,1.44636917]}
{"name":"pac_rock_wall_collection458","class":"Prefab","persistentId":"09735a2c-446f-441e-a8d9-16fb01b37971","__parent":"Volcano","position":[27.6054516,319.260345,292.781708],"annotation":"ROCK","filename":"/levels/jungle_rock_island/art/prefabs/pac_rock_wall_collection_1.prefab","rotationMatrix":[-0.681579173,0.727254629,0.0809338018,-0.569825888,-0.458115309,-0.68222326,-0.459073067,-0.511107326,0.726650417],"scale":[2.71020985,2.71020985,2.71020985]}
{"name":"pac_rock_wall_collection459","class":"Prefab","persistentId":"0e62933d-e332-412d-9d85-f9e081f0bf62","__parent":"Volcano","position":[45.3144112,295.628204,291.751312],"annotation":"ROCK","filename":"/levels/jungle_rock_island/art/prefabs/pac_rock_wall_collection_1.prefab","rotationMatrix":[-0.558814824,0.82830596,0.0404386222,-0.557543159,-0.339153409,-0.757707477,-0.613898814,-0.445964545,0.651340246],"scale":[2.71020985,2.71020985,2.71020985]}
{"name":"cliff_rock_g281","class":"Prefab","persistentId":"4948a408-a480-4ff6-8924-5db52273480c","__parent":"Volcano","position":[15.0616112,320.668976,291.736359],"annotation":"ROCK","filename":"/levels/jungle_rock_island/art/prefabs/cliff_rock_g5.prefab","rotationMatrix":[0.36550802,0.763141096,0.532934606,-0.923454225,0.369129777,0.104762979,-0.116773099,-0.530432463,0.839645922],"scale":[2.06415009,2.06415009,2.06415009]}
{"name":"cliff_rock_g282","class":"Prefab","persistentId":"325d2218-6b70-4aff-a589-bd74759c30e4","__parent":"Volcano","position":[59.6361198,277.747833,291.237457],"annotation":"ROCK","filename":"/levels/jungle_rock_island/art/prefabs/cliff_rock_g5.prefab","rotationMatrix":[0.679740667,0.186318383,0.709392309,-0.256361991,0.966545582,-0.00821207464,-0.687190294,-0.176279306,0.704765797],"scale":[1.78373957,1.78373957,1.78373957]}
{"name":"pac_rock_wall_collection460","class":"Prefab","persistentId":"0836813f-e518-41b3-9aca-2c48b1535d56","__parent":"Volcano","position":[59.9946632,260.231842,292.340729],"annotation":"ROCK","filename":"/levels/jungle_rock_island/art/prefabs/pac_rock_wall_collection_1.prefab","rotationMatrix":[0.103755936,-0.992527127,-0.0642234609,0.6836918,0.0242760275,0.729366839,-0.722357392,-0.119585201,0.681101501],"scale":[2.71020985,2.71020985,2.71020985]}
{"name":"cliff_rock_g283","class":"Prefab","persistentId":"f44990c1-36f8-4eaa-96f3-f542bcd7cbf7","__parent":"Volcano","position":[62.9483643,259.174103,292.635468],"annotation":"ROCK","filename":"/levels/jungle_rock_island/art/prefabs/cliff_rock_g4.prefab","rotationMatrix":[0.582704782,0.21273081,0.784347117,0.130953878,-0.977098107,0.167720929,0.802063584,0.00498152804,-0.597217739],"scale":[1.79169536,1.79169536,1.79169536]}
{"name":"cliff_rock_g284","class":"Prefab","persistentId":"ece43856-f924-4c05-a03a-f932b3debfe6","__parent":"Volcano","position":[65.9651947,248.577301,292.095703],"annotation":"ROCK","filename":"/levels/jungle_rock_island/art/prefabs/cliff_rock_g3.prefab","rotationMatrix":[-0.69598943,0.465872973,-0.546407282,-0.312370002,-0.881619692,-0.353795886,-0.646547437,-0.0755569711,0.759122789],"scale":[1.44636917,1.44636917,1.44636917]}
{"name":"cliff_rock_g285","class":"Prefab","persistentId":"0eae1447-59e5-4d3a-841a-df0078e994ec","__parent":"Volcano","position":[13.2257519,332.207458,285.276245],"annotation":"ROCK","filename":"/levels/jungle_rock_island/art/prefabs/cliff_rock_g3.prefab","rotationMatrix":[0.212572843,0.932653546,0.29149583,-0.975299001,0.220839441,0.00464975927,-0.060037151,-0.285283983,0.956560671],"scale":[1.64166224,1.64166224,1.64166224]}
{"name":"cliff_rock_g286","class":"Prefab","persistentId":"2e9a7b04-4a25-4665-96be-d741f4d4048a","__parent":"Volcano","position":[59.4837112,308.815796,278.374725],"annotation":"ROCK","filename":"/levels/jungle_rock_island/art/prefabs/cliff_rock_g1.prefab","rotationMatrix":[0.844906449,0.461479306,0.270498961,-0.450951338,0.886489093,-0.103825323,-0.287707627,-0.0342591554,0.95710516],"scale":[2.26517439,2.26517439,2.26517439]}
{"name":"cliff_rock_g287","class":"Prefab","persistentId":"3bbe9b9f-867e-41f7-b091-7fa29f04bf02","__parent":"Volcano","position":[68.829483,298.926178,278.610535],"annotation":"ROCK","filename":"/levels/jungle_rock_island/art/prefabs/cliff_rock_g4.prefab","rotationMatrix":[-0.907544017,0.27834323,-0.314464986,-0.168598711,-0.927297115,-0.334206372,-0.384626687,-0.250288665,0.888491571],"scale":[1.54071164,1.54071164,1.54071164]}
{"name":"cliff_rock_g288","class":"Prefab","persistentId":"61c8d0e9-8b16-497e-8f61-9a3ef1b34199","__parent":"Volcano","position":[62.8077469,239.20079,288.971802],"annotation":"ROCK","filename":"/levels/jungle_rock_island/art/prefabs/cliff_rock_g4.prefab","rotationMatrix":[0.608345389,-0.537011266,0.584409714,0.526353538,0.824091852,0.209342301,-0.594026506,0.180253744,0.783990383],"scale":[1.44636917,1.44636917,1.44636917]}
{"name":"pac_rock_wall_collection461","class":"Prefab","persistentId":"03bc2635-ac94-44be-9eb6-fb6cdec3cc3c","__parent":"Volcano","position":[-15.6913939,208.102859,287.1008],"annotation":"ROCK","filename":"/levels/jungle_rock_island/art/prefabs/pac_rock_wall_collection_1.prefab","rotationMatrix":[-0.920450151,0.387570024,-0.0506030694,-0.32318455,-0.681860864,0.656214297,0.219824761,0.620366693,0.752875805],"scale":[2.71020985,2.71020985,2.71020985]}
{"name":"pac_rock_wall_collection462","class":"Prefab","persistentId":"d4da883b-1e58-4c38-aae5-b847abd2275d","__parent":"Volcano","position":[-10.2359085,199.184097,283.881989],"annotation":"ROCK","filename":"/levels/jungle_rock_island/art/prefabs/pac_rock_wall_collection_1.prefab","rotationMatrix":[0.967170954,-0.241785318,-0.0782306045,0.130211025,0.735860407,-0.664495766,0.21823211,0.632494569,0.743185997],"scale":[2.71020985,2.71020985,2.71020985]}
{"name":"cliff_rock_g289","class":"Prefab","persistentId":"e2845987-b323-4737-afa3-bd5a578052da","__parent":"Volcano","position":[-32.0407791,207.741364,282.169678],"annotation":"ROCK","filename":"/levels/jungle_rock_island/art/prefabs/cliff_rock_g1.prefab","rotationMatrix":[-0.390148491,-0.530215204,0.752765596,0.894686282,-0.41145879,0.173890546,0.217532635,0.741332293,0.634906232],"scale":[2.60685921,2.60685921,2.60685921]}
{"name":"pac_rock_wall_collection463","class":"Prefab","persistentId":"c97a4050-df53-418b-9fcb-cc2ef2bd8b24","__parent":"Volcano","position":[-11.9264727,192.045517,271.388977],"annotation":"ROCK","filename":"/levels/jungle_rock_island/art/prefabs/pac_rock_wall_collection_1.prefab","rotationMatrix":[-0.934635878,0.350989044,-0.0571153238,-0.3011536,-0.695830166,0.652017355,0.189108461,0.626599491,0.756049633],"scale":[2.95491314,2.95491314,2.95491314]}
{"name":"cliff_rock_g290","class":"Prefab","persistentId":"9fcca8dd-68f4-452f-a6c4-fecf67fbd4df","__parent":"Volcano","position":[-40.6505013,217.631927,288.050873],"annotation":"ROCK","filename":"/levels/jungle_rock_island/art/prefabs/cliff_rock_g5.prefab","rotationMatrix":[-0.535916984,-0.286682129,0.79410702,0.729819655,-0.630175769,0.265030563,0.424447536,0.721589327,0.546948314],"scale":[1.44636917,1.44636917,1.44636917]}
{"name":"cliff_rock_g291","class":"Prefab","persistentId":"ffa684d7-a90f-4ae0-a5da-7f8921fc768f","__parent":"Volcano","position":[-49.0231323,234.53566,285.655609],"annotation":"ROCK","filename":"/levels/jungle_rock_island/art/prefabs/cliff_rock_g1.prefab","rotationMatrix":[0.565403163,-0.183738291,-0.804089189,-0.140019387,0.939341605,-0.3131001,0.812843025,0.28961587,0.505379736],"scale":[2.26517439,2.26517439,2.26517439]}
{"name":"cliff_rock_g292","class":"Prefab","persistentId":"4c491f0a-4dc6-43e3-83d6-0b8d051d7f40","__parent":"Volcano","position":[-50.5371475,250.788406,283.976166],"annotation":"ROCK","filename":"/levels/jungle_rock_island/art/prefabs/cliff_rock_g5.prefab","rotationMatrix":[-0.386583269,0.216032311,0.89659524,-0.141517639,-0.974559426,0.173799708,0.911331892,-0.0596959591,0.407320738],"scale":[1.44636917,1.44636917,1.44636917]}
{"name":"cliff_rock_g293","class":"Prefab","persistentId":"1bcb77a6-afa5-4baf-bceb-5482a745cdd2","__parent":"Volcano","position":[-47.4814453,262.407166,283.554382],"annotation":"ROCK","filename":"/levels/jungle_rock_island/art/prefabs/cliff_rock_g4.prefab","rotationMatrix":[-0.526206851,0.0486530885,0.848963678,0.350726068,0.921907067,0.164554581,-0.774659574,0.384343415,-0.502177715],"scale":[1.44636917,1.44636917,1.44636917]}
{"name":"pac_rock_wall_collection464","class":"Prefab","persistentId":"51531f69-feb9-415c-b2cd-11d1b3f8484d","__parent":"Volcano","position":[-29.6336803,199.283142,272.485199],"annotation":"ROCK","filename":"/levels/jungle_rock_island/art/prefabs/pac_rock_wall_collection_1.prefab","rotationMatrix":[0.9174878,-0.397653997,0.00932456926,0.351090878,0.798591554,-0.488861918,0.186951429,0.451798797,0.872311056],"scale":[3.11978006,3.11978006,3.11978006]}
{"name":"cliff_rock_g294","class":"Prefab","persistentId":"23700bc6-d0fc-4a05-9ff0-014c404b845a","__parent":"Volcano","position":[12.0843792,187.34494,274.045563],"annotation":"ROCK","filename":"/levels/jungle_rock_island/art/prefabs/cliff_rock_g3.prefab","rotationMatrix":[-0.52763468,0.697358847,-0.485069007,0.79628861,0.207162246,-0.568337798,-0.295847505,-0.68612963,-0.664604962],"scale":[1.6661303,1.6661303,1.6661303]}
{"name":"pac_rock_wall_collection465","class":"Prefab","persistentId":"1149ae86-b47b-49a5-b6bf-037456cb510b","__parent":"Volcano","position":[-11.0295868,184.165359,263.737732],"annotation":"ROCK","filename":"/levels/jungle_rock_island/art/prefabs/pac_rock_wall_collection_1.prefab","rotationMatrix":[-0.947716475,0.314050525,-0.0566192269,-0.264531851,-0.67391634,0.689825773,0.178483561,0.668736875,0.721757948],"scale":[2.71020985,2.71020985,2.71020985]}
{"name":"pac_rock_wall_collection466","class":"Prefab","persistentId":"caa04a84-f1c6-4f22-b735-b4d15d0167c1","__parent":"Volcano","position":[-48.9462929,196.750259,261.768921],"annotation":"ROCK","filename":"/levels/jungle_rock_island/art/prefabs/pac_rock_wall_collection_1.prefab","rotationMatrix":[0.923374832,-0.359265208,0.135301992,0.345019847,0.62206316,-0.702850103,0.168343335,0.695676327,0.698351324],"scale":[3.13903785,3.13903785,3.13903785]}
{"name":"cliff_rock_g295","class":"Prefab","persistentId":"4bdfdbc2-c457-42ab-849c-2c46fa1b49af","__parent":"Volcano","position":[-58.4831657,205.997131,268.578979],"annotation":"ROCK","filename":"/levels/jungle_rock_island/art/prefabs/cliff_rock_g1.prefab","rotationMatrix":[-0.547171831,-0.597769916,0.585896015,0.806522191,-0.56376189,0.178028718,0.223885715,0.569950461,0.790589452],"scale":[2.88120508,2.88120508,2.88120508]}
{"name":"cliff_rock_g296","class":"Prefab","persistentId":"53a9ed19-73b1-48f3-8035-cad0fc582f75","__parent":"Volcano","position":[-51.4986954,219.124542,283.203827],"annotation":"ROCK","filename":"/levels/jungle_rock_island/art/prefabs/cliff_rock_g5.prefab","rotationMatrix":[-0.423416793,-0.483669996,0.766015947,-0.816724777,0.569687068,-0.0917402357,-0.392017514,-0.664469123,-0.63624084],"scale":[1.91309559,1.91309559,1.91309559]}
{"name":"cliff_rock_g297","class":"Prefab","persistentId":"76fab949-d7b3-4b4e-a00a-18510d01868d","__parent":"Volcano","position":[-51.6963081,211.84024,279.079041],"annotation":"ROCK","filename":"/levels/jungle_rock_island/art/prefabs/cliff_rock_g4.prefab","rotationMatrix":[-0.560896575,-0.479139328,0.675144374,0.749808848,-0.63972801,0.168921486,0.350971937,0.600976765,0.718084455],"scale":[1.8962307,1.8962307,1.8962307]}
{"name":"cliff_rock_g298","class":"Prefab","persistentId":"38f64519-b28e-4e0e-b10a-f736c9b8af2c","__parent":"Volcano","position":[-23.4329853,179.940369,256.124786],"annotation":"ROCK","filename":"/levels/jungle_rock_island/art/prefabs/cliff_rock_g4.prefab","rotationMatrix":[0.87170887,0.350985944,-0.341953278,-0.489941448,0.61149168,-0.621316791,-0.00897174329,0.709144711,0.705005646],"scale":[1.8962307,1.8962307,1.8962307]}
{"name":"cliff_rock_g299","class":"Prefab","persistentId":"d4443d50-89ec-4c26-85b8-f41ffd2a7a43","__parent":"Volcano","position":[62.7850761,219.66301,278.99649],"annotation":"ROCK","filename":"/levels/jungle_rock_island/art/prefabs/cliff_rock_g1.prefab","rotationMatrix":[0.58758533,-0.525751293,0.615083694,-0.637348413,-0.769047201,-0.0484988503,0.498527169,-0.363525927,-0.78696835],"scale":[2.26517439,2.26517439,2.26517439]}
{"name":"cliff_rock_g300","class":"Prefab","persistentId":"4c5c34f9-3cb7-40ff-b394-a31f2ce1a48a","__parent":"Volcano","position":[-26.7232494,226.558121,282.311371],"annotation":"ROCK","filename":"/levels/jungle_rock_island/art/prefabs/cliff_rock_g5.prefab","rotationMatrix":[0.57891202,0.631189942,0.516197562,-0.754691482,0.654455781,0.0461337753,-0.308709353,-0.416277409,0.85522604],"scale":[1.44636917,1.44636917,1.44636917]}
{"name":"cliff_rock_g301","class":"Prefab","persistentId":"7bd94b0d-97d9-406b-8fd6-942976ef1c78","__parent":"Volcano","position":[-34.779953,233.787567,280.707703],"annotation":"ROCK","filename":"/levels/jungle_rock_island/art/prefabs/cliff_rock_g3.prefab","rotationMatrix":[0.844546914,0.40247494,0.353205383,-0.454048753,0.887905478,0.0739107952,-0.283865839,-0.222793713,0.932621479],"scale":[1.44636917,1.44636917,1.44636917]}
{"name":"pac_rock_wall_collection467","class":"Prefab","persistentId":"a5b93f04-9f39-422b-96b9-f2d70540e443","__parent":"Volcano","position":[-12.3241549,216.379791,284.257233],"annotation":"ROCK","filename":"/levels/jungle_rock_island/art/prefabs/pac_rock_wall_collection_1.prefab","rotationMatrix":[0.924033403,-0.378842473,0.0513847321,0.32944566,0.857228756,0.395757645,-0.193978325,-0.348764747,0.916916192],"scale":[2.58585954,2.58585954,2.58585954]}
{"name":"cliff_rock_g302","class":"Prefab","persistentId":"52640fd4-addd-4647-86f3-8bb8e342e926","__parent":"Volcano","position":[-39.4728508,244.873322,281.421143],"annotation":"ROCK","filename":"/levels/jungle_rock_island/art/prefabs/cliff_rock_g5.prefab","rotationMatrix":[-0.84853518,-0.183515102,-0.496296257,0.256626308,-0.962966919,-0.0826874375,-0.462742537,-0.197525904,0.864206254],"scale":[1.44636917,1.44636917,1.44636917]}
{"name":"pac_rock_wall_collection468","class":"Prefab","persistentId":"c2a0dbf9-b2c6-43e6-85c3-ddc4711bd657","__parent":"Volcano","position":[-23.5066166,284.187805,280.337524],"annotation":"ROCK","filename":"/levels/jungle_rock_island/art/prefabs/pac_rock_wall_collection_1.prefab","rotationMatrix":[-0.562227607,-0.826982498,0.000488645863,0.768009186,-0.521915019,0.371168971,-0.306695253,0.209056765,0.928565145],"scale":[2.58585954,2.58585954,2.58585954]}
{"name":"pac_rock_wall_collection469","class":"Prefab","persistentId":"5ddeadf1-5c8b-4412-95b7-10be4480c18c","__parent":"Volcano","position":[0.115825653,301.221985,289.277405],"annotation":"ROCK","filename":"/levels/jungle_rock_island/art/prefabs/pac_rock_wall_collection_1.prefab","rotationMatrix":[0.992174327,-0.108221069,0.0622749403,0.123081848,0.931581736,-0.342061549,-0.020995928,0.347049624,0.937611759],"scale":[2.58585954,2.58585954,2.58585954]}
{"name":"pac_rock_wall_collection470","class":"Prefab","persistentId":"42075db7-b37f-4cac-a63e-45ef9f680d6b","__parent":"Volcano","position":[30.3275509,288.573669,289.46463],"annotation":"ROCK","filename":"/levels/jungle_rock_island/art/prefabs/pac_rock_wall_collection_1.prefab","rotationMatrix":[-0.783461809,0.621071517,0.0213880036,-0.564244986,-0.725356102,0.394317001,0.260413051,0.296864301,0.91872555],"scale":[2.58585954,2.58585954,2.58585954]}
{"name":"cliff_rock_g303","class":"Prefab","persistentId":"39fc7568-8da6-4fc2-9fbc-0ca9844e0d55","__parent":"Volcano","position":[16.2345772,294.19104,281.990417],"annotation":"ROCK","filename":"/levels/jungle_rock_island/art/prefabs/cliff_rock_g1.prefab","rotationMatrix":[-0.408606172,-0.801645219,0.436355084,0.907336116,-0.408577293,0.0990229249,0.0989035666,0.436382234,0.894308984],"scale":[2.26517439,2.26517439,2.26517439]}
{"name":"cliff_rock_g304","class":"Prefab","persistentId":"a3e6bafd-c343-4390-8e09-de6ef357e1b6","__parent":"Volcano","position":[-5.74010992,296.72464,281.146332],"annotation":"ROCK","filename":"/levels/jungle_rock_island/art/prefabs/cliff_rock_g1.prefab","rotationMatrix":[0.0320695452,0.911198914,-0.410716176,-0.998483658,0.0108118951,-0.0539767221,-0.0447429121,0.411824375,0.910163999],"scale":[2.26517439,2.26517439,2.26517439]}
{"name":"cliff_rock_g305","class":"Prefab","persistentId":"2aa4028a-7153-4740-8d93-174677a0cc78","__parent":"Volcano","position":[32.9929085,279.73645,281.286957],"annotation":"ROCK","filename":"/levels/jungle_rock_island/art/prefabs/cliff_rock_g1.prefab","rotationMatrix":[0.945787132,0.311512172,-0.0919039026,-0.313026518,0.949741781,-0.00217940495,0.0866060555,0.0308296066,0.995765388],"scale":[2.26517439,2.26517439,2.26517439]}
{"name":"cliff_rock_g306","class":"Prefab","persistentId":"5d4a49b3-6a67-4cb7-a0c0-aa7f741a6f58","__parent":"Volcano","position":[41.5193825,261.62558,284.185638],"annotation":"ROCK","filename":"/levels/jungle_rock_island/art/prefabs/cliff_rock_g5.prefab","rotationMatrix":[0.902464092,0.203546584,-0.379640669,-0.218711853,0.975783885,0.00326075405,0.371111095,0.0800892413,0.925128043],"scale":[1.44636917,1.44636917,1.44636917]}
{"name":"pac_rock_wall_collection471","class":"Prefab","persistentId":"a842a6ff-25e9-4630-8ba6-1ef46d6dee21","__parent":"Volcano","position":[46.6028481,269.816101,291.302765],"annotation":"ROCK","filename":"/levels/jungle_rock_island/art/prefabs/pac_rock_wall_collection_1.prefab","rotationMatrix":[0.289803058,-0.956258655,-0.0397926569,0.903116405,0.286989033,-0.319402277,0.316851288,0.0566263571,0.946783245],"scale":[2.58585954,2.58585954,2.58585954]}
{"name":"cliff_rock_g307","class":"Prefab","persistentId":"6378cc1c-ddfb-44bc-b970-34afdd786be2","__parent":"Volcano","position":[41.9267235,245.885544,282.310699],"annotation":"ROCK","filename":"/levels/jungle_rock_island/art/prefabs/cliff_rock_g1.prefab","rotationMatrix":[-0.883368015,0.1459454,0.445376575,-0.145671993,-0.988711238,0.0350623466,0.445466161,-0.0339059308,0.894656241],"scale":[2.26517439,2.26517439,2.26517439]}
{"name":"cliff_rock_g308","class":"Prefab","persistentId":"8a4d7abb-c4eb-4371-b471-4e56452e2374","__parent":"Volcano","position":[46.3450012,246.547394,290.498566],"annotation":"ROCK","filename":"/levels/jungle_rock_island/art/prefabs/cliff_rock_g5.prefab","rotationMatrix":[-0.731209099,0.00833387952,0.682102203,0.0621723272,-0.994949281,0.0788045675,0.679314017,0.100030504,0.72699815],"scale":[1.44636917,1.44636917,1.44636917]}
{"class":"DecalRoad","persistentId":"572e11b2-c8be-4e38-bca6-3f6397179f25","__parent":"Volcano","position":[49.1677628,232.742493,290.050476],"distanceFade":[150,50],"improvedSpline":true,"material":"bank_erosion","nodes":[[49.1677628,232.742493,290.050476,5],[50.7140121,244.978165,296.991913,5],[48.5369377,258.799774,296.27771,5],[40.2584152,278.615967,296.729523,5],[30.5091991,290.152161,297.113464,5],[16.3383598,299.398132,296.356201,5],[5.12669992,300.57489,293.812134,5],[-5.87990046,300.11673,292.139862,5],[-18.273901,296.586182,290.191467,5],[-28.9040051,283.879913,291.053101,5],[-33.2443581,269.905579,287.344299,5],[-39.9195251,257.285858,284.755737,5],[-41.3430023,238.644257,288.715149,5],[-33.6451721,227.089294,290.867462,5],[-22.953083,220.401382,291.371155,5],[-10.879467,215.276962,291.827698,5],[4.99575806,210.405853,290.733521,5],[18.2027054,204.683746,280.950928,5]],"startEndFade":[5,5],"textureLength":20}
{"class":"DecalRoad","persistentId":"6444514a-cab6-4d22-8db7-85b6d306b2d9","__parent":"Volcano","position":[25.4150867,235.35051,279.296631],"distanceFade":[150,50],"improvedSpline":true,"material":"bank_erosion","nodes":[[25.4150867,235.35051,279.296631,4],[16.7925205,224.680786,281.131775,4],[3.5028677,222.989227,281.999054,4],[-8.3418169,227.193253,279.562866,4],[-13.6420898,234.840088,278.213928,4]],"startEndFade":[5,5],"textureLength":20}
{"class":"DecalRoad","persistentId":"157fac53-b770-476b-b5c2-cf5256567082","__parent":"Volcano","position":[-9.41537285,292.155212,281.333496],"distanceFade":[150,50],"improvedSpline":true,"material":"bank_erosion","nodes":[[-9.41537285,292.155212,281.333496,4],[-15.6044245,288.010468,280.841431,4],[-24.1650143,276.150604,281.952576,4],[-33.7883224,260.99295,279.789429,4],[-37.321537,252.489212,280.634094,4],[-34.6203003,241.318954,280.536682,4],[-24.5444317,228.937256,280.742676,4],[-11.9660387,220.471146,282.756958,4],[-2.82094574,217.378174,284.987,3.9000001],[14.0221424,209.104889,281.166809,3.9000001]],"startEndFade":[5,5],"textureLength":20}
{"class":"DecalRoad","persistentId":"5e88ea55-d9cd-449b-bf31-3a4838a9e84b","__parent":"Volcano","position":[41.0138588,224.162842,282.92749],"distanceFade":[150,50],"improvedSpline":true,"material":"bank_erosion","nodes":[[41.0138588,224.162842,282.92749,4],[35.66436,229.424301,282.078674,4],[37.3965263,240.492584,280.840942,4],[37.4585686,256.338959,280.81897,4],[32.0557556,273.487274,280.316925,4]],"startEndFade":[5,5],"textureLength":20}
{"class":"DecalRoad","persistentId":"6063e194-597b-4931-93c8-ac1d24c17e86","__parent":"Volcano","position":[54.4459724,223.324738,284.839417],"distanceFade":[150,50],"improvedSpline":true,"material":"bank_erosion","nodes":[[54.4459724,223.324738,284.839417,4],[68.2650299,239.165955,287.701782,4]],"startEndFade":[5,5],"textureLength":20}
{"class":"DecalRoad","persistentId":"83d51785-e545-4318-9866-e013fb096eb2","__parent":"Volcano","position":[25.1508865,337.771423,281.834167],"detail":0.200000003,"distanceFade":[150,50],"improvedSpline":true,"material":"mud_furrows","nodes":[[25.1508865,337.771423,281.834167,2],[17.9070854,343.984558,280.907898,2],[13.2930164,347.397186,281.152191,2]],"renderPriority":7,"startEndFade":[3,3],"textureLength":8}
{"class":"DecalRoad","persistentId":"0b41f9c9-a334-4c32-a7d4-0591c1dab9a2","__parent":"Volcano","position":[27.9681263,338.094116,282.143677],"detail":0.200000003,"distanceFade":[150,50],"improvedSpline":true,"material":"mud_furrows","nodes":[[27.9681263,338.094116,282.143677,2],[22.1051636,343.086792,280.871704,2],[23.0492554,347.59552,280.498413,2]],"renderPriority":7,"startEndFade":[3,3],"textureLength":8}
{"class":"DecalRoad","persistentId":"d17ed2ba-503e-4cf9-b794-aa8d80d58a9c","__parent":"Volcano","position":[17.6024551,345.74585,280.897552],"detail":0.200000003,"distanceFade":[150,50],"improvedSpline":true,"material":"dirt_tiretracks_02","nodes":[[17.6024551,345.74585,280.897552,3.20000005],[21.5115395,342.170807,280.917145,3.20000005],[31.1477108,335.38205,282.276855,3.20000005],[42.4218292,325.260345,282.582703,3.20000005],[51.9688797,313.82486,283.889221,3.20000005],[61.0208511,299.376129,285.38269,3.20000005],[70.4318771,280.041534,286.430847,3.20000005],[75.7651825,266.018524,286.568726,3.20000005],[77.261116,259.220825,286.431335,3.20000005],[73.2992172,243.049713,286.955566,3.20000005],[64.2602692,228.40448,286.589996,3.20000005],[55.7004471,220.702423,284.527588,3.20000005],[42.9216309,218.698288,281.983887,3.20000005],[20.456768,217.084259,282.717834,3.20000005],[7.2499752,217.486359,284.714355,3.20000005],[-4.44151688,221.539993,283.427002,3.20000005]],"startEndFade":[5,5],"textureLength":16}
{"class":"DecalRoad","persistentId":"88aebed5-e645-45a6-af9a-f3564165a76d","__parent":"Volcano","position":[36.63731,217.855804,281.660828],"detail":0.200000003,"distanceFade":[150,50],"improvedSpline":true,"material":"dirt_tiretracks_02","nodes":[[36.63731,217.855804,281.660828,3.20000005],[30.4581814,220.703766,281.746582,3.20000005],[27.8887463,226.307999,281.05365,3.20000005],[29.3006992,236.940704,279.536316,3.20000005]],"startEndFade":[5,5],"textureLength":16}
{"class":"DecalRoad","persistentId":"2ddc48fa-164b-41ac-b1cd-f410c8868463","__parent":"Volcano","position":[13.5934467,216.919998,283.876099],"detail":0.200000003,"distanceFade":[150,50],"improvedSpline":true,"material":"dirt_tiretracks_02","nodes":[[13.5934467,216.919998,283.876099,3.20000005],[20.6246262,218.328842,282.583191,3.20000005],[25.4187946,222.454575,281.746796,3.20000005],[30.1418343,235.948395,279.811432,3.20000005]],"startEndFade":[5,5],"textureLength":16}
{"class":"DecalRoad","persistentId":"f7285512-2541-4c8f-969d-0b646f9cc5a3","__parent":"Volcano","position":[18.0405197,347.876282,280.843658],"distanceFade":[150,50],"improvedSpline":true,"material":"dirt_road_gravels","nodes":[[18.0405197,347.876282,280.843658,4],[21.7212143,342.452881,280.911316,4],[31.1368771,335.377686,282.276947,4],[40.9913788,327.231476,282.424866,4],[49.4857101,317.415649,283.467712,4],[61.8163071,297.791565,285.484558,4],[69.956749,280.744812,286.414795,4],[76.238884,264.845642,286.558289,4],[75.8787918,255.142517,286.6922,4],[73.4781876,244.086777,286.950562,4],[66.0497742,230.069702,286.734985,4],[58.087368,221.874237,285.166321,4],[48.1419067,218.843643,282.784698,4],[27.5479565,217.557297,281.56839,4],[8.58655357,217.227081,284.61377,4],[-3.9362154,221.098343,283.638916,4]],"renderPriority":8,"startEndFade":[5,5],"textureLength":8}
{"class":"DecalRoad","persistentId":"bb990f80-001f-4c53-a6c1-c2f8b1b2a3ec","__parent":"Volcano","position":[15.6878595,217.265335,283.465271],"distanceFade":[150,50],"improvedSpline":true,"material":"dirt_road_gravels","nodes":[[15.6878595,217.265335,283.465271,4],[24.8646107,221.841385,281.823608,4],[29.4353638,230.977615,280.20813,4]],"renderPriority":8,"startEndFade":[5,5],"textureLength":8}
{"class":"DecalRoad","persistentId":"53db1f73-b608-499e-a829-257dd7f22f8c","__parent":"Volcano","position":[42.7982483,218.990738,281.982086],"distanceFade":[150,50],"improvedSpline":true,"material":"dirt_road_gravels","nodes":[[42.7982483,218.990738,281.982086,4],[32.2406082,220.356064,281.729095,4],[26.894558,229.866898,280.302551,4]],"renderPriority":8,"startEndFade":[5,5],"textureLength":8}
{"class":"DecalRoad","persistentId":"73ffc7d4-2ecf-499a-add4-b1f12aedb9e5","__parent":"Volcano","position":[27.4541702,338.205139,282.072052],"detail":0.200000003,"distanceFade":[150,50],"improvedSpline":true,"material":"Dirt_road_variation_03","nodes":[[27.4541702,338.205139,282.072052,4],[34.9351425,332.648773,282.32959,4],[46.024807,321.572052,283.016296,4],[57.548645,304.242554,284.811951,4],[68.9672089,283.488037,286.358582,4],[75.7311172,265.441803,286.598938,4],[77.0371704,258.459717,286.447449,4],[75.3241806,249.644287,286.82428,4],[68.9467545,234.49176,286.894897,4],[61.402462,224.885605,286.076508,4],[51.389801,219.137161,283.397644,4],[36.5785828,218.19371,281.659393,4],[13.8803272,217.084427,283.811035,4],[-3.17466545,220.554794,283.906799,4]],"renderPriority":12,"startEndFade":[5,5],"textureLength":128}
{"class":"DecalRoad","persistentId":"6ec6b0a5-151e-4c7a-b01a-a1e7ad58d431","__parent":"Volcano","position":[12.9818077,217.241913,283.945374],"detail":0.200000003,"distanceFade":[150,50],"improvedSpline":true,"material":"Dirt_road_variation_03","nodes":[[12.9818077,217.241913,283.945374,4],[21.1023369,218.355225,282.509735,4],[25.4713516,223.608505,281.602234,4]],"renderPriority":12,"startEndFade":[5,5],"textureLength":128}
{"class":"DecalRoad","persistentId":"85103f12-6911-49bc-b0f8-93ca7bfdfe8c","__parent":"Volcano","position":[29.0146885,222.240341,281.701355],"detail":0.200000003,"distanceFade":[150,50],"improvedSpline":true,"material":"Dirt_road_variation_03","nodes":[[29.0146885,222.240341,281.701355,4],[37.2338638,218.263718,281.668335,4],[45.6284142,218.482788,282.318115,4]],"renderPriority":12,"startEndFade":[5,5],"textureLength":128}
{"class":"DecalRoad","persistentId":"cde76a2f-7e82-4bb5-99a7-62bdd3c25ff2","__parent":"Volcano","position":[-10.1352663,225.417099,280.813141],"detail":0.200000003,"distanceFade":[150,50],"improvedSpline":true,"material":"mud_furrows","nodes":[[-10.1352663,225.417099,280.813141,2],[-15.5097466,229.923126,279.293823,2],[-19.4937859,235.52356,278.939209,2]],"renderPriority":7,"startEndFade":[3,3],"textureLength":8}
{"class":"DecalRoad","persistentId":"4e38b929-9b0c-4c2b-abe6-2ef85479d688","__parent":"Volcano","position":[-19.0990543,244.801895,278.863098],"detail":0.200000003,"distanceFade":[150,50],"improvedSpline":true,"material":"mud_furrows","nodes":[[-19.0990543,244.801895,278.863098,2],[-20.6125317,254.049255,278.808289,2],[-20.4784565,264.572723,278.775635,2]],"renderPriority":7,"startEndFade":[3,3],"textureLength":8}
{"class":"DecalRoad","persistentId":"14764db3-dc65-451d-9b71-242b692d3976","__parent":"Volcano","position":[-24.9175262,254.113358,279.167603],"detail":0.200000003,"distanceFade":[150,50],"improvedSpline":true,"material":"mud_furrows","nodes":[[-24.9175262,254.113358,279.167603,2],[-24.4405098,261.821075,279.314758,2],[-20.9197445,272.874542,279.1297,2]],"renderPriority":7,"startEndFade":[3,3],"textureLength":8}
{"class":"DecalRoad","persistentId":"090a3fee-d9fa-41d6-9a05-50350212135e","__parent":"Volcano","position":[-16.5354271,275.353912,278.970764],"detail":0.200000003,"distanceFade":[150,50],"improvedSpline":true,"material":"mud_furrows","nodes":[[-16.5354271,275.353912,278.970764,2],[-14.1192608,279.391541,279.195679,2],[-8.1214447,283.428802,279.014832,2],[-1.39697421,287.652283,278.910461,2],[6.80274534,285.974823,278.881744,2]],"renderPriority":7,"startEndFade":[3,3],"textureLength":8}
{"class":"DecalRoad","persistentId":"1cbde3da-bd3e-4847-9513-2048e236fb2d","__parent":"Volcano","position":[6.64934874,286.392212,278.918884],"detail":0.200000003,"distanceFade":[150,50],"improvedSpline":true,"material":"mud_furrows","nodes":[[6.64934874,286.392212,278.918884,2],[16.9656792,281.920776,279.212769,2],[21.6103992,277.506287,278.999725,2],[24.178196,274.690186,278.862671,2],[28.0381527,269.044495,279.226105,2.0999999],[30.321064,261.33728,279.063599,2.0999999]],"renderPriority":7,"startEndFade":[3,3],"textureLength":8}
{"class":"DecalRoad","persistentId":"e26dd8e1-be05-4572-b342-e43d0715c650","__parent":"Volcano","position":[31.4900589,254.960846,279.322174],"detail":0.200000003,"distanceFade":[150,50],"improvedSpline":true,"material":"mud_furrows","nodes":[[31.4900589,254.960846,279.322174,2],[31.085844,247.326813,279.01712,2],[28.9526787,238.991776,279.131226,2],[26.6714096,231.070526,280.085815,2]],"renderPriority":7,"startEndFade":[3,3],"textureLength":8}
{"class":"DecalRoad","persistentId":"81208673-1256-4c11-bec7-24fd2f1c6c93","__parent":"Volcano","position":[-13.3272009,224.696609,280.617065],"detail":0.200000003,"distanceFade":[150,50],"improvedSpline":true,"material":"mud_furrows","nodes":[[-13.3272009,224.696609,280.617065,2],[-20.6995697,231.598267,278.932404,2],[-23.3578911,239.725067,279.268158,2],[-22.9588108,247.750076,278.976959,2],[-24.0703869,253.562729,279.130371,2]],"renderPriority":7,"startEndFade":[3,3],"textureLength":8}
{"class":"DecalRoad","persistentId":"7c165cfe-cad6-4d70-9468-5809b6c11637","__parent":"Volcano","position":[-19.3555317,236.718704,278.914978],"detail":0.200000003,"distanceFade":[150,50],"improvedSpline":true,"material":"mud_furrows","nodes":[[-19.3555317,236.718704,278.914978,2],[-20.2346611,245.314682,278.959686,1.89999998]],"renderPriority":7,"startEndFade":[3,3],"textureLength":8}
{"class":"DecalRoad","persistentId":"09b04a19-da76-414d-b592-7d0eaee1f91d","__parent":"Volcano","position":[-11.8042269,224.732513,280.857819],"detail":0.200000003,"distanceFade":[150,50],"improvedSpline":true,"material":"mud_tiretracks","nodes":[[-11.8042269,224.732513,280.857819,3.29999995],[-18.3151894,231.285995,278.99704,3.29999995],[-20.3368912,239.336731,279.003235,3.29999995],[-21.1540451,248.312149,278.946899,3.29999995],[-23.1263542,259.60733,278.985901,3.29999995],[-21.6493969,269.248962,279.110962,3.29999995],[-16.9686356,278.619415,279.384888,3.29999995],[-6.95200777,287.603668,279.168762,3.29999995],[1.70643902,289.150085,279.1427,3.29999995],[12.9674692,285.52005,279.151031,3.29999995],[21.0223637,280.641724,279.613403,3.29999995],[26.3798485,274.500793,279.130554,3.29999995],[31.5457363,261.876495,279.163696,3.29999995],[32.4963493,250.245697,279.352631,3.29999995],[29.4947796,237.470093,279.4953,3.29999995],[27.589592,229.836548,280.336426,3.29999995]],"renderPriority":8,"startEndFade":[5,5],"textureLength":16}
{"class":"DecalRoad","persistentId":"ce9fdc73-75d5-4565-b18f-125717d7ef90","__parent":"Volcano","position":[-20.1773453,230.667816,278.920441],"detail":0.200000003,"distanceFade":[150,50],"improvedSpline":true,"material":"mud_tiretracks","nodes":[[-20.1773453,230.667816,278.920441,3.29999995],[-22.8258133,238.113968,279.221497,3.29999995],[-23.0387764,246.187592,279.018982,3.29999995],[-24.6753311,251.998535,279.262726,3.29999995],[-24.5308666,264.487,279.315735,3.29999995]],"renderPriority":8,"startEndFade":[5,5],"textureLength":16}
{"class":"DecalRoad","persistentId":"d031ebd9-41f7-4fc5-bc13-864853404d7a","__parent":"Volcano","position":[29.3397255,231.798492,280.0979],"detail":0.200000003,"distanceFade":[150,50],"improvedSpline":true,"material":"mud_furrows","nodes":[[29.3397255,231.798492,280.0979,2],[32.6760445,242.219604,279.612152,2],[34.0969086,251.911133,279.668396,2],[32.2164192,265.601166,279.387817,2],[28.0479336,274.028046,279.488678,2],[24.6244125,279.672028,279.526978,2],[16.502594,285.388855,279.598389,2],[10.6823673,288.028137,279.373657,2],[2.50062943,290.45813,279.437347,2]],"renderPriority":7,"startEndFade":[3,3],"textureLength":8}
{"class":"DecalRoad","persistentId":"7fe44a45-c9e8-4b6d-acf6-59a676f87a41","__parent":"Volcano","position":[-14.1061087,227.005646,279.967957],"detail":0.200000003,"distanceFade":[150,50],"improvedSpline":true,"material":"mud_water","nodes":[[-14.1061087,227.005646,279.967957,3.70000005],[-20.6513596,235.287979,279.038391,4.5],[-21.7389698,245.788773,279.010742,4.5],[-23.7086582,255.69899,278.958679,4.5],[-22.4202633,267.649597,279.15332,3.70000005],[-18.4007168,276.569519,279.349457,3.70000005],[-11.9741259,283.300873,279.365967,3.70000005],[-2.23179865,288.822937,279.089447,3.70000005],[8.69183159,287.16571,279.294098,3.70000005],[15.5663309,284.20575,279.533936,3.70000005],[25.2651978,276.453033,279.080597,3.70000005],[31.1635895,263.79541,279.146362,3.70000005],[32.6900215,249.152908,279.411804,3.70000005],[28.2072449,232.801544,279.95874,3.70000005]],"renderPriority":14,"startEndFade":[1,1],"textureLength":16}
{"name":"cliff_rock_g309","class":"Prefab","persistentId":"e01d11be-c144-4930-b771-03f40f4a02a0","__parent":"Volcano","position":[30.5736294,200.121536,275.319366],"annotation":"ROCK","filename":"/levels/jungle_rock_island/art/prefabs/cliff_rock_g5.prefab","rotationMatrix":[-0.995051861,0.0393000431,0.0912555531,-0.0284958445,-0.992744803,0.116815582,0.0951843336,0.113637149,0.988952219],"scale":[1.44636917,1.44636917,1.44636917]}
{"class":"WaterBlock","persistentId":"e6c99e6e-a788-492e-a1c0-ebeb4a33aa5f","__parent":"Volcano","position":[3.46665287,257.063812,279.173096],"Foam":[{"foamDir":[0,-0.0199999996],"foamSpeed":0.100000001,"foamTexScale":[2,2]},{"foamDir":null,"foamSpeed":0.0199999996,"foamTexScale":[1,1]}],"Ripples (texture animation)":[{"rippleDir":[0.800000012,-0.100000001],"rippleMagnitude":null,"rippleSpeed":0.0399999991,"rippleTexScale":[2,4]},{"rippleDir":[0.400000006,-0.400000006],"rippleMagnitude":0.800000012,"rippleSpeed":0.0199999996,"rippleTexScale":[2.4000001,6]},{"rippleDir":[0.400000006,0.400000006],"rippleMagnitude":0.899999976,"rippleSpeed":0.0199999996,"rippleTexScale":[3,4]}],"Waves (vertex undulation)":[{"waveDir":[0,0.200000003],"waveMagnitude":0.200000003,"waveSpeed":0.200000003},{"waveDir":[0.100000001,0.200000003],"waveMagnitude":0.200000003,"waveSpeed":0.200000003},{"waveDir":[0.100000001,0.800000012],"waveMagnitude":0.200000003,"waveSpeed":0.200000003}],"baseColor":[127,111,17,255],"cubemap":"DefaultSkyCubemap","depthGradientMax":25,"depthGradientTex":"core/art/water/river_depthcolor_ramp.png","foamAmbientLerp":0.600000024,"foamMaxDepth":1,"foamTex":"core/art/water/foam.dds","fullReflect":false,"overallFoamOpacity":2,"overallRippleMagnitude":0.600000024,"overallWaveMagnitude":0.0299999993,"reflectTexSize":0,"reflectivity":0.400000006,"rippleTex":"core/art/water/ripple.dds","scale":[60.5148354,66.3983765,60],"underwaterColor":[46,37,34,240],"waterFogDensity":0.800000012,"waterFogDensityOffset":0.200000003,"wetDarkening":0.699999988,"wetDepth":2}
{"name":"cliff_rock_g3091","class":"Prefab","__parent":"Volcano","position":[26.0761089,190.054947,274.243164],"filename":"/levels/jungle_rock_island/art/prefabs/cliff_rock_g5.prefab","rotationMatrix":[-0.205564499,0.978614926,0.00753118284,-0.978567839,-0.205638409,0.010881885,0.0121978708,-0.0051328456,0.999912441],"scale":[1.44636917,1.44636917,1.44636917]}
