{"name":"fre_staging_centralTouge","class":"BeamNGTrigger","__parent":"freeroamEvents","position":[-300.950012,-734.23407,181.340118],"luaFunction":"onBeamNGTrigger","rotationMatrix":[0.99835366,0.0573581047,0,-0.0573581047,0.99835366,0,0,0,1],"scale":[6.27133799,2.97913766,3.94204116]}
{"name":"fre_staging_mudRally","class":"BeamNGTrigger","__parent":"freeroamEvents","position":[48.3479156,161.498306,254.838974],"rotationMatrix":[0.865363002,-0.501145482,0,0.501145482,0.865363002,0,0,0,1],"scale":[5.97454214,2.84459329,2.3972168]}
{"name":"fre_finish_jungleRockRally","class":"BeamNGTrigger","__parent":"freeroamEvents","position":[401.193054,721.825256,139.341782],"luaFunction":"onBeamNGTrigger","rotationMatrix":[0.828422368,0.560103893,0,-0.560103893,0.828422368,0,0,0,1],"scale":[1,6.38636303,2.74213886]}
{"name":"fre_start_beachCircuit","class":"BeamNGTrigger","__parent":"freeroamEvents","position":[-88.4097672,-842.104126,127.639893],"luaFunction":"onBeamNGTrigger","rotationMatrix":[0.849738419,-0.52610296,-0.0340633169,0.525627434,0.850420117,-0.0223903246,0.0407477468,0.00112130214,0.999168813],"scale":[12.0698719,1,3.81391621]}
{"name":"fre_start_centralTouge","class":"BeamNGTrigger","__parent":"freeroamEvents","position":[-300.935211,-732.603821,181.855133],"luaFunction":"onBeamNGTrigger","rotationMatrix":[0.999006271,0.0445698574,0,-0.0445698574,0.999006271,0,0,0,1],"scale":[5.89589834,1,1]}
{"name":"fre_start_mudRally","class":"BeamNGTrigger","__parent":"freeroamEvents","position":[47.6364174,160.091217,254.935287],"rotationMatrix":[0.911260903,-0.411829501,0,0.411829501,0.911260903,0,0,0,1],"scale":[5.52067995,1,4.16042519]}
{"name":"fre_staging_beachCircuit","class":"BeamNGTrigger","__parent":"freeroamEvents","position":[-87.8790131,-840.83374,125.882622],"luaFunction":"onBeamNGTrigger","rotationMatrix":[0.855537415,-0.517740965,0,0.517740965,0.855537415,0,0,0,1],"scale":[11.3777599,2.51677704,8.48214149]}
{"name":"fre_finish_sandySpeedway","class":"BeamNGTrigger","__parent":"freeroamEvents","position":[-492.579346,856.886597,126.293411],"rotationMatrix":[0.934622526,0.355641216,0,-0.355641216,0.934622526,0,0,0,1],"scale":[1,12.1876869,5.42386484]}
{"name":"fre_staging_sandySpeedway","class":"BeamNGTrigger","__parent":"freeroamEvents","position":[683.192932,116.268532,127.865707],"rotationMatrix":[0.676419318,0.736516833,0,-0.736516833,0.676419318,0,0,0,1],"scale":[1.91619229,8.03651142,4.09121132]}
{"name":"fre_start_sandySpeedway","class":"BeamNGTrigger","__parent":"freeroamEvents","position":[683.666321,116.825836,127.662651],"rotationMatrix":[0.695510507,0.718515933,0,-0.718515933,0.695510507,0,0,0,1],"scale":[1,6.27781677,3.30729961]}
