{"class":"TSStatic","persistentId":"32654d7f-442c-4029-9673-ed56cf95cb7c","__parent":"lighthouse_rocks","position":[983.676575,-845.459045,143.656204],"annotation":"ROCK","isRenderEnabled":false,"rotationMatrix":[0.553476572,0.820352435,0.143824756,-0.828971088,0.559291422,0,-0.080439955,-0.119226567,0.989603162],"shapeName":"/levels/jungle_rock_island/art/shapes/rocks/pac_rock_large_1.dae","useInstanceRenderData":true}
{"class":"TSStatic","persistentId":"198ca92b-dc27-4570-9754-be79de85b994","__parent":"lighthouse_rocks","position":[983.315247,-843.411865,144.42421],"annotation":"ROCK","isRenderEnabled":false,"shapeName":"/levels/jungle_rock_island/art/shapes/rocks/pac_rock_large_1.dae","useInstanceRenderData":true}
{"class":"TSStatic","persistentId":"8ec71c20-5e25-4db8-ae4f-3e9b0defdafb","__parent":"lighthouse_rocks","position":[967.050354,-836.998169,144.054443],"annotation":"ROCK","isRenderEnabled":false,"rotationMatrix":[0.541132092,-0.840937614,0,0.840937614,0.541132092,0,0,0,1],"shapeName":"/levels/jungle_rock_island/art/shapes/rocks/pac_rock_large_1.dae","useInstanceRenderData":true}
{"class":"TSStatic","persistentId":"ef66fc5c-c268-467d-b365-c285664b0673","__parent":"lighthouse_rocks","position":[969.84198,-840.225525,144.373489],"annotation":"ROCK","isRenderEnabled":false,"rotationMatrix":[-0.668068469,0.744099855,8.63085603e-08,0.744099855,0.668068469,1.39131311e-08,-4.7307271e-08,7.35171e-08,-1],"shapeName":"/levels/jungle_rock_island/art/shapes/rocks/pac_rock_large_1.dae","useInstanceRenderData":true}
{"class":"TSStatic","persistentId":"bd676eeb-ce3e-4868-bc45-d86a423be3e9","__parent":"lighthouse_rocks","position":[972.683228,-843.36438,144.373489],"annotation":"ROCK","isRenderEnabled":false,"rotationMatrix":[-0.701068163,0.713094294,1.72923407e-07,-0.713094294,-0.701068163,-2.17634906e-08,1.05711671e-07,-1.38568367e-07,1],"shapeName":"/levels/jungle_rock_island/art/shapes/rocks/pac_rock_large_1.dae","useInstanceRenderData":true}
{"class":"TSStatic","persistentId":"88fa883b-caf5-4c91-bc03-9ab56ab3542e","__parent":"lighthouse_rocks","position":[974.727844,-845.693665,145.057602],"annotation":"ROCK","isRenderEnabled":false,"rotationMatrix":[0.760003746,-0.649918675,0,0.649918675,0.760003746,0,0,0,1],"shapeName":"/levels/jungle_rock_island/art/shapes/rocks/pac_rock_large_2.dae","useInstanceRenderData":true}
{"class":"TSStatic","persistentId":"335731af-be32-4ce8-88f2-7b0f066d2de6","__parent":"lighthouse_rocks","position":[977.102417,-846.465759,145.077942],"annotation":"ROCK","isRenderEnabled":false,"rotationMatrix":[0.944921732,-0.327296346,0,0.327296346,0.944921732,0,0,0,1],"shapeName":"/levels/jungle_rock_island/art/shapes/rocks/pac_rock_large_3.dae","useInstanceRenderData":true}
{"class":"TSStatic","persistentId":"3f2ddee8-a4a2-497f-9ff7-0f93e575868f","__parent":"lighthouse_rocks","position":[979.188538,-846.49707,145.000473],"annotation":"ROCK","isRenderEnabled":false,"shapeName":"/levels/jungle_rock_island/art/shapes/rocks/pac_rock_large_2.dae","useInstanceRenderData":true}
{"class":"TSStatic","persistentId":"973f95e3-6ab5-4ddf-a121-2f85f81b69e9","__parent":"lighthouse_rocks","position":[972.764099,-838.399658,149.28624],"annotation":"ROCK","isRenderEnabled":false,"rotationMatrix":[-0.668068469,0.744099855,8.63085603e-08,0.73777926,0.662393689,-0.130063236,-0.0967800915,-0.0868910849,-0.991505682],"shapeName":"/levels/jungle_rock_island/art/shapes/rocks/pac_rock_large_1.dae","useInstanceRenderData":true}
{"class":"TSStatic","persistentId":"9530ff5c-4c45-44d0-a969-8d06ec023700","__parent":"lighthouse_rocks","position":[975.082764,-841.033447,149.299606],"annotation":"ROCK","isRenderEnabled":false,"rotationMatrix":[0.677846134,0.723891795,-0.128473133,-0.727596283,0.68558383,0.0240532309,0.105491057,0.077172175,0.991421163],"shapeName":"/levels/jungle_rock_island/art/shapes/rocks/pac_rock_large_1.dae","useInstanceRenderData":true}
{"class":"TSStatic","persistentId":"d8ce5fec-1c1c-43e6-8381-7f2b0e851cd9","__parent":"lighthouse_rocks","position":[966.652283,-839.453979,141.378616],"annotation":"ROCK","isRenderEnabled":false,"shapeName":"/levels/jungle_rock_island/art/shapes/rocks/pac_rock_medium_1.dae","useInstanceRenderData":true}
{"class":"TSStatic","persistentId":"2b624df8-311b-4d4b-b261-3f575db01735","__parent":"lighthouse_rocks","position":[967.961487,-840.686951,141.658203],"annotation":"ROCK","isRenderEnabled":false,"shapeName":"/levels/jungle_rock_island/art/shapes/rocks/pac_rock_medium_2.dae","useInstanceRenderData":true}
{"class":"TSStatic","persistentId":"235f1ed2-96e7-4e9d-8fc9-6b72e6d18cce","__parent":"lighthouse_rocks","position":[966.491943,-840.878723,141.039352],"annotation":"ROCK","isRenderEnabled":false,"shapeName":"/levels/jungle_rock_island/art/shapes/rocks/pac_rock_medium_3.dae","useInstanceRenderData":true}
{"class":"TSStatic","persistentId":"bc733848-1f9b-4810-bec5-ee864b7cbfc8","__parent":"lighthouse_rocks","position":[970.117432,-843.233887,141.356796],"annotation":"ROCK","isRenderEnabled":false,"rotationMatrix":[-0.995619416,0,0.0934984758,0,1,0,-0.0934984758,0,-0.995619416],"shapeName":"/levels/jungle_rock_island/art/shapes/rocks/pac_rock_medium_1.dae","useInstanceRenderData":true}
{"class":"TSStatic","persistentId":"bb94b741-f225-4b52-bece-ea3027ccaa8b","__parent":"lighthouse_rocks","position":[968.995972,-842.002686,141.490555],"annotation":"ROCK","isRenderEnabled":false,"rotationMatrix":[-0.71895057,0,-0.695061207,0,1,0,0.695061207,0,-0.71895057],"shapeName":"/levels/jungle_rock_island/art/shapes/rocks/pac_rock_medium_2.dae","useInstanceRenderData":true}
{"class":"TSStatic","persistentId":"d0bab171-e769-4080-b28e-d7e98346106d","__parent":"lighthouse_rocks","position":[969.888611,-843.036926,142.906281],"annotation":"ROCK","isRenderEnabled":false,"shapeName":"/levels/jungle_rock_island/art/shapes/rocks/pac_rock_small_1.dae","useInstanceRenderData":true}
{"class":"TSStatic","persistentId":"03c66e33-9dcd-4157-a235-4c0182d17b0d","__parent":"lighthouse_rocks","position":[968.437744,-842.971069,141.045609],"annotation":"ROCK","isRenderEnabled":false,"shapeName":"/levels/jungle_rock_island/art/shapes/rocks/pac_rock_small_2.dae","useInstanceRenderData":true}
{"class":"TSStatic","persistentId":"ade98230-8023-4f41-bbff-ded15b0a7dcc","__parent":"lighthouse_rocks","position":[967.593323,-841.695251,141.047165],"annotation":"ROCK","isRenderEnabled":false,"shapeName":"/levels/jungle_rock_island/art/shapes/rocks/pac_rock_small_1.dae","useInstanceRenderData":true}
{"class":"TSStatic","persistentId":"3cba591f-2774-4c02-9297-e6479f551ee8","__parent":"lighthouse_rocks","position":[953.391785,-837.289612,136.337265],"annotation":"ROCK","isRenderEnabled":false,"rotationMatrix":[-0.48356542,0.875308216,0,-0.875308216,-0.48356542,0,0,0,1],"shapeName":"/levels/jungle_rock_island/art/shapes/rocks/pac_rock_large_3.dae","useInstanceRenderData":true}
{"class":"TSStatic","persistentId":"ec229b17-d197-4137-934a-96dcd8fc4221","__parent":"lighthouse_rocks","position":[955.416748,-835.614319,137.292068],"annotation":"ROCK","isRenderEnabled":false,"shapeName":"/levels/jungle_rock_island/art/shapes/rocks/pac_rock_medium_1.dae","useInstanceRenderData":true}
{"class":"TSStatic","persistentId":"dac3a36c-7fa5-4633-a3d4-388c6a6c2127","__parent":"lighthouse_rocks","position":[954.661377,-836.436157,137.278275],"annotation":"ROCK","isRenderEnabled":false,"rotationMatrix":[0.745841086,0.655158341,0.120368689,-0.659956694,0.751303613,0,-0.0904334337,-0.0794381201,0.992729247],"shapeName":"/levels/jungle_rock_island/art/shapes/rocks/pac_rock_medium_2.dae","useInstanceRenderData":true}
{"class":"TSStatic","persistentId":"9b218a9c-5cf9-4cad-bad3-e5a3020d6fc1","__parent":"lighthouse_rocks","position":[952.971436,-838.866699,136.592102],"annotation":"ROCK","isRenderEnabled":false,"rotationMatrix":[1,0,0,0,-0.984210074,-0.177004337,0,0.177004337,-0.984210074],"shapeName":"/levels/jungle_rock_island/art/shapes/rocks/pac_rock_medium_1.dae","useInstanceRenderData":true}
{"class":"TSStatic","persistentId":"fc0e05fa-7b9d-4444-a4d2-46c63009cbaa","__parent":"lighthouse_rocks","position":[953.93811,-840.676208,136.84491],"annotation":"ROCK","isRenderEnabled":false,"shapeName":"/levels/jungle_rock_island/art/shapes/rocks/pac_rock_medium_2.dae","useInstanceRenderData":true}
{"class":"TSStatic","persistentId":"f0eafbff-275a-48e8-b879-7ff2ec3df323","__parent":"lighthouse_rocks","position":[951.95697,-835.423157,134.024521],"annotation":"ROCK","isRenderEnabled":false,"shapeName":"/levels/jungle_rock_island/art/shapes/rocks/pac_rock_small_1.dae","useInstanceRenderData":true}
{"class":"TSStatic","persistentId":"4f0f06ab-78fb-4120-8d84-3177621caf3c","__parent":"lighthouse_rocks","position":[957.61145,-827.620789,140.57457],"annotation":"ROCK","isRenderEnabled":false,"rotationMatrix":[0.933763325,0.341477931,-0.10713958,0.331556916,-0.938092351,-0.100263357,-0.134744555,0.0580993816,-0.989175618],"shapeName":"/levels/jungle_rock_island/art/shapes/rocks/pac_rock_large_1.dae","useInstanceRenderData":true}
{"class":"TSStatic","persistentId":"0d365124-4bd7-4638-bcdb-d9faf5c5ca52","__parent":"lighthouse_rocks","position":[952.202087,-817.752319,132.258072],"annotation":"ROCK","isRenderEnabled":false,"rotationMatrix":[-0.0401082151,-0.999195337,0,0.934813619,-0.0375238992,0.353150815,-0.35286665,0.0141642485,0.935566425],"shapeName":"/levels/jungle_rock_island/art/shapes/rocks/pac_rock_medium_flat.dae","useInstanceRenderData":true}
{"class":"TSStatic","persistentId":"a57d8cea-1b66-4ae2-b8a1-363e74e9ebf8","__parent":"lighthouse_rocks","position":[948.962097,-812.19873,131.243439],"annotation":"ROCK","isRenderEnabled":false,"rotationMatrix":[0.160760909,-0.986993372,0,0.986993372,0.160760909,0,0,0,1],"shapeName":"/levels/jungle_rock_island/art/shapes/rocks/pac_rock_medium_flat.dae","useInstanceRenderData":true}
{"class":"TSStatic","persistentId":"eaf0d0ac-2245-4c53-8e7e-faa2fcd877c5","__parent":"lighthouse_rocks","position":[949.572632,-821.950745,130.659302],"annotation":"ROCK","isRenderEnabled":false,"rotationMatrix":[-0.966550112,-0.25611186,0.0136930235,0.256265074,-0.966544926,0.0109131336,0.0104399361,0.0140571296,0.999846637],"scale":[1.14951336,1.14951336,1.14951336],"shapeName":"/levels/jungle_rock_island/art/shapes/rocks/pac_rock_large_2.dae","useInstanceRenderData":true}
{"class":"TSStatic","persistentId":"d67661ec-1e4f-4750-bc34-9e0a2c082388","__parent":"lighthouse_rocks","position":[959.174133,-829.354492,143.664719],"annotation":"ROCK","isRenderEnabled":false,"shapeName":"/levels/jungle_rock_island/art/shapes/rocks/pac_rock_medium_2.dae","useInstanceRenderData":true}
{"class":"TSStatic","persistentId":"1585553a-8885-4410-9143-4e5b0d2f550e","__parent":"lighthouse_rocks","position":[958.109741,-829.524231,140.877396],"annotation":"ROCK","isRenderEnabled":false,"rotationMatrix":[0.499955684,-0.866050959,0,0.835161448,0.482123733,-0.264692277,0.229237005,0.132334411,0.964332938],"shapeName":"/levels/jungle_rock_island/art/shapes/rocks/pac_rock_large_3.dae","useInstanceRenderData":true}
{"class":"TSStatic","persistentId":"7e905623-ec3f-44ad-b7f4-999e324b6cc1","__parent":"lighthouse_rocks","position":[958.815247,-832.010315,138.915222],"annotation":"ROCK","isRenderEnabled":false,"rotationMatrix":[0.580138505,-0.814517856,0,0.706093788,0.502913773,-0.498507142,0.406042993,0.289203197,0.866885662],"shapeName":"/levels/jungle_rock_island/art/shapes/rocks/pac_rock_large_2.dae","useInstanceRenderData":true}
{"class":"TSStatic","persistentId":"f157a252-0fa9-437d-8658-dc0d363aed9c","__parent":"lighthouse_rocks","position":[964.487732,-837.083069,142.212646],"annotation":"ROCK","isRenderEnabled":false,"rotationMatrix":[0.683729053,-0.72973597,0,0.71260637,0.667679429,-0.215398028,0.157183692,0.147273883,0.97652632],"shapeName":"/levels/jungle_rock_island/art/shapes/rocks/pac_rock_large_3.dae","useInstanceRenderData":true}
{"class":"TSStatic","persistentId":"9f642641-d9b2-4829-b98a-57f07b187196","__parent":"lighthouse_rocks","position":[960.877563,-834.10498,140.369751],"annotation":"ROCK","isRenderEnabled":false,"rotationMatrix":[-0.644442439,0.746182382,-0.167050123,0.758696675,0.651191652,-0.0181297958,0.0952535272,-0.138423979,-0.98578167],"shapeName":"/levels/jungle_rock_island/art/shapes/rocks/pac_rock_large_1.dae","useInstanceRenderData":true}
{"class":"TSStatic","persistentId":"e4cc5822-e8e2-4e12-9405-d23f050b4941","__parent":"lighthouse_rocks","position":[962.924683,-836.533875,140.772995],"annotation":"ROCK","isRenderEnabled":false,"rotationMatrix":[-0.38205564,0.924139321,0,-0.924139321,-0.38205564,0,0,0,1],"shapeName":"/levels/jungle_rock_island/art/shapes/rocks/pac_rock_large_3.dae","useInstanceRenderData":true}
{"name":"pac_rock_wall_collection23","class":"Prefab","persistentId":"f692efc1-6b23-4442-98b5-7524d30f5f16","__parent":"lighthouse_rocks","position":[982.937561,-847.336487,136.378113],"annotation":"ROCK","filename":"/levels/jungle_rock_island/art/prefabs/pac_rock_wall_collection_1.prefab","rotationMatrix":[-0.944274843,-0.329158068,2.85124115e-05,0.329157948,-0.944274366,0.000983675127,-0.00029686105,0.000938244804,0.999999523]}
{"class":"TSStatic","persistentId":"e50aa41d-626f-4950-a8bc-0f78d90d9bd9","__parent":"lighthouse_rocks","position":[971.665344,-847.284851,135.430435],"annotation":"ROCK","isRenderEnabled":false,"rotationMatrix":[-0.796178818,0.605061293,0,-0.599585354,-0.788973212,0.134233221,0.081219323,0.106873646,0.99094975],"shapeName":"/levels/jungle_rock_island/art/shapes/rocks/pac_rock_large_1.dae","useInstanceRenderData":true}
{"class":"TSStatic","persistentId":"a7d3a657-a997-4378-bc5c-2dba31e6fd97","__parent":"lighthouse_rocks","position":[975.048157,-848.746338,135.786285],"annotation":"ROCK","isRenderEnabled":false,"rotationMatrix":[0.941604733,-0.335100442,0.0329861306,0.336499512,0.932916999,-0.128194705,0.0121847764,0.131808564,0.991200328],"shapeName":"/levels/jungle_rock_island/art/shapes/rocks/pac_rock_large_1.dae","useInstanceRenderData":true}
{"class":"TSStatic","persistentId":"99bb82da-f6a4-40a8-83e2-ecf53e877b70","__parent":"lighthouse_rocks","position":[973.547607,-826.991089,150.336441],"annotation":"ROCK","isRenderEnabled":false,"rotationMatrix":[0.87743336,0.479698509,0,-0.479698509,0.87743336,0,0,0,1],"shapeName":"/levels/jungle_rock_island/art/shapes/rocks/pac_rock_large_2.dae","useInstanceRenderData":true}
{"class":"TSStatic","persistentId":"22fb4687-2eb5-4c8e-b55c-e7a6c486da99","__parent":"lighthouse_rocks","position":[975.480225,-825.009949,151.403091],"annotation":"ROCK","isRenderEnabled":false,"shapeName":"/levels/jungle_rock_island/art/shapes/rocks/pac_rock_medium_2.dae","useInstanceRenderData":true}
{"class":"TSStatic","persistentId":"40cb96c9-3cdd-4992-9978-e31de847625a","__parent":"lighthouse_rocks","position":[977.162231,-824.99231,150.608398],"annotation":"ROCK","isRenderEnabled":false,"rotationMatrix":[-0.549976707,0.835179985,0,-0.835179985,-0.549976707,0,0,0,1],"shapeName":"/levels/jungle_rock_island/art/shapes/rocks/pac_rock_large_3.dae","useInstanceRenderData":true}
{"class":"TSStatic","persistentId":"e8aca518-1e07-4d0d-b4ac-5109ea127b83","__parent":"lighthouse_rocks","position":[971.754089,-825.545898,147.65097],"annotation":"ROCK","isRenderEnabled":false,"shapeName":"/levels/jungle_rock_island/art/shapes/rocks/pac_rock_large_2.dae","useInstanceRenderData":true}
{"class":"TSStatic","persistentId":"1948df00-2046-4585-be60-8dfd8f32724f","__parent":"lighthouse_rocks","position":[981.176758,-846.271545,145.719635],"annotation":"ROCK","isRenderEnabled":false,"rotationMatrix":[-0.972322583,0.133783221,0.191548407,-0.149758145,-0.986138225,-0.0714413971,0.179335549,-0.0981500149,0.978879631],"shapeName":"/levels/jungle_rock_island/art/shapes/rocks/pac_rock_medium_2.dae","useInstanceRenderData":true}
{"class":"TSStatic","persistentId":"03a153db-be17-424f-9453-28f57302d0a6","__parent":"lighthouse_rocks","position":[980.933899,-847.093689,145.202423],"annotation":"ROCK","isRenderEnabled":false,"shapeName":"/levels/jungle_rock_island/art/shapes/rocks/pac_rock_small_1.dae","useInstanceRenderData":true}
{"class":"TSStatic","persistentId":"6dafbd13-3f1d-4241-beab-8b03f495f645","__parent":"lighthouse_rocks","position":[982.540649,-844.959106,146.256393],"annotation":"ROCK","isRenderEnabled":false,"rotationMatrix":[0.869638622,0.487280935,0.0792841241,-0.489374608,0.872034788,0.00823799521,-0.0651242957,-0.0459637195,0.996818006],"shapeName":"/levels/jungle_rock_island/art/shapes/rocks/pac_rock_medium_flat.dae","useInstanceRenderData":true}
{"class":"TSStatic","persistentId":"d2f7b3da-d8f5-405f-8b15-62435f13b6a5","__parent":"lighthouse_rocks","position":[978.048523,-841.355225,149.05545],"annotation":"ROCK","isRenderEnabled":false,"shapeName":"/levels/jungle_rock_island/art/shapes/rocks/pac_rock_large_1.dae","useInstanceRenderData":true}
{"class":"TSStatic","persistentId":"dd945434-7e30-4261-873b-fbc4e58a4c80","__parent":"lighthouse_rocks","position":[980.707825,-840.79895,149.835098],"annotation":"ROCK","isRenderEnabled":false,"shapeName":"/levels/jungle_rock_island/art/shapes/rocks/pac_rock_large_2.dae","useInstanceRenderData":true}
{"class":"TSStatic","persistentId":"8082407e-a095-4ec2-ad7c-ce03e7891787","__parent":"lighthouse_rocks","position":[982.310486,-839.589539,149.958191],"annotation":"ROCK","isRenderEnabled":false,"rotationMatrix":[-0.372819453,0.927903891,3.25929115e-08,0.927903891,0.372819453,-8.11199357e-08,-8.74227766e-08,0,-1],"shapeName":"/levels/jungle_rock_island/art/shapes/rocks/pac_rock_large_3.dae","useInstanceRenderData":true}
{"class":"Prefab","persistentId":"fc0ac797-4d78-452c-a62f-f6185f616756","__parent":"lighthouse_rocks","position":[959.414917,-844.937927,128.36731],"annotation":"ROCK","filename":"/levels/jungle_rock_island/art/prefabs/pac_rock_wall_collection_2.prefab","rotationMatrix":[0.870802283,-0.491633356,-7.6248594e-13,0.491633356,0.870802283,4.37043847e-13,4.49109147e-13,-7.55442258e-13,1]}
{"class":"TSStatic","persistentId":"73a6f573-0aa8-4e89-b2f2-ef093f894073","__parent":"lighthouse_rocks","position":[963.22345,-848.669983,130.767609],"annotation":"ROCK","isRenderEnabled":false,"rotationMatrix":[0.749072492,0.662488043,0,-0.662488043,0.749072492,0,0,0,1],"shapeName":"/levels/jungle_rock_island/art/shapes/rocks/pac_rock_large_1.dae","useInstanceRenderData":true}
{"class":"TSStatic","persistentId":"090fd2a2-c203-4946-b39f-c2901a962b9d","__parent":"lighthouse_rocks","position":[963.571533,-845.713074,134.488358],"annotation":"ROCK","isRenderEnabled":false,"rotationMatrix":[0.981880486,0,-0.189501077,0,1,0,0.189501077,0,0.981880486],"shapeName":"/levels/jungle_rock_island/art/shapes/rocks/pac_rock_large_3.dae","useInstanceRenderData":true}
{"class":"TSStatic","persistentId":"41757b43-4776-459e-b595-bfd9a5c304f1","__parent":"lighthouse_rocks","position":[964.951111,-846.761902,134.480804],"annotation":"ROCK","isRenderEnabled":false,"rotationMatrix":[0.865801215,-0.500388145,0,0.500060022,0.865233421,-0.0362095386,0.0181188211,0.0313502625,0.99934423],"shapeName":"/levels/jungle_rock_island/art/shapes/rocks/pac_rock_large_2.dae","useInstanceRenderData":true}
{"class":"TSStatic","persistentId":"f19b749b-fee3-4d66-a8fa-d0080aab1e98","__parent":"lighthouse_rocks","position":[964.876892,-850.191528,131.511612],"annotation":"ROCK","isRenderEnabled":false,"rotationMatrix":[0.952922702,-0.303213269,0,0.300395668,0.944067657,0.136009425,-0.0412398614,-0.12960647,0.990707517],"shapeName":"/levels/jungle_rock_island/art/shapes/rocks/pac_rock_large_2.dae","useInstanceRenderData":true}
{"class":"TSStatic","persistentId":"cb00bb0b-5a66-4ed1-9f2d-03487f544ca9","__parent":"lighthouse_rocks","position":[967.540405,-847.508179,133.905075],"annotation":"ROCK","isRenderEnabled":false,"rotationMatrix":[1,0,0,0,-0.987132251,0.159905866,0,-0.159905866,-0.987132251],"scale":[0.890110433,0.890110433,0.890110433],"shapeName":"/levels/jungle_rock_island/art/shapes/rocks/pac_rock_large_1.dae","useInstanceRenderData":true}
{"class":"TSStatic","persistentId":"3bdd5d62-edeb-40d7-bc21-cf53901c665d","__parent":"lighthouse_rocks","position":[970.990479,-852.490417,132.864685],"annotation":"ROCK","isRenderEnabled":false,"rotationMatrix":[0.650617063,-0.759405971,0,0.759405971,0.650617063,0,0,0,1],"shapeName":"/levels/jungle_rock_island/art/shapes/rocks/pac_rock_medium_flat.dae","useInstanceRenderData":true}
{"class":"TSStatic","persistentId":"7bbf3915-0391-49f4-bb59-eba1a5ebe858","__parent":"lighthouse_rocks","position":[978.755005,-843.215515,147.717682],"annotation":"ROCK","isRenderEnabled":false,"rotationMatrix":[1,0,0,0,-0.557424068,0.830227911,0,-0.830227911,-0.557424068],"shapeName":"/levels/jungle_rock_island/art/shapes/rocks/pac_rock_medium_2.dae","useInstanceRenderData":true}
{"class":"TSStatic","persistentId":"77706265-b35c-4e22-ae68-f559bcb1995c","__parent":"lighthouse_rocks","position":[980.018311,-843.020813,147.778229],"annotation":"ROCK","isRenderEnabled":false,"shapeName":"/levels/jungle_rock_island/art/shapes/rocks/pac_rock_small_2.dae","useInstanceRenderData":true}
{"class":"TSStatic","persistentId":"797d4114-282b-4c5c-bcb5-252883dfd089","__parent":"lighthouse_rocks","position":[981.129028,-842.540894,147.966599],"annotation":"ROCK","isRenderEnabled":false,"rotationMatrix":[-0.469445884,0.882961214,0,-0.882961214,-0.469445884,0,0,0,1],"shapeName":"/levels/jungle_rock_island/art/shapes/rocks/pac_rock_medium_3.dae","useInstanceRenderData":true}
{"class":"TSStatic","persistentId":"cffa39ab-13aa-4388-bb91-1205850f73da","__parent":"lighthouse_rocks","position":[971.674622,-840.357666,147.44635],"annotation":"ROCK","isRenderEnabled":false,"shapeName":"/levels/jungle_rock_island/art/shapes/rocks/pac_rock_small_1.dae","useInstanceRenderData":true}
{"class":"TSStatic","persistentId":"5ef4b0e4-a663-42f0-b4c5-7f1855274a99","__parent":"lighthouse_rocks","position":[985.357605,-813.488525,140.149689],"annotation":"ROCK","isRenderEnabled":false,"rotationMatrix":[0.73049587,0.628266752,-0.267687619,-0.65206331,0.758164525,0,0.202951238,0.174549252,0.963505745],"scale":[1.63020229,1.63020229,1.63020229],"shapeName":"/levels/jungle_rock_island/art/shapes/rocks/pac_rock_large_1.dae","useInstanceRenderData":true}
{"class":"TSStatic","persistentId":"4e6283c8-63de-4970-9959-f73cdfc4f998","__parent":"lighthouse_rocks","position":[987.30365,-843.894287,138.994125],"annotation":"ROCK","isRenderEnabled":false,"rotationMatrix":[0.914883852,-0.40371713,0,0.40371713,0.914883852,0,0,0,1],"shapeName":"/levels/jungle_rock_island/art/shapes/rocks/pac_rock_large_1.dae","useInstanceRenderData":true}
{"class":"TSStatic","persistentId":"e1a3e693-7907-47a6-b733-8487c5aa70f3","__parent":"lighthouse_rocks","position":[990.069519,-843.219299,137.95993],"annotation":"ROCK","isRenderEnabled":false,"rotationMatrix":[-0.481860399,-0.876248002,8.74227766e-08,-0.876248002,0.481860399,0,-4.21255741e-08,-7.66040316e-08,-1],"shapeName":"/levels/jungle_rock_island/art/shapes/rocks/pac_rock_large_1.dae","useInstanceRenderData":true}
{"class":"TSStatic","persistentId":"73e22b8b-d8fe-4858-931b-d72c25fe1f3f","__parent":"lighthouse_rocks","position":[990.930908,-840.081177,137.137283],"annotation":"ROCK","isRenderEnabled":false,"rotationMatrix":[0.109856457,0.959658265,-0.258819163,-0.986398041,0.137293816,0.0903834403,0.122271486,0.245369464,0.961687863],"shapeName":"/levels/jungle_rock_island/art/shapes/rocks/pac_rock_large_1.dae","useInstanceRenderData":true}
{"class":"TSStatic","persistentId":"62541137-58cc-4622-bcd5-0aaf686a6d97","__parent":"lighthouse_rocks","position":[988.671997,-844.805664,133.812256],"annotation":"ROCK","isRenderEnabled":false,"rotationMatrix":[-0.859060049,-0.511874795,0,0.511506796,-0.858442426,0.0379127264,-0.019406572,0.032569319,0.999281049],"shapeName":"/levels/jungle_rock_island/art/shapes/rocks/pac_rock_large_1.dae","useInstanceRenderData":true}
{"class":"TSStatic","persistentId":"172caaec-baa5-4749-bc07-19182e02a359","__parent":"lighthouse_rocks","position":[986.035034,-847.286255,132.888702],"annotation":"ROCK","isRenderEnabled":false,"rotationMatrix":[0.967423737,0.251331151,0.0303963721,-0.233394206,0.93194288,-0.277506083,-0.0980736166,0.261371672,0.960242867],"shapeName":"/levels/jungle_rock_island/art/shapes/rocks/pac_rock_large_2.dae","useInstanceRenderData":true}
{"class":"Prefab","persistentId":"38016d34-1d90-43a0-b5ab-7980afc7eff6","__parent":"lighthouse_rocks","position":[991.828369,-839.486023,131.795212],"annotation":"ROCK","filename":"/levels/jungle_rock_island/art/prefabs/pac_rock_wall_collection_2.prefab","rotationMatrix":[0.253548533,0.967322707,4.61023592e-06,-0.967322707,0.253548533,4.7834842e-06,3.45825401e-06,-5.67243114e-06,1]}
{"class":"TSStatic","persistentId":"59519bc5-ae13-44e2-b16a-01c7a4e78e58","__parent":"lighthouse_rocks","position":[990.115967,-834.484741,134.475433],"annotation":"ROCK","isRenderEnabled":false,"rotationMatrix":[0.61215198,-0.790740132,0,0.790740132,0.61215198,0,0,0,1],"shapeName":"/levels/jungle_rock_island/art/shapes/rocks/pac_rock_large_1.dae","useInstanceRenderData":true}
{"class":"TSStatic","persistentId":"9eaed6c6-e5b3-43b1-b7c8-b89b7d709a89","__parent":"lighthouse_rocks","position":[991.095642,-837.327881,136.121033],"annotation":"ROCK","isRenderEnabled":false,"shapeName":"/levels/jungle_rock_island/art/shapes/rocks/pac_rock_large_2.dae","useInstanceRenderData":true}
{"class":"TSStatic","persistentId":"372e3178-e3dc-4098-97c3-53899629fbc2","__parent":"lighthouse_rocks","position":[989.48877,-836.457886,136.968597],"annotation":"ROCK","isRenderEnabled":false,"shapeName":"/levels/jungle_rock_island/art/shapes/rocks/pac_rock_large_3.dae","useInstanceRenderData":true}
{"class":"TSStatic","persistentId":"46ce46d7-1486-4feb-9eb5-722572881595","__parent":"lighthouse_rocks","position":[972.539551,-854.062805,125.587112],"annotation":"ROCK","isRenderEnabled":false,"rotationMatrix":[0.124429964,0.992228389,0,-0.992228389,0.124429964,0,0,0,1],"shapeName":"/levels/jungle_rock_island/art/shapes/rocks/pac_rock_large_1.dae","useInstanceRenderData":true}
{"class":"TSStatic","persistentId":"57f3dfa2-f34b-4f8b-b0bf-dd04dcad7f9f","__parent":"lighthouse_rocks","position":[971.697815,-853.250061,129.296631],"annotation":"ROCK","isRenderEnabled":false,"shapeName":"/levels/jungle_rock_island/art/shapes/rocks/pac_rock_large_2.dae","useInstanceRenderData":true}
{"class":"TSStatic","persistentId":"fd9313e3-f347-4f82-bd86-3ede1c207687","__parent":"lighthouse_rocks","position":[967.101135,-851.700928,126.332199],"annotation":"ROCK","isRenderEnabled":false,"shapeName":"/levels/jungle_rock_island/art/shapes/rocks/pac_rock_large_3.dae","useInstanceRenderData":true}
{"class":"TSStatic","persistentId":"5505fab9-abd3-4896-934a-4d72207fcb51","__parent":"lighthouse_rocks","position":[982.075745,-847.53479,140.34082],"annotation":"ROCK","isRenderEnabled":false,"shapeName":"/levels/jungle_rock_island/art/shapes/rocks/pac_rock_large_3.dae","useInstanceRenderData":true}
{"class":"TSStatic","persistentId":"7b0220f1-414b-4457-b88c-b4e82ef22d68","__parent":"lighthouse_rocks","position":[987.212097,-849.744324,132.377975],"annotation":"ROCK","isRenderEnabled":false,"rotationMatrix":[0.892814934,0.440722317,-0.0929805338,-0.442639858,0.896699488,0,0.0833755955,0.0411568917,0.995667934],"shapeName":"/levels/jungle_rock_island/art/shapes/rocks/pac_rock_medium_flat.dae","useInstanceRenderData":true}
{"class":"TSStatic","persistentId":"3a87ac22-c729-4095-b9a5-fe976a61f48d","__parent":"lighthouse_rocks","position":[990.463501,-847.482483,130.372086],"annotation":"ROCK","isRenderEnabled":false,"rotationMatrix":[0.846324265,0.532668054,0,-0.510785282,0.811556041,0.283681393,0.151108012,-0.240086451,0.958918571],"shapeName":"/levels/jungle_rock_island/art/shapes/rocks/pac_rock_large_1.dae","useInstanceRenderData":true}
{"class":"TSStatic","persistentId":"df9e5b65-75eb-4f3d-bf21-c10036767154","__parent":"lighthouse_rocks","position":[993.522095,-842.621094,132.03334],"annotation":"ROCK","isRenderEnabled":false,"rotationMatrix":[0.967073858,0,-0.254495949,0,1,0,0.254495949,0,0.967073858],"shapeName":"/levels/jungle_rock_island/art/shapes/rocks/pac_rock_large_2.dae","useInstanceRenderData":true}
{"class":"TSStatic","persistentId":"4603d842-c6db-46ff-a816-968250b96e5e","__parent":"lighthouse_rocks","position":[993.516724,-844.11731,132.673584],"annotation":"ROCK","isRenderEnabled":false,"rotationMatrix":[0.74866581,-0.57211715,-0.334935009,0.521903872,0.820171595,-0.234381765,0.408798009,0.00066973269,0.912624598],"shapeName":"/levels/jungle_rock_island/art/shapes/rocks/pac_rock_medium_2.dae","useInstanceRenderData":true}
{"class":"TSStatic","persistentId":"e6d3d68d-4a08-4407-8a1c-1948c52d624c","__parent":"lighthouse_rocks","position":[974.422852,-852.307495,139.020767],"annotation":"ROCK","isRenderEnabled":false,"rotationMatrix":[0.353257924,0.935525954,0,-0.935525954,0.353257924,0,0,0,1],"shapeName":"/levels/jungle_rock_island/art/shapes/rocks/pac_rock_large_1.dae","useInstanceRenderData":true}
{"class":"TSStatic","persistentId":"d4082a1a-8509-49b2-bf3b-c6d9beee09a5","__parent":"lighthouse_rocks","position":[974.410889,-850.891846,135.954483],"annotation":"ROCK","isRenderEnabled":false,"rotationMatrix":[1,0,0,0,0.654692709,0.755895138,0,-0.755895138,0.654692709],"shapeName":"/levels/jungle_rock_island/art/shapes/rocks/pac_rock_medium_1.dae","useInstanceRenderData":true}
{"class":"TSStatic","persistentId":"80f9e18b-fbff-48ba-95a8-6c8ef32157c6","__parent":"lighthouse_rocks","position":[974.929749,-850.641052,142.296082],"annotation":"ROCK","isRenderEnabled":false,"shapeName":"/levels/jungle_rock_island/art/shapes/rocks/pac_rock_medium_2.dae","useInstanceRenderData":true}
{"class":"TSStatic","persistentId":"25677d13-c987-46d5-9dcc-701d1f6d096a","__parent":"lighthouse_rocks","position":[974.469727,-852.011719,142.087296],"annotation":"ROCK","isRenderEnabled":false,"shapeName":"/levels/jungle_rock_island/art/shapes/rocks/pac_rock_medium_3.dae","useInstanceRenderData":true}
{"class":"TSStatic","persistentId":"8fad6094-753b-4f35-9794-a66504c6496d","__parent":"lighthouse_rocks","position":[975.093506,-853.169861,142.171371],"annotation":"ROCK","isRenderEnabled":false,"shapeName":"/levels/jungle_rock_island/art/shapes/rocks/pac_rock_small_1.dae","useInstanceRenderData":true}
{"class":"TSStatic","persistentId":"38f3f488-f409-454f-bca4-3d4587ed185c","__parent":"lighthouse_rocks","position":[974.788086,-851.703308,143.188812],"annotation":"ROCK","isRenderEnabled":false,"shapeName":"/levels/jungle_rock_island/art/shapes/rocks/pac_rock_small_1.dae","useInstanceRenderData":true}
{"class":"TSStatic","persistentId":"2fc7d58d-de40-49ab-a214-a55fab8adbe7","__parent":"lighthouse_rocks","position":[994.806335,-839.310059,131.781555],"annotation":"ROCK","isRenderEnabled":false,"rotationMatrix":[0.39411971,0.913936675,0.0968985856,-0.906901658,0.369646519,0.202214777,0.148993284,-0.167574301,0.974535644],"shapeName":"/levels/jungle_rock_island/art/shapes/rocks/pac_rock_large_1.dae","useInstanceRenderData":true}
{"class":"TSStatic","persistentId":"f9728a12-2457-4d1a-a00f-2344d53f3eaa","__parent":"lighthouse_rocks","position":[996.467651,-835.303284,132.687698],"annotation":"ROCK","isRenderEnabled":false,"rotationMatrix":[-0.0126728546,-0.995257854,-0.0964422598,0.997789145,-0.0188798625,0.0637217984,-0.0652404726,-0.0954214782,0.993296683],"shapeName":"/levels/jungle_rock_island/art/shapes/rocks/pac_rock_large_1.dae","useInstanceRenderData":true}
{"class":"TSStatic","persistentId":"1d809df6-6d6c-4ba1-925c-a7d97aa38321","__parent":"lighthouse_rocks","position":[996.93811,-837.865479,134.461166],"annotation":"ROCK","isRenderEnabled":false,"shapeName":"/levels/jungle_rock_island/art/shapes/rocks/pac_rock_small_1.dae","useInstanceRenderData":true}
{"class":"TSStatic","persistentId":"c68f0339-cfd5-4098-bba2-fc3dff95c760","__parent":"lighthouse_rocks","position":[995.107727,-832.60321,133.668549],"annotation":"ROCK","isRenderEnabled":false,"shapeName":"/levels/jungle_rock_island/art/shapes/rocks/pac_rock_large_2.dae","useInstanceRenderData":true}
{"class":"TSStatic","persistentId":"18e1808a-e85f-4fb2-a197-7fd7d035c8eb","__parent":"lighthouse_rocks","position":[994.41748,-834.296631,134.809464],"annotation":"ROCK","isRenderEnabled":false,"shapeName":"/levels/jungle_rock_island/art/shapes/rocks/pac_rock_medium_2.dae","useInstanceRenderData":true}
{"class":"TSStatic","persistentId":"d2b53110-cc85-4c5a-b45f-75ee17badd08","__parent":"lighthouse_rocks","position":[996.038391,-829.970947,130.082047],"annotation":"ROCK","isRenderEnabled":false,"shapeName":"/levels/jungle_rock_island/art/shapes/rocks/pac_rock_large_3.dae","useInstanceRenderData":true}
{"class":"TSStatic","persistentId":"620b89c6-a1ce-4981-8bc2-0bc0a1a4efe7","__parent":"lighthouse_rocks","position":[996.026123,-832.112122,131.040176],"annotation":"ROCK","isRenderEnabled":false,"rotationMatrix":[0.0373228677,-0.999303281,0,0.999303281,0.0373228677,0,0,0,1],"shapeName":"/levels/jungle_rock_island/art/shapes/rocks/pac_rock_large_4.dae","useInstanceRenderData":true}
{"class":"TSStatic","persistentId":"eef3f973-76eb-405a-84ad-98602efb7fea","__parent":"lighthouse_rocks","position":[995.124207,-827.458008,130.338287],"annotation":"ROCK","isRenderEnabled":false,"rotationMatrix":[0.275809973,-0.961212158,0,0.961212158,0.275809973,0,0,0,1],"shapeName":"/levels/jungle_rock_island/art/shapes/rocks/pac_rock_large_2.dae","useInstanceRenderData":true}
{"class":"TSStatic","persistentId":"92578c3e-cb44-4cf3-bc57-0871dfd644cf","__parent":"lighthouse_rocks","position":[994.049622,-825.35437,129.885635],"annotation":"ROCK","isRenderEnabled":false,"rotationMatrix":[0.649427414,0.760423601,0,-0.760423601,0.649427414,0,0,0,1],"shapeName":"/levels/jungle_rock_island/art/shapes/rocks/pac_rock_large_3.dae","useInstanceRenderData":true}
{"class":"TSStatic","persistentId":"4577a8e1-6dc9-49ff-a5db-c0e4231dad1b","__parent":"lighthouse_rocks","position":[990.634155,-836.90448,138.19603],"annotation":"ROCK","isRenderEnabled":false,"rotationMatrix":[0.223376572,0.892984927,-0.390743703,-0.972565651,0.23090066,-0.0282987431,0.0649526343,0.386345178,0.92006439],"shapeName":"/levels/jungle_rock_island/art/shapes/rocks/pac_rock_medium_flat.dae","useInstanceRenderData":true}
{"class":"TSStatic","persistentId":"724e951f-625e-4031-baef-cf5f5c6d7101","__parent":"lighthouse_rocks","position":[991.090881,-834.265808,136.771042],"annotation":"ROCK","isRenderEnabled":false,"rotationMatrix":[0.228187665,0.897700787,-0.37691319,0.92261523,-0.323026419,-0.21079579,-0.310984522,-0.299644887,-0.901943266],"shapeName":"/levels/jungle_rock_island/art/shapes/rocks/pac_rock_medium_flat.dae","useInstanceRenderData":true}
{"name":"pac_rock_wall_collection24","class":"Prefab","persistentId":"a75dbfa9-c9af-4187-9ad9-54a15fa18559","__parent":"lighthouse_rocks","position":[986.447388,-828.027344,136.363571],"annotation":"ROCK","filename":"/levels/jungle_rock_island/art/prefabs/pac_rock_wall_collection_1.prefab","rotationMatrix":[0.315637439,-0.948879898,2.65801702e-07,0.948879898,0.315637439,1.42937472e-06,-1.44020191e-06,-1.98950275e-07,1]}
{"class":"Prefab","persistentId":"852651fb-6a81-49cc-8d37-0e086a9703d9","__parent":"lighthouse_rocks","position":[984.37616,-821.571655,139.853394],"annotation":"ROCK","filename":"/levels/jungle_rock_island/art/prefabs/pac_rock_wall_collection_2.prefab","rotationMatrix":[0.461382657,0.887200296,0.00131268217,-0.887201011,0.461383045,-1.82054937e-05,-0.000621801242,-0.00115621334,0.999999166]}
{"class":"Prefab","persistentId":"4b09d96a-dae4-475f-bb10-ae9ff6cb89a1","__parent":"lighthouse_rocks","position":[985.083984,-837.090149,142.950287],"annotation":"ROCK","filename":"/levels/jungle_rock_island/art/prefabs/pac_rock_wall_collection_2.prefab","rotationMatrix":[-0.0814054534,0.996680439,0.00110175798,-0.996680856,-0.0814047009,-0.000713859161,-0.000621801242,-0.00115621334,0.999999166]}
{"class":"TSStatic","persistentId":"5655fbaa-b12e-466f-8feb-9937288356b9","__parent":"lighthouse_rocks","position":[964.410156,-846.211548,141.887589],"annotation":"ROCK","isRenderEnabled":false,"shapeName":"/levels/jungle_rock_island/art/shapes/rocks/pac_rock_medium_1.dae","useInstanceRenderData":true}
{"class":"TSStatic","persistentId":"591f4541-0bde-44cd-bacf-e3a38b146502","__parent":"lighthouse_rocks","position":[964.755249,-844.543762,141.44577],"annotation":"ROCK","isRenderEnabled":false,"rotationMatrix":[0.978989244,0.203911766,0,-0.203911766,0.978989244,0,0,0,1],"shapeName":"/levels/jungle_rock_island/art/shapes/rocks/pac_rock_medium_3.dae","useInstanceRenderData":true}
{"class":"TSStatic","persistentId":"4670dad7-3d5b-4e3b-8d08-2b2e7476b016","__parent":"lighthouse_rocks","position":[963.295593,-845.308655,141.201172],"annotation":"ROCK","isRenderEnabled":false,"rotationMatrix":[-0.869705915,0.493570328,0,-0.493570328,-0.869705915,0,0,0,1],"shapeName":"/levels/jungle_rock_island/art/shapes/rocks/pac_rock_small_1.dae","useInstanceRenderData":true}
{"class":"TSStatic","persistentId":"e3bbb77f-d3f1-4550-b506-4082fcecc383","__parent":"lighthouse_rocks","position":[986.557556,-847.226624,140.295349],"annotation":"ROCK","isRenderEnabled":false,"rotationMatrix":[0.52005887,0.792213798,-0.319274485,-0.791908085,0.587278366,0.167289317,0.320031881,0.165835753,0.932779789],"shapeName":"/levels/jungle_rock_island/art/shapes/rocks/pac_rock_large_1.dae","useInstanceRenderData":true}
{"class":"TSStatic","persistentId":"5bee7005-02ba-4e37-b8bd-5ffade8f1e04","__parent":"lighthouse_rocks","position":[984.145752,-849.751953,141.347412],"annotation":"ROCK","isRenderEnabled":false,"rotationMatrix":[-0.765037894,-0.601448655,0.230166718,0.61811024,-0.786091328,0.00036586076,0.180712,0.142548308,0.973151088],"shapeName":"/levels/jungle_rock_island/art/shapes/rocks/pac_rock_large_1.dae","useInstanceRenderData":true}
{"class":"TSStatic","persistentId":"1f919767-fd66-4b10-880e-1b04db1be669","__parent":"lighthouse_rocks","position":[981.41449,-850.78894,143.718872],"annotation":"ROCK","isRenderEnabled":false,"scale":[1.09397757,1.09397757,1.09397757],"shapeName":"/levels/jungle_rock_island/art/shapes/rocks/pac_rock_medium_flat.dae","useInstanceRenderData":true}
{"class":"TSStatic","persistentId":"70ac1bee-5ae8-4396-9f8d-a6ae5a6d21bd","__parent":"lighthouse_rocks","position":[977.734985,-850.530151,143.636948],"annotation":"ROCK","isRenderEnabled":false,"rotationMatrix":[-0.952701628,0.200993255,-0.22795029,0.201070994,0.979303598,0.0231311023,0.22788173,-0.0237971693,-0.97339803],"scale":[1.09397757,1.09397757,1.09397757],"shapeName":"/levels/jungle_rock_island/art/shapes/rocks/pac_rock_medium_flat.dae","useInstanceRenderData":true}
{"class":"TSStatic","persistentId":"980a9e78-24d4-4979-b0f9-e0684a89d0d8","__parent":"lighthouse_rocks","position":[983.913452,-847.924561,143.136932],"annotation":"ROCK","isRenderEnabled":false,"shapeName":"/levels/jungle_rock_island/art/shapes/rocks/pac_rock_small_1.dae","useInstanceRenderData":true}
{"class":"TSStatic","persistentId":"b4f4cdd0-ea96-49fd-8ae8-f3442d3fe4b0","__parent":"lighthouse_rocks","position":[982.399231,-848.604126,139.506241],"annotation":"ROCK","isRenderEnabled":false,"rotationMatrix":[1,0,0,0,0.941048861,0.338270724,0,-0.338270724,0.941048861],"shapeName":"/levels/jungle_rock_island/art/shapes/rocks/pac_rock_large_2.dae","useInstanceRenderData":true}
{"class":"TSStatic","persistentId":"be7dbd6a-7a05-42bb-a5a9-bace7a62082f","__parent":"lighthouse_rocks","position":[959.993591,-833.861816,143.728134],"annotation":"ROCK","isRenderEnabled":false,"rotationMatrix":[-0.81173867,-0.483412355,-0.327708483,0.509541154,-0.860417068,0.00708568096,-0.285391301,-0.161229223,0.944752336],"shapeName":"/levels/jungle_rock_island/art/shapes/rocks/pac_rock_large_3.dae","useInstanceRenderData":true}
