{"class":"DecalRoad","persistentId":"0d37f206-b15e-41b1-95e2-2937f2321688","__parent":"Airfield_zone","position":[721.063171,-594.786987,159.997559],"distanceFade":[200,150],"improvedSpline":true,"material":"eca_asphalt","nodes":[[721.063171,-594.786987,159.997559,9.5],[645.081482,-502.887695,159.997559,9.5],[627.130554,-481.105988,159.991455,9.5],[539.17749,-371.983643,159.988403,9.5],[421.908142,-226.934601,159.992218,9.5]],"renderPriority":12,"textureLength":16}
{"class":"DecalRoad","persistentId":"c2606e4f-3606-43d5-8631-2ff7709dc393","__parent":"Airfield_zone","position":[523.00354,-347.498505,159.994522],"distanceFade":[200,150],"improvedSpline":true,"material":"tread_marks_damaged_03","nodes":[[523.00354,-347.498505,159.994522,4],[518.693176,-342.30191,159.995697,4]],"renderPriority":12,"startEndFade":[2,2],"textureLength":16}
{"class":"DecalRoad","persistentId":"c6ccb52d-8464-4318-9550-b8439d9915ff","__parent":"Airfield_zone","position":[516.377991,-339.534943,159.994034],"distanceFade":[200,150],"improvedSpline":true,"material":"tread_marks_damaged_03","nodes":[[516.377991,-339.534943,159.994034,4],[503.504425,-323.831146,159.996048,4]],"renderPriority":12,"startEndFade":[2,2],"textureLength":16}
{"class":"DecalRoad","persistentId":"7f7be5e5-ac73-4c52-865e-0c901814ae95","__parent":"Airfield_zone","position":[409.758789,-210.29541,159.997559],"distanceFade":[150,50],"improvedSpline":true,"material":"AsphaltRoad_variation_01","nodes":[[409.758789,-210.29541,159.997559,5.9333334],[392.732178,-193.478699,159.993042,5.9333334],[377.398865,-186.359589,159.997559,5.9333334],[370.795868,-175.959167,159.997559,5.9333334],[364.614655,-163.350922,159.997559,5.9333334],[354.788513,-152.322281,159.952698,5.9333334],[347.914062,-148.267212,160.003662,5.9333334],[337.424042,-150.652039,159.97644,5.9333334],[325.175201,-160.615067,159.879883,5.9333334]],"renderPriority":3,"speedLimit":"10","startEndFade":[5,5],"textureLength":56}
{"class":"DecalRoad","persistentId":"89bf26d9-b906-4edb-a080-c6f70ccf1c0b","__parent":"Airfield_zone","position":[354.329132,-153.63739,159.99411],"distanceFade":[150,50],"improvedSpline":true,"material":"AsphaltRoad_variation_01","nodes":[[354.329132,-153.63739,159.99411,5.9333334],[358.519653,-162.747925,159.997559,5.9333334],[358.17453,-169.752991,159.997559,5.9333334],[352.799652,-179.957489,159.997559,5.9333334]],"renderPriority":3,"startEndFade":[5,5],"textureLength":56}
{"class":"DecalRoad","persistentId":"7c24b37c-9dff-4c74-b675-bdbe960c2d78","__parent":"Airfield_zone","position":[814.428772,-665.02533,159.157074],"distanceFade":[150,50],"improvedSpline":true,"material":"tread_marks_damaged_03","nodes":[[814.428772,-665.02533,159.157074,8],[787.776001,-633.332947,159.983322,4.0999999]],"renderPriority":12,"startEndFade":[2,2],"textureLength":16}
{"class":"DecalRoad","persistentId":"dd6c3920-ac31-4d25-813e-4d11ea261fb7","__parent":"Airfield_zone","position":[381.048004,-135.036575,159.997711],"distanceFade":[150,50],"improvedSpline":true,"material":"eca_asphalt","nodes":[[381.048004,-135.036575,159.997711,6],[644.086853,-459.145538,159.997559,6],[692.669128,-518.59613,159.997559,6],[803.231323,-655.468262,159.518555,6],[830.703064,-689.654236,157.450806,6],[850.034302,-713.273132,156.697815,6],[860.468384,-726.272217,157.276871,6]],"renderPriority":12,"startEndFade":[2,2],"textureLength":3}
{"class":"DecalRoad","persistentId":"767b7328-87d6-422c-8ca2-ea877142cd98","__parent":"Airfield_zone","position":[825.860046,-720.189209,155.632782],"distanceFade":[200,150],"improvedSpline":true,"material":"eca_asphalt","nodes":[[825.860046,-720.189209,155.632782,7.5],[792.133057,-680.77417,157.779144,9.5],[721.025818,-594.777588,159.997559,9.5]],"renderPriority":12,"startEndFade":[2,0],"textureLength":16}
{"class":"DecalRoad","persistentId":"497c7810-3429-483c-8704-3488769badac","__parent":"Airfield_zone","position":[537.658447,-365.609833,159.994659],"distanceFade":[200,150],"improvedSpline":true,"material":"tread_marks_damaged_03","nodes":[[537.658447,-365.609833,159.994659,4],[524.552612,-349.650513,159.994202,4]],"renderPriority":12,"startEndFade":[2,2],"textureLength":16}
{"class":"DecalRoad","persistentId":"2774afea-c1b2-40cd-98be-aeee6bd1ef98","__parent":"Airfield_zone","position":[500.962616,-320.685181,159.997437],"distanceFade":[200,150],"improvedSpline":true,"material":"tread_marks_damaged_03","nodes":[[500.962616,-320.685181,159.997437,4],[475.024475,-288.945953,159.997559,4]],"renderPriority":12,"startEndFade":[2,2],"textureLength":16}
{"class":"DecalRoad","persistentId":"f229b032-f835-4fb6-bd44-3a75ae2890c9","__parent":"Airfield_zone","position":[468.636963,-280.965576,159.997559],"distanceFade":[200,150],"improvedSpline":true,"material":"tread_marks_damaged_03","nodes":[[468.636963,-280.965576,159.997559,4],[419.234344,-220.558395,159.997559,4]],"renderPriority":12,"startEndFade":[2,2],"textureLength":16}
{"class":"DecalRoad","persistentId":"323e36c4-8a56-443d-966b-8c90e7796e45","__parent":"Airfield_zone","position":[586.366638,-385.833618,159.997559],"distanceFade":[200,120],"improvedSpline":true,"material":"tread_marks_damaged_03","nodes":[[586.366638,-385.833618,159.997559,4.0999999],[413.109558,-170.731049,159.96637,4.0999999]],"renderPriority":12,"startEndFade":[2,2],"textureLength":16}
{"class":"DecalRoad","persistentId":"38e574c7-6b07-4ede-a7ac-8e7ffdaf3b8b","__parent":"Airfield_zone","position":[720.16272,-550.234558,159.997559],"distanceFade":[200,120],"improvedSpline":true,"material":"tread_marks_damaged_03","nodes":[[720.16272,-550.234558,159.997559,4.0999999],[587.885071,-387.637543,159.997559,4.0999999]],"renderPriority":12,"startEndFade":[2,2],"textureLength":16}
{"class":"DecalRoad","persistentId":"3f8d6576-9f51-4b2a-8a79-3c4f27a7900a","__parent":"Airfield_zone","position":[785.098755,-630.088379,159.99118],"distanceFade":[200,120],"improvedSpline":true,"material":"tread_marks_damaged_03","nodes":[[785.098755,-630.088379,159.99118,4.0999999],[722.328979,-552.86084,159.997559,4.0999999]],"renderPriority":12,"startEndFade":[2,2],"textureLength":16}
{"class":"DecalRoad","persistentId":"6e4a8150-7ab2-4c6b-b63d-a893decbf878","__parent":"Airfield_zone","position":[783.940857,-634.106201,159.975723],"distanceFade":[150,50],"improvedSpline":true,"material":"tread_marks_damaged_03","nodes":[[783.940857,-634.106201,159.975723,4.0999999],[807.343994,-662.896973,159.161438,4.0999999]],"renderPriority":12,"startEndFade":[2,2],"textureLength":16}
{"class":"DecalRoad","persistentId":"6f7d7c81-4503-4911-adfb-01b267601221","__parent":"Airfield_zone","position":[592.220093,-411.897461,159.997559],"distanceFade":[200,150],"improvedSpline":true,"material":"tread_marks_clean","nodes":[[592.220093,-411.897461,159.997559,4],[623.279785,-448.993225,159.997559,4]],"renderPriority":12,"startEndFade":[20,20],"textureLength":18}
{"class":"DecalRoad","persistentId":"3fa33245-baa7-4bd7-aed7-42584f5ade5a","__parent":"Airfield_zone","position":[584.85437,-419.309937,159.997559],"distanceFade":[200,150],"improvedSpline":true,"material":"tread_marks_clean","nodes":[[584.85437,-419.309937,159.997559,4],[608.306641,-448.805389,159.997559,4]],"renderPriority":12,"startEndFade":[20,20],"textureLength":18}
{"class":"DecalRoad","persistentId":"f29f5c01-fb12-4b7b-9dd3-fcf9b8b1fe80","__parent":"Airfield_zone","position":[582.484619,-403.892792,159.997559],"distanceFade":[200,150],"improvedSpline":true,"material":"tread_marks_clean","nodes":[[582.484619,-403.892792,159.997559,4],[503.923828,-307.364716,159.997559,4]],"renderPriority":12,"startEndFade":[20,20],"textureLength":18}
{"class":"DecalRoad","persistentId":"82d4aeb7-cd44-4119-b187-229853e2a3b6","__parent":"Airfield_zone","position":[494.571503,-291.679443,159.997559],"distanceFade":[200,150],"improvedSpline":true,"material":"tread_marks_clean","nodes":[[494.571503,-291.679443,159.997559,4],[540.369568,-347.505463,159.997559,4]],"renderPriority":12,"startEndFade":[20,20],"textureLength":18}
{"class":"DecalRoad","persistentId":"45a50fe0-a583-4f2d-96c2-ee0c70d6a856","__parent":"Airfield_zone","position":[549.101013,-343.462494,159.997559],"distanceFade":[200,150],"improvedSpline":true,"material":"tread_marks_clean","nodes":[[549.101013,-343.462494,159.997559,4],[496.790039,-283.060211,159.997559,4]],"renderPriority":12,"startEndFade":[20,20],"textureLength":18}
{"class":"DecalRoad","persistentId":"6076ef00-070d-44ba-883c-0714f2d6e51a","__parent":"Airfield_zone","position":[704.633423,-567.029785,159.997559],"distanceFade":[200,150],"improvedSpline":true,"material":"tread_marks_clean","nodes":[[704.633423,-567.029785,159.997559,4],[753.920349,-627.221558,159.997559,4]],"renderPriority":12,"startEndFade":[20,20],"textureLength":18}
{"class":"DecalRoad","persistentId":"f43ebfc2-0d75-4df6-bb18-c7423be8b764","__parent":"Airfield_zone","position":[762.988281,-602.87915,159.997559],"distanceFade":[200,150],"improvedSpline":true,"material":"tread_marks_clean","nodes":[[762.988281,-602.87915,159.997559,4],[725.540771,-557.940491,159.997559,4],[712.280518,-544.867737,159.997559,4],[692.717896,-529.186218,159.997559,4]],"renderPriority":12,"startEndFade":[20,20],"textureLength":18}
{"class":"DecalRoad","persistentId":"b2bc7b1c-8f1f-4039-b2f9-67faf11b8792","__parent":"Airfield_zone","position":[723.799561,-568.459045,159.997559],"distanceFade":[200,150],"improvedSpline":true,"material":"tread_marks_clean","nodes":[[723.799561,-568.459045,159.997559,4],[769.424744,-623.962402,160.000488,4]],"renderPriority":12,"startEndFade":[20,20],"textureLength":18}
{"class":"DecalRoad","persistentId":"351d6dc8-80f8-4729-9d12-f39dba612f33","__parent":"Airfield_zone","position":[359.158539,-191.79155,160.076035],"distanceFade":[150,50],"improvedSpline":true,"material":"AsphaltRoad_damage_large_cracks_decal","nodes":[[359.158539,-191.79155,160.076035,2],[351.130035,-202.004333,160.07518,2]],"overObjects":true,"renderPriority":4,"startEndFade":[2,2],"textureLength":8}
{"class":"DecalRoad","persistentId":"3f62795e-ee5e-439c-89d5-b5b77f966079","__parent":"Airfield_zone","position":[351.004486,-205.809128,160.075012],"distanceFade":[150,50],"improvedSpline":true,"material":"AsphaltRoad_damage_large_cracks_decal","nodes":[[351.004486,-205.809128,160.075012,2],[344.905579,-198.562759,160.075027,2]],"overObjects":true,"renderPriority":4,"startEndFade":[2,2],"textureLength":8}
{"class":"TSStatic","persistentId":"a84d42bb-c333-4470-8bf8-ede1764fba9c","__parent":"Airfield_zone","position":[362.116608,-184.363602,159.8992],"collisionType":"Visible Mesh Final","isRenderEnabled":false,"rotationMatrix":[0.630649328,-0.776067555,0,0.776067555,0.630649328,0,0,0,1],"shapeName":"/levels/jungle_rock_island/art/shapes/buildings/m8_marston_mat_test.dae","useInstanceRenderData":true}
{"class":"TSStatic","persistentId":"0e3c32fe-9a1b-4bc5-a6fc-6d614e2d66a5","__parent":"Airfield_zone","position":[346.711121,-165.467636,159.8992],"collisionType":"Visible Mesh Final","isRenderEnabled":false,"rotationMatrix":[0.630649328,-0.776067555,0,0.776067555,0.630649328,0,0,0,1],"shapeName":"/levels/jungle_rock_island/art/shapes/buildings/m8_marston_mat_test.dae","useInstanceRenderData":true}
{"class":"TSStatic","persistentId":"144f5cbe-df48-4fdb-92bc-0e6e9cdff56c","__parent":"Airfield_zone","position":[371.845245,-172.590271,159.8992],"collisionType":"Visible Mesh Final","isRenderEnabled":false,"rotationMatrix":[-0.630649507,0.776067317,0,-0.776067317,-0.630649507,0,0,0,1],"shapeName":"/levels/jungle_rock_island/art/shapes/buildings/m8_marston_mat_test.dae","useInstanceRenderData":true}
{"class":"TSStatic","persistentId":"daadfd54-d5c1-4093-8084-0ee7885e549b","__parent":"Airfield_zone","position":[371.905029,-176.471817,159.8992],"collisionType":"Visible Mesh Final","isRenderEnabled":false,"rotationMatrix":[0.636153817,-0.771561742,0,0.771561742,0.636153817,0,0,0,1],"scale":[1,1.3104372,1],"shapeName":"/levels/jungle_rock_island/art/shapes/buildings/m8_marston_mat_test.dae","useInstanceRenderData":true}
{"class":"TSStatic","persistentId":"48b3c5dc-8475-47e7-94ed-c918b403a929","__parent":"Airfield_zone","position":[847.444275,-611.753479,161.619385],"isRenderEnabled":false,"rotationMatrix":[0.182179838,0.983265221,0,-0.983265221,0.182179838,0,0,0,1],"shapeName":"/levels/jungle_rock_island/art/shapes/buildings/jri_bld_bunker_circle.DAE","useInstanceRenderData":true}
{"class":"TSStatic","persistentId":"9a1fe2c6-ef05-49e8-8af1-3905ecaded79","__parent":"Airfield_zone","position":[847.797729,-611.605225,162.517349],"isRenderEnabled":false,"rotationMatrix":[-0.598946393,-0.800789177,0,0.800789177,-0.598946393,0,0,0,1],"shapeName":"/levels/jungle_rock_island/art/shapes/buildings/jri_cannon_bunker.DAE","useInstanceRenderData":true}
{"class":"TSStatic","persistentId":"9977a9b3-a13c-4762-b87f-d3d997bf1f04","__parent":"Airfield_zone","position":[-3.19827795,-330.09201,130.669098],"annotation":"OBSTACLES","isRenderEnabled":false,"rotationMatrix":[0.182179838,0.983265221,0,-0.983265221,0.182179838,0,0,0,1],"shapeName":"/levels/jungle_rock_island/art/shapes/buildings/jri_bld_bunker_circle.DAE","useInstanceRenderData":true}
{"class":"TSStatic","persistentId":"16f41a29-1a7e-4881-ba1a-9d7c541a0c3d","__parent":"Airfield_zone","position":[-2.72549939,-330.201385,131.045029],"annotation":"OBSTACLES","isRenderEnabled":false,"rotationMatrix":[0.505217493,0.862992048,0,-0.862992048,0.505217493,0,0,0,1],"shapeName":"/levels/jungle_rock_island/art/shapes/buildings/jri_cannon_bunker.DAE","useInstanceRenderData":true}
{"class":"TSStatic","persistentId":"64919b35-d6be-4891-9b8c-fe28044e6877","__parent":"Airfield_zone","position":[926.791077,-557.144287,131.593628],"annotation":"OBSTACLES","isRenderEnabled":false,"rotationMatrix":[0.0695967823,-0.997477472,-0.0139755439,0.982997239,0.0661866963,0.171277612,-0.169920534,-0.0256583001,0.985123694],"shapeName":"/levels/jungle_rock_island/art/shapes/buildings/jri_cannon.DAE","useInstanceRenderData":true}
{"name":"pac_rock_wall_collection204","class":"Prefab","persistentId":"f59e9835-239f-462f-ae46-e21ab1fa30bc","__parent":"Airfield_zone","position":[922.005249,-556.451965,133.000549],"annotation":"ROCK","filename":"/levels/jungle_rock_island/art/prefabs/pac_rock_wall_collection_2.prefab","rotationMatrix":[-0.00959378853,0.988092065,-0.15356341,-0.605419099,-0.127964139,-0.785552263,-0.795848846,0.0854338109,0.599437475],"scale":[2.04457664,2.04457664,2.04457664]}
{"name":"pac_rock_wall_collection224","class":"Prefab","persistentId":"4cc0af4b-9621-422c-b098-c2f6ef9bbc6a","__parent":"Airfield_zone","position":[921.20697,-537.637573,132.615143],"annotation":"ROCK","filename":"/levels/jungle_rock_island/art/prefabs/pac_rock_wall_collection_2.prefab","rotationMatrix":[-0.0581848025,0.988258243,-0.1412763,-0.606927693,-0.147377282,-0.780972302,-0.792623878,0.0403038338,0.60837692],"scale":[2.04457664,2.04457664,2.04457664]}
{"class":"TSStatic","persistentId":"807f96e7-a336-4224-908b-6651384a4d9a","__parent":"Airfield_zone","position":[929.874878,-563.533142,129.2146],"annotation":"ROCK","isRenderEnabled":false,"rotationMatrix":[-0.00356225646,0.999984205,-0.00437530549,-0.631363928,-0.00564207137,-0.775466323,-0.775478601,0,0.631373882],"scale":[2.26119757,2.26119757,2.26119757],"shapeName":"/levels/jungle_rock_island/art/shapes/rocks/pac_rock_large_1.dae","useInstanceRenderData":true}
{"class":"TSStatic","persistentId":"dcd420e6-ad70-460e-b2ba-bc335261767a","__parent":"Airfield_zone","position":[922.162903,-558.556641,135.203583],"annotation":"ROCK","isRenderEnabled":false,"rotationMatrix":[0.133418754,-0.988823771,0.0665375441,0.425704509,0.117808461,0.897160649,-0.894972265,-0.0913726762,0.436664581],"scale":[2.26119757,2.26119757,2.26119757],"shapeName":"/levels/jungle_rock_island/art/shapes/rocks/pac_rock_large_1.dae","useInstanceRenderData":true}
{"class":"TSStatic","persistentId":"223d5c5a-5f78-4475-b9ed-efcda6fce5e8","__parent":"Airfield_zone","position":[926.667053,-552.681519,128.126129],"annotation":"ROCK","isRenderEnabled":false,"rotationMatrix":[-0.631111503,-0.127346337,0.765167773,-0.141038477,0.988828361,0.0482412651,-0.762762427,-0.0774724185,-0.642021477],"scale":[2.26119757,2.26119757,2.26119757],"shapeName":"/levels/jungle_rock_island/art/shapes/rocks/pac_rock_large_1.dae","useInstanceRenderData":true}
{"class":"TSStatic","persistentId":"6ae8b74d-9ce1-4145-a6a7-70122fc9d7ca","__parent":"Airfield_zone","position":[256.331787,-527.652954,128.46701],"isRenderEnabled":false,"rotationMatrix":[0.816944897,-0.5722543,0.0715985969,0.567058384,0.819674969,0.0811056867,-0.105100647,-0.0256583001,0.994130552],"shapeName":"/levels/jungle_rock_island/art/shapes/buildings/jri_cannon.DAE","useInstanceRenderData":true}
{"class":"TSStatic","persistentId":"bbacc901-9c11-41f1-946a-b5e0896a8f56","__parent":"Airfield_zone","position":[264.02063,-527.850159,127.672501],"annotation":"ROCK","isRenderEnabled":false,"rotationMatrix":[0.996772885,0.0602551997,-0.0530374423,-0.0602753758,0.998181224,0.00122256344,0.0530146174,0.00197821669,0.998591781],"scale":[1.93887973,1.93887973,1.93887973],"shapeName":"/levels/jungle_rock_island/art/shapes/rocks/pac_rock_large_1.dae","useInstanceRenderData":true}
{"class":"TSStatic","persistentId":"c0419cf0-52f8-408d-ad36-03f8ce413f19","__parent":"Airfield_zone","position":[252.137039,-524.81958,126.497337],"annotation":"ROCK","isRenderEnabled":false,"rotationMatrix":[0.821232498,0.568434477,0.0495928936,-0.568264365,0.822630644,-0.0188416988,-0.0515068881,-0.0127084358,0.998591781],"scale":[1.93887973,1.93887973,1.93887973],"shapeName":"/levels/jungle_rock_island/art/shapes/rocks/pac_rock_large_1.dae","useInstanceRenderData":true}
{"class":"TSStatic","persistentId":"dc25fe49-01c5-4b29-8626-67907b1ba44c","__parent":"Airfield_zone","position":[255.785187,-529.707336,132.429214],"annotation":"ROCK","isRenderEnabled":false,"rotationMatrix":[-0.907935321,0.404378176,0.11014691,-0.0462904125,0.164447963,-0.985299051,-0.416546643,-0.899686158,-0.130589306],"scale":[1.93887973,1.93887973,1.93887973],"shapeName":"/levels/jungle_rock_island/art/shapes/rocks/pac_rock_large_1.dae","useInstanceRenderData":true}
{"class":"TSStatic","persistentId":"6b10d5e8-4a02-4d40-8acf-b93922817fcc","__parent":"Airfield_zone","position":[262.110016,-530.241943,128.277771],"annotation":"ROCK","isRenderEnabled":false,"rotationMatrix":[0.388648272,0.91854012,-0.0723686814,0.920499682,-0.390519559,-0.0132303052,-0.0404139161,-0.061473459,-0.997290075],"scale":[1.93887973,1.93887973,1.93887973],"shapeName":"/levels/jungle_rock_island/art/shapes/rocks/pac_rock_large_1.dae","useInstanceRenderData":true}
{"class":"TSStatic","persistentId":"0a779db4-ba95-40fd-9479-dfc7c3b03e43","__parent":"Airfield_zone","position":[260.19931,-535.083923,129.672104],"annotation":"ROCK","isRenderEnabled":false,"rotationMatrix":[-0.764324069,-0.249532565,0.594594121,-0.643692434,0.350057155,-0.680529058,-0.0383277163,-0.902880311,-0.428179413],"scale":[2.04499578,2.04499578,2.04499578],"shapeName":"/levels/jungle_rock_island/art/shapes/rocks/pac_rock_large_1.dae","useInstanceRenderData":true}
{"name":"pac_rock_wall_collection180","class":"Prefab","persistentId":"8be519fc-1da4-4b05-bb4a-1dda5cd85e21","__parent":"Airfield_zone","position":[250.175262,-539.694275,126.960754],"annotation":"ROCK","filename":"/levels/jungle_rock_island/art/prefabs/pac_rock_wall_collection_2.prefab","rotationMatrix":[0.989383042,-0.14155826,-0.0329011269,-0.0399519987,-0.482587278,0.874936163,-0.139732122,-0.864332616,-0.48311919],"scale":[2.04457664,2.04457664,2.04457664]}
{"class":"TSStatic","persistentId":"3d583b75-df14-4c6f-b2b0-01236613f8a3","__parent":"Airfield_zone","position":[-29.5770779,-329.529327,136.792969],"annotation":"BUILDINGS","isRenderEnabled":false,"rotationMatrix":[-0.594173908,-0.804336429,0,0.804336429,-0.594173908,0,0,0,1],"shapeName":"/levels/jungle_rock_island/art/shapes/buildings/jri_bld_bunker_a.DAE","useInstanceRenderData":true}
{"class":"TSStatic","persistentId":"b0143ddf-a8f8-4200-8e71-6c693b1927c2","__parent":"Airfield_zone","position":[509.37262,-885.751282,141.376633],"annotation":"ROCK","isRenderEnabled":false,"rotationMatrix":[-0.861042917,-0.507822514,0.0268493183,-0.504714191,0.859844267,0.0770131797,-0.0621953122,0.0527604185,-0.996668577],"scale":[1.93887973,1.93887973,1.93887973],"shapeName":"/levels/jungle_rock_island/art/shapes/rocks/pac_rock_large_1.dae","useInstanceRenderData":true}
{"class":"TSStatic","persistentId":"987141fc-b7bc-4ed0-9f86-cf7253686d48","__parent":"Airfield_zone","position":[936.733459,-780.015076,140.769928],"annotation":"ROCK","isRenderEnabled":false,"rotationMatrix":[0.124079555,0.99074775,-0.0549799204,0.990665078,-0.126840532,-0.0499395505,-0.0564511828,-0.0482702106,-0.997237802],"shapeName":"/levels/jungle_rock_island/art/shapes/rocks/pac_rock_large_1.dae","useInstanceRenderData":true}
{"class":"TSStatic","persistentId":"3bc4aa66-8173-4972-af65-aae9f321f923","__parent":"Airfield_zone","position":[935.87085,-782.157837,140.546616],"annotation":"ROCK","isRenderEnabled":false,"rotationMatrix":[-0.819387674,0.572323859,0.0323892683,0.572830915,0.819628477,0.00856933463,-0.0216427296,0.0255751833,-0.999438524],"shapeName":"/levels/jungle_rock_island/art/shapes/rocks/pac_rock_large_1.dae","useInstanceRenderData":true}
{"class":"TSStatic","persistentId":"df88f132-4314-4ad1-805d-daf10041758d","__parent":"Airfield_zone","position":[934.078125,-783.176819,138.620544],"annotation":"ROCK","isRenderEnabled":false,"rotationMatrix":[0.92785722,0.372935593,0,-0.372935593,0.92785722,0,0,0,1],"scale":[1.68454576,1.68454576,1.68454576],"shapeName":"/levels/jungle_rock_island/art/shapes/rocks/pac_rock_large_1.dae","useInstanceRenderData":true}
{"class":"TSStatic","persistentId":"8f7a7110-67fa-47bd-812d-d5361ea4141e","__parent":"Airfield_zone","position":[934.59845,-779.118835,143.350769],"annotation":"ROCK","isRenderEnabled":false,"rotationMatrix":[-0.0136053693,-0.00546843465,-0.999892473,-0.929736435,0.368071914,0.0106377751,0.367974132,0.929781199,-0.0100919576],"scale":[1.68454576,1.68454576,1.68454576],"shapeName":"/levels/jungle_rock_island/art/shapes/rocks/pac_rock_large_1.dae","useInstanceRenderData":true}
{"class":"TSStatic","persistentId":"7ef7aa96-10fc-4d17-8497-b148a594d15a","__parent":"Airfield_zone","position":[930.783752,-783.8927,142.774277],"annotation":"ROCK","isRenderEnabled":false,"rotationMatrix":[0.35635379,0.934351087,0,-0.934351087,0.35635379,0,0,0,1],"scale":[1.66022062,1.66022062,1.66022062],"shapeName":"/levels/jungle_rock_island/art/shapes/rocks/pac_rock_large_1.dae","useInstanceRenderData":true}
{"class":"TSStatic","persistentId":"d90d1981-82e7-4853-b901-8876951e6d0a","__parent":"Airfield_zone","position":[929.989685,-777.016052,143.954071],"annotation":"ROCK","isRenderEnabled":false,"rotationMatrix":[-0.419718027,-0.858145714,-0.295673341,0.0149581134,0.319171458,-0.947578967,0.907531321,-0.40213865,-0.121125787],"scale":[1.68454576,1.68454576,1.68454576],"shapeName":"/levels/jungle_rock_island/art/shapes/rocks/pac_rock_large_1.dae","useInstanceRenderData":true}
{"class":"TSStatic","persistentId":"35e121e8-442f-4fba-8b7a-b59e3323d689","__parent":"Airfield_zone","position":[925.859497,-783.688049,140.581619],"annotation":"ROCK","isRenderEnabled":false,"rotationMatrix":[0.997290313,-0.0735661387,0,0.0686042607,0.93002516,-0.361035466,0.0265599843,0.360057175,0.932552099],"scale":[1.66022062,1.66022062,1.66022062],"shapeName":"/levels/jungle_rock_island/art/shapes/rocks/pac_rock_large_1.dae","useInstanceRenderData":true}
{"class":"TSStatic","persistentId":"7c4aa01e-0a8b-4f1b-9786-37109063d31d","__parent":"Airfield_zone","position":[250.354507,-760.424133,133.917587],"annotation":"BUILDINGS","isRenderEnabled":false,"rotationMatrix":[0.3775585,0.925985813,0,-0.925985813,0.3775585,0,0,0,1],"shapeName":"/levels/jungle_rock_island/art/shapes/buildings/jri_bld_bunker_c.DAE","useInstanceRenderData":true}
{"class":"TSStatic","persistentId":"deecf284-0140-4e96-b91a-73f7b6dd3656","__parent":"Airfield_zone","position":[339.279205,-580.564819,132.068375],"annotation":"BUILDINGS","isRenderEnabled":false,"rotationMatrix":[0.401503861,-0.915857315,0,0.915857315,0.401503861,0,0,0,1],"shapeName":"/levels/jungle_rock_island/art/shapes/buildings/jri_bld_bunker_a.DAE","useInstanceRenderData":true}
{"class":"TSStatic","persistentId":"1dc6556a-39e7-425a-8e90-0897164471e0","__parent":"Airfield_zone","position":[-33.8992844,-532.915466,130.460556],"annotation":"BUILDINGS","isRenderEnabled":false,"rotationMatrix":[0.638945758,0.769251823,0,-0.769251823,0.638945758,0,0,0,1],"shapeName":"/levels/jungle_rock_island/art/shapes/buildings/jri_bld_bunker_a.DAE","useInstanceRenderData":true}
{"class":"TSStatic","persistentId":"d136223b-5bd9-4905-bef1-63fc0af10a3b","__parent":"Airfield_zone","position":[935.585815,-779.746948,142.678604],"annotation":"BUILDINGS","isRenderEnabled":false,"rotationMatrix":[-0.941517651,-0.336962402,0,0.336962402,-0.941517651,0,0,0,1],"shapeName":"/levels/jungle_rock_island/art/shapes/buildings/jri_bld_bunker_b.DAE","useInstanceRenderData":true}
{"class":"TSStatic","persistentId":"9c9d150d-6189-434e-b3aa-18d5a91f80d1","__parent":"Airfield_zone","position":[511.665588,-883.788208,139.5439],"annotation":"BUILDINGS","isRenderEnabled":false,"rotationMatrix":[-0.649369001,-0.760472894,0,0.760472894,-0.649369001,0,0,0,1],"shapeName":"/levels/jungle_rock_island/art/shapes/buildings/jri_bld_bunker_b.DAE","useInstanceRenderData":true}
{"class":"TSStatic","persistentId":"ccdb5aac-820a-4cae-86d2-ed80896e8c53","__parent":"Airfield_zone","position":[512.412781,-886.255981,135.179504],"annotation":"ROCK","isRenderEnabled":false,"rotationMatrix":[-0.16670005,-0.984799743,-0.0487896353,-0.985978782,0.166112497,0.0158874802,-0.00754141994,0.0507539921,-0.998682737],"scale":[1.93887973,1.93887973,1.93887973],"shapeName":"/levels/jungle_rock_island/art/shapes/rocks/pac_rock_large_1.dae","useInstanceRenderData":true}
{"class":"TSStatic","persistentId":"8f40f01d-fd8d-49bb-9338-8db2b2141825","__parent":"Airfield_zone","position":[349.593109,-204.017212,160.071671],"annotation":"OBSTACLES","isRenderEnabled":false,"rotationMatrix":[-0.462941825,-0.886388481,0,0.886388481,-0.462941825,0,0,0,1],"shapeName":"/levels/jungle_rock_island/art/shapes/buildings/ind_metal_scraps_b.DAE","useInstanceRenderData":true}
{"class":"TSStatic","persistentId":"ab99922d-5bdf-4cce-b6d5-1abbe806462d","__parent":"Airfield_zone","position":[354.493195,-201.01442,160.075378],"annotation":"OBSTACLES","isRenderEnabled":false,"shapeName":"/levels/jungle_rock_island/art/shapes/buildings/ind_metal_scraps_c.DAE","useInstanceRenderData":true}
{"class":"DecalRoad","persistentId":"78c20e84-f004-4c6d-906d-bd727a118502","__parent":"Airfield_zone","position":[438.010223,-200.377441,159.998306],"annotation":"OBSTACLES","distanceFade":[150,50],"improvedSpline":true,"material":"base_debris_edge","nodes":[[438.010223,-200.377441,159.998306,0.699999988],[440.60083,-198.282272,159.99353,0.699999988],[444.546448,-194.019135,159.997559,0.699999988]],"renderPriority":2,"startEndFade":[1,1],"textureLength":2.79999995}
{"class":"TSStatic","persistentId":"1cd196f2-16b0-49f0-80a6-a87b4ca2a45f","__parent":"Airfield_zone","position":[351.682831,-205.287033,160.100159],"annotation":"OBSTACLES","isRenderEnabled":false,"rotationMatrix":[0.676057935,-0.736848474,0,0.736848474,0.676057935,0,0,0,1],"shapeName":"/levels/jungle_rock_island/art/shapes/buildings/industrial_clutters/ind_rack_s.DAE","useInstanceRenderData":true}
{"class":"TSStatic","persistentId":"88d79ced-d724-4d80-906f-e89982816dcd","__parent":"Airfield_zone","position":[353.442017,-203.73555,160.073349],"annotation":"OBSTACLES","isRenderEnabled":false,"rotationMatrix":[0.676057935,-0.736848474,0,0.736848474,0.676057935,0,0,0,1],"shapeName":"/levels/jungle_rock_island/art/shapes/buildings/industrial_clutters/ind_rack_s.DAE","useInstanceRenderData":true}
{"class":"TSStatic","persistentId":"5b466c88-5c85-4910-ad9c-b5b5c96da318","__parent":"Airfield_zone","position":[327.094025,-199.311005,160.075104],"annotation":"OBSTACLES","isRenderEnabled":false,"rotationMatrix":[0.737101614,0.675781965,0,-0.675781965,0.737101614,0,0,0,1],"shapeName":"/levels/jungle_rock_island/art/shapes/buildings/industrial_clutters/ind_rack_c.DAE","useInstanceRenderData":true}
{"class":"TSStatic","persistentId":"4ccd08b5-feae-4bff-aa05-3b5136993739","__parent":"Airfield_zone","position":[343.585846,-205.228928,160.07518],"annotation":"OBSTACLES","isRenderEnabled":false,"rotationMatrix":[-0.686235607,0.727379322,0,-0.727379322,-0.686235607,0,0,0,1],"shapeName":"/levels/jungle_rock_island/art/shapes/buildings/industrial_clutters/metal_drum_old_b.DAE","useInstanceRenderData":true}
{"class":"TSStatic","persistentId":"47510bca-a2f3-44c9-8312-26a031dd247b","__parent":"Airfield_zone","position":[342.000397,-205.063446,160.07518],"annotation":"OBSTACLES","isRenderEnabled":false,"rotationMatrix":[-0.419562399,-0.907726288,0,0.907726288,-0.419562399,0,0,0,1],"shapeName":"/levels/jungle_rock_island/art/shapes/buildings/industrial_clutters/metal_drum_old_b.DAE","useInstanceRenderData":true}
{"class":"TSStatic","persistentId":"73cdee13-14e9-4e37-bf92-52df6a65db49","__parent":"Airfield_zone","position":[342.140656,-203.981537,160.075241],"annotation":"OBSTACLES","isRenderEnabled":false,"rotationMatrix":[-0.686235607,0.727379322,0,-0.727379322,-0.686235607,0,0,0,1],"shapeName":"/levels/jungle_rock_island/art/shapes/buildings/industrial_clutters/metal_drum_old_a.DAE","useInstanceRenderData":true}
{"class":"TSStatic","persistentId":"f8f2fbbc-8786-4178-8b27-8d4b124c50f2","__parent":"Airfield_zone","position":[341.658234,-204.493683,160.07518],"annotation":"OBSTACLES","isRenderEnabled":false,"rotationMatrix":[0.941988587,0.33564505,0,-0.33564505,0.941988587,0,0,0,1],"shapeName":"/levels/jungle_rock_island/art/shapes/buildings/industrial_clutters/metal_drum_old_b.DAE","useInstanceRenderData":true}
{"class":"TSStatic","persistentId":"064d0f86-cfee-485a-8fe0-772e4fa3b4eb","__parent":"Airfield_zone","position":[343.120148,-205.187683,160.948044],"annotation":"OBSTACLES","isRenderEnabled":false,"rotationMatrix":[-0.548787594,0.83596164,0,-0.83596164,-0.548787594,0,0,0,1],"shapeName":"/levels/jungle_rock_island/art/shapes/buildings/industrial_clutters/wood_pallet.DAE","useInstanceRenderData":true}
{"class":"TSStatic","persistentId":"a0a7f7d3-2661-4fcb-a7c1-5dd98464cc49","__parent":"Airfield_zone","position":[342.168091,-202.03241,162.068924],"annotation":"OBSTACLES","isRenderEnabled":false,"rotationMatrix":[0.504530132,-0.863393724,0,0.863393724,0.504530132,0,0,0,1],"shapeName":"/levels/jungle_rock_island/art/shapes/buildings/industrial_clutters/wood_pallet.DAE","useInstanceRenderData":true}
{"class":"TSStatic","persistentId":"42162824-331f-40db-bbdf-2c3d8274a65f","__parent":"Airfield_zone","position":[342.831085,-203.404465,160.07518],"annotation":"OBSTACLES","isRenderEnabled":false,"rotationMatrix":[0.952224553,-0.305398941,0,0.305398941,0.952224553,0,0,0,1],"shapeName":"/levels/jungle_rock_island/art/shapes/buildings/industrial_clutters/metal_drum_old_b.DAE","useInstanceRenderData":true}
{"class":"TSStatic","persistentId":"914bd67c-67cb-4fd0-b69c-e7f21566bcfe","__parent":"Airfield_zone","position":[343.525391,-203.290527,160.075241],"annotation":"OBSTACLES","isRenderEnabled":false,"rotationMatrix":[-0.103468299,0.994632721,0,-0.994632721,-0.103468299,0,0,0,1],"shapeName":"/levels/jungle_rock_island/art/shapes/buildings/industrial_clutters/metal_drum_old_a.DAE","useInstanceRenderData":true}
{"class":"TSStatic","persistentId":"25ad0c55-938f-4d44-8ffe-1392dbd9e1a0","__parent":"Airfield_zone","position":[343.161713,-203.671341,160.948044],"annotation":"OBSTACLES","isRenderEnabled":false,"rotationMatrix":[0.0716724396,0.99742806,0,-0.99742806,0.0716724396,0,0,0,1],"shapeName":"/levels/jungle_rock_island/art/shapes/buildings/industrial_clutters/wood_pallet.DAE","useInstanceRenderData":true}
{"class":"TSStatic","persistentId":"1b369da8-c3a0-4626-b95c-9e605e199f99","__parent":"Airfield_zone","position":[343.506653,-203.986923,160.07518],"annotation":"OBSTACLES","isRenderEnabled":false,"rotationMatrix":[-0.103468299,0.994632721,0,-0.994632721,-0.103468299,0,0,0,1],"shapeName":"/levels/jungle_rock_island/art/shapes/buildings/industrial_clutters/metal_drum_old_b.DAE","useInstanceRenderData":true}
{"class":"TSStatic","persistentId":"06bc2a50-9a80-4c53-93f7-984b5d50adaa","__parent":"Airfield_zone","position":[341.817627,-203.34967,160.075241],"annotation":"OBSTACLES","isRenderEnabled":false,"rotationMatrix":[0.995879412,-0.0906879008,0,0.0906879008,0.995879412,0,0,0,1],"shapeName":"/levels/jungle_rock_island/art/shapes/buildings/industrial_clutters/metal_drum_old_a.DAE","useInstanceRenderData":true}
{"class":"TSStatic","persistentId":"c32d2102-2228-400d-beb0-0b207266c0db","__parent":"Airfield_zone","position":[342.930908,-204.001633,161.07782],"annotation":"OBSTACLES","isRenderEnabled":false,"rotationMatrix":[-0.0338975191,-0.999425292,0,0.999425292,-0.0338975191,0,0,0,1],"shapeName":"/levels/jungle_rock_island/art/shapes/buildings/industrial_clutters/metal_drum_old_a.DAE","useInstanceRenderData":true}
{"class":"TSStatic","persistentId":"08980ef1-ae10-4a6b-99fb-aed62b4effec","__parent":"Airfield_zone","position":[341.988495,-200.119156,160.131485],"annotation":"OBSTACLES","isRenderEnabled":false,"rotationMatrix":[-0.234899372,0.972019732,0,-0.972019732,-0.234899372,0,0,0,1],"shapeName":"/levels/jungle_rock_island/art/shapes/buildings/industrial_clutters/metal_drum_old_a.DAE","useInstanceRenderData":true}
{"class":"TSStatic","persistentId":"4c4a7c4e-f95a-4933-8335-fe75a843e1b9","__parent":"Airfield_zone","position":[343.437042,-203.71283,161.07782],"annotation":"OBSTACLES","isRenderEnabled":false,"rotationMatrix":[-0.989360452,0.145485461,0,-0.145485461,-0.989360452,0,0,0,1],"shapeName":"/levels/jungle_rock_island/art/shapes/buildings/industrial_clutters/metal_drum_old_a.DAE","useInstanceRenderData":true}
{"class":"TSStatic","persistentId":"2ef81aa5-4752-4ef9-9493-02522397b1f0","__parent":"Airfield_zone","position":[346.670654,-202.796112,162.945053],"annotation":"OBSTACLES","isRenderEnabled":false,"rotationMatrix":[-0.789202929,-0.614131927,0,0.614131927,-0.789202929,0,0,0,1],"shapeName":"/levels/jungle_rock_island/art/shapes/buildings/industrial_clutters/wood_pallet.DAE","useInstanceRenderData":true}
{"class":"TSStatic","persistentId":"6f27989c-0b17-427c-9f6f-2db6ea6d1294","__parent":"Airfield_zone","position":[346.828888,-202.375259,162.06752],"annotation":"OBSTACLES","isRenderEnabled":false,"rotationMatrix":[0.521481276,0.853262782,0,-0.853262782,0.521481276,0,0,0,1],"shapeName":"/levels/jungle_rock_island/art/shapes/buildings/industrial_clutters/metal_drum_old_a.DAE","useInstanceRenderData":true}
{"class":"TSStatic","persistentId":"31420ec2-9e5b-45d6-9876-6d365191a19f","__parent":"Airfield_zone","position":[346.314636,-202.824387,162.06752],"annotation":"OBSTACLES","isRenderEnabled":false,"rotationMatrix":[-0.730876327,-0.68250984,0,0.68250984,-0.730876327,0,0,0,1],"shapeName":"/levels/jungle_rock_island/art/shapes/buildings/industrial_clutters/metal_drum_old_a.DAE","useInstanceRenderData":true}
{"class":"TSStatic","persistentId":"61ed67d0-6fa6-400f-baf5-bda14beeff5e","__parent":"Airfield_zone","position":[346.666473,-202.33165,161.163422],"annotation":"OBSTACLES","isRenderEnabled":false,"rotationMatrix":[0.457105398,-0.889412642,0,0.889412642,0.457105398,0,0,0,1],"shapeName":"/levels/jungle_rock_island/art/shapes/buildings/industrial_clutters/metal_drum_old_b.DAE","useInstanceRenderData":true}
{"class":"TSStatic","persistentId":"f39ba688-76d5-47ad-97e9-89c00b4ba119","__parent":"Airfield_zone","position":[346.239044,-202.792313,161.064941],"annotation":"OBSTACLES","isRenderEnabled":false,"rotationMatrix":[0.639834285,-0.768512905,0,0.768512905,0.639834285,0,0,0,1],"shapeName":"/levels/jungle_rock_island/art/shapes/buildings/industrial_clutters/metal_drum_old_a.DAE","useInstanceRenderData":true}
{"class":"TSStatic","persistentId":"59be337a-045a-4128-860d-b4e471c6f420","__parent":"Airfield_zone","position":[352.693695,-194.890732,160.948044],"annotation":"OBSTACLES","isRenderEnabled":false,"rotationMatrix":[0.756166458,0.65437907,0,-0.65437907,0.756166458,0,0,0,1],"shapeName":"/levels/jungle_rock_island/art/shapes/buildings/industrial_clutters/wood_pallet.DAE","useInstanceRenderData":true}
{"class":"TSStatic","persistentId":"a1615ddd-d407-4631-bf9a-af827f247e60","__parent":"Airfield_zone","position":[352.858978,-195.114807,161.07782],"annotation":"OBSTACLES","isRenderEnabled":false,"rotationMatrix":[-0.596466601,0.802637935,0,-0.802637935,-0.596466601,0,0,0,1],"shapeName":"/levels/jungle_rock_island/art/shapes/buildings/industrial_clutters/metal_drum_old_a.DAE","useInstanceRenderData":true}
{"class":"TSStatic","persistentId":"6259140a-c145-4c48-9c74-7531604d58f7","__parent":"Airfield_zone","position":[353.377869,-198.119568,160.07518],"annotation":"OBSTACLES","isRenderEnabled":false,"rotationMatrix":[0.630383551,0.776283741,0,-0.776283741,0.630383551,0,0,0,1],"shapeName":"/levels/jungle_rock_island/art/shapes/buildings/industrial_clutters/metal_drum_old_b.DAE","useInstanceRenderData":true}
{"class":"TSStatic","persistentId":"f2578aef-6309-4a17-9d69-c3cf08f5f730","__parent":"Airfield_zone","position":[353.220123,-194.878769,160.075241],"annotation":"OBSTACLES","isRenderEnabled":false,"rotationMatrix":[0.630383551,0.776283741,0,-0.776283741,0.630383551,0,0,0,1],"shapeName":"/levels/jungle_rock_island/art/shapes/buildings/industrial_clutters/metal_drum_old_a.DAE","useInstanceRenderData":true}
{"class":"TSStatic","persistentId":"75dd0f0f-a991-4abe-9a18-745e29aa3a06","__parent":"Airfield_zone","position":[347.392029,-201.257309,161.066284],"annotation":"OBSTACLES","isRenderEnabled":false,"rotationMatrix":[0.756166458,0.65437907,0,-0.65437907,0.756166458,0,0,0,1],"shapeName":"/levels/jungle_rock_island/art/shapes/buildings/industrial_clutters/wood_pallet.DAE","useInstanceRenderData":true}
{"class":"TSStatic","persistentId":"559440e1-4733-46ff-a3ce-f8edf9871f2a","__parent":"Airfield_zone","position":[347.236816,-201.437897,161.19606],"annotation":"OBSTACLES","isRenderEnabled":false,"rotationMatrix":[-0.596466601,0.802637935,0,-0.802637935,-0.596466601,0,0,0,1],"shapeName":"/levels/jungle_rock_island/art/shapes/buildings/industrial_clutters/metal_drum_old_a.DAE","useInstanceRenderData":true}
{"class":"TSStatic","persistentId":"507e88c7-efc2-4786-83b2-754cb8f8e73a","__parent":"Airfield_zone","position":[346.078522,-201.6353,161.066284],"annotation":"OBSTACLES","isRenderEnabled":false,"rotationMatrix":[0.756166458,0.65437907,0,-0.65437907,0.756166458,0,0,0,1],"shapeName":"/levels/jungle_rock_island/art/shapes/buildings/industrial_clutters/wood_pallet.DAE","useInstanceRenderData":true}
{"class":"TSStatic","persistentId":"eb9923cb-21d1-48b3-90cf-4b47fed1be7f","__parent":"Airfield_zone","position":[345.607208,-203.482376,161.065399],"annotation":"OBSTACLES","isRenderEnabled":false,"rotationMatrix":[0.699884415,-0.714255869,0,0.714255869,0.699884415,0,0,0,1],"shapeName":"/levels/jungle_rock_island/art/shapes/buildings/industrial_clutters/pallet_stack.DAE","useInstanceRenderData":true}
{"class":"TSStatic","persistentId":"04df2ebb-dd60-48bc-a57e-b761d052e55b","__parent":"Airfield_zone","position":[338.572205,-204.772644,161.066284],"annotation":"OBSTACLES","isRenderEnabled":false,"rotationMatrix":[0.761286736,-0.64841485,0,0.64841485,0.761286736,0,0,0,1],"shapeName":"/levels/jungle_rock_island/art/shapes/buildings/industrial_clutters/wood_pallet.DAE","useInstanceRenderData":true}
