{"name":"TSStatic_561211111112111111111113","class":"TSStatic","__parent":"barriers_l","position":[638.555969,-457.552734,159.993515],"isRenderEnabled":false,"rotationMatrix":[-0.776647091,-0.629935622,-1.26454779e-07,0.629935622,-0.776647091,-1.01300102e-05,6.28304406e-06,-7.94710286e-06,1],"shapeName":"/art/shapes/objects/jerseybarrier_3m.dae"}
{"name":"TSStatic_5612111111121111111111112","class":"TSStatic","__parent":"barriers_l","position":[640.450378,-459.888306,159.993484],"isRenderEnabled":false,"rotationMatrix":[-0.776647091,-0.629935622,-1.26454779e-07,0.629935622,-0.776647091,-1.01300102e-05,6.28304406e-06,-7.94710286e-06,1],"shapeName":"/art/shapes/objects/jerseybarrier_3m.dae"}
{"name":"TSStatic_56121111111211111111111112","class":"TSStatic","__parent":"barriers_l","position":[643.143188,-463.208191,159.993439],"isRenderEnabled":false,"rotationMatrix":[-0.776647091,-0.629935622,-1.26454779e-07,0.629935622,-0.776647091,-1.01300102e-05,6.28304406e-06,-7.94710286e-06,1],"shapeName":"/art/shapes/objects/jerseybarrier_3m.dae"}
{"name":"TSStatic_561211111112111111111111111","class":"TSStatic","__parent":"barriers_l","position":[644.503174,-464.88501,159.993423],"isRenderEnabled":false,"rotationMatrix":[-0.776647091,-0.629935622,-1.26454779e-07,0.629935622,-0.776647091,-1.01300102e-05,6.28304406e-06,-7.94710286e-06,1],"shapeName":"/art/shapes/objects/jerseybarrier_3m.dae"}
{"name":"TSStatic_5612111111121111211111","class":"TSStatic","__parent":"barriers_l","position":[636.506897,-455.026398,159.993561],"isRenderEnabled":false,"rotationMatrix":[-0.776647091,-0.629935622,-1.26454779e-07,0.629935622,-0.776647091,-1.01300102e-05,6.28304406e-06,-7.94710286e-06,1],"shapeName":"/art/shapes/objects/jerseybarrier_3m.dae"}
{"name":"TSStatic_563112","class":"TSStatic","__parent":"barriers_l","position":[441.420258,-214.510956,159.996658],"isRenderEnabled":false,"rotationMatrix":[-0.776647091,-0.629935622,-1.26454779e-07,0.629935622,-0.776647091,-1.01300102e-05,6.28304406e-06,-7.94710286e-06,1],"shapeName":"/art/shapes/objects/jerseybarrier_3m.dae"}
{"name":"TSStatic_561311221","class":"TSStatic","__parent":"barriers_l","position":[517.512634,-308.325134,159.995453],"isRenderEnabled":false,"rotationMatrix":[-0.776647091,-0.629935622,-1.26454779e-07,0.629935622,-0.776647091,-1.01300102e-05,6.28304406e-06,-7.94710286e-06,1],"shapeName":"/art/shapes/objects/jerseybarrier_3m.dae"}
{"name":"TSStatic_56121111111222","class":"TSStatic","__parent":"barriers_l","position":[546.077332,-343.542908,159.994995],"isRenderEnabled":false,"rotationMatrix":[-0.776647091,-0.629935622,-1.26454779e-07,0.629935622,-0.776647091,-1.01300102e-05,6.28304406e-06,-7.94710286e-06,1],"shapeName":"/art/shapes/objects/jerseybarrier_3m.dae"}
{"name":"TSStatic_56122111111","class":"TSStatic","__parent":"barriers_l","position":[500.656372,-287.542877,159.995743],"isRenderEnabled":false,"rotationMatrix":[-0.776647091,-0.629935622,-1.26454779e-07,0.629935622,-0.776647091,-1.01300102e-05,6.28304406e-06,-7.94710286e-06,1],"shapeName":"/art/shapes/objects/jerseybarrier_3m.dae"}
{"name":"TSStatic_51411121","class":"TSStatic","__parent":"barriers_l","position":[511.87027,-301.368652,159.995529],"isRenderEnabled":false,"rotationMatrix":[-0.776647091,-0.629935622,-1.26454779e-07,0.629935622,-0.776647091,-1.01300102e-05,6.28304406e-06,-7.94710286e-06,1],"shapeName":"/art/shapes/objects/jerseybarrier_3m.dae"}
{"name":"TSStatic_56131111211112","class":"TSStatic","__parent":"barriers_l","position":[576.135315,-380.601379,159.994522],"isRenderEnabled":false,"rotationMatrix":[-0.776647091,-0.629935622,-1.26454779e-07,0.629935622,-0.776647091,-1.01300102e-05,6.28304406e-06,-7.94710286e-06,1],"shapeName":"/art/shapes/objects/jerseybarrier_3m.dae"}
{"name":"TSStatic_56312","class":"TSStatic","__parent":"barriers_l","position":[419.144226,-187.046783,159.997009],"isRenderEnabled":false,"rotationMatrix":[-0.776647091,-0.629935622,-1.26454779e-07,0.629935622,-0.776647091,-1.01300102e-05,6.28304406e-06,-7.94710286e-06,1],"shapeName":"/art/shapes/objects/jerseybarrier_3m.dae"}
{"name":"TSStatic_561211111112111121112","class":"TSStatic","__parent":"barriers_l","position":[632.814392,-450.480652,159.993607],"isRenderEnabled":false,"rotationMatrix":[-0.776647091,-0.629935622,-1.26454779e-07,0.629935622,-0.776647091,-1.01300102e-05,6.28304406e-06,-7.94710286e-06,1],"shapeName":"/art/shapes/objects/jerseybarrier_3m.dae"}
{"name":"TSStatic_5612111112212","class":"TSStatic","__parent":"barriers_l","position":[535.800659,-330.872833,159.995178],"isRenderEnabled":false,"rotationMatrix":[-0.776647091,-0.629935622,-1.26454779e-07,0.629935622,-0.776647091,-1.01300102e-05,6.28304406e-06,-7.94710286e-06,1],"shapeName":"/art/shapes/objects/jerseybarrier_3m.dae"}
{"name":"TSStatic_581","class":"TSStatic","__parent":"barriers_l","position":[394.556763,-156.733017,159.997375],"isRenderEnabled":false,"rotationMatrix":[-0.776647091,-0.629935622,-1.26454779e-07,0.629935622,-0.776647091,-1.01300102e-05,6.28304406e-06,-7.94710286e-06,1],"shapeName":"/art/shapes/objects/jerseybarrier_3m.dae"}
{"name":"TSStatic_5612111111121111212","class":"TSStatic","__parent":"barriers_l","position":[611.377686,-424.051483,159.993958],"isRenderEnabled":false,"rotationMatrix":[-0.776647091,-0.629935622,-1.26454779e-07,0.629935622,-0.776647091,-1.01300102e-05,6.28304406e-06,-7.94710286e-06,1],"shapeName":"/art/shapes/objects/jerseybarrier_3m.dae"}
{"name":"TSStatic_561211113","class":"TSStatic","__parent":"barriers_l","position":[448.848511,-223.669235,159.996536],"isRenderEnabled":false,"rotationMatrix":[-0.776647091,-0.629935622,-1.26454779e-07,0.629935622,-0.776647091,-1.01300102e-05,6.28304406e-06,-7.94710286e-06,1],"shapeName":"/art/shapes/objects/jerseybarrier_3m.dae"}
{"name":"TSStatic_56121111111211111111112","class":"TSStatic","__parent":"barriers_l","position":[634.636719,-452.727509,159.993576],"isRenderEnabled":false,"rotationMatrix":[-0.776647091,-0.629935622,-1.26454779e-07,0.629935622,-0.776647091,-1.01300102e-05,6.28304406e-06,-7.94710286e-06,1],"shapeName":"/art/shapes/objects/jerseybarrier_3m.dae"}
{"name":"TSStatic_5612211221","class":"TSStatic","__parent":"barriers_l","position":[518.924255,-310.065674,159.995438],"isRenderEnabled":false,"rotationMatrix":[-0.776647091,-0.629935622,-1.26454779e-07,0.629935622,-0.776647091,-1.01300102e-05,6.28304406e-06,-7.94710286e-06,1],"shapeName":"/art/shapes/objects/jerseybarrier_3m.dae"}
{"name":"TSStatic_5613113","class":"TSStatic","__parent":"barriers_l","position":[445.185242,-219.152771,159.996597],"isRenderEnabled":false,"rotationMatrix":[-0.776647091,-0.629935622,-1.26454779e-07,0.629935622,-0.776647091,-1.01300102e-05,6.28304406e-06,-7.94710286e-06,1],"shapeName":"/art/shapes/objects/jerseybarrier_3m.dae"}
{"name":"TSStatic_56122111123","class":"TSStatic","__parent":"barriers_l","position":[525.204468,-317.808624,159.995346],"isRenderEnabled":false,"rotationMatrix":[-0.776647091,-0.629935622,-1.26454779e-07,0.629935622,-0.776647091,-1.01300102e-05,6.28304406e-06,-7.94710286e-06,1],"shapeName":"/art/shapes/objects/jerseybarrier_3m.dae"}
{"name":"TSStatic_5613111121111112","class":"TSStatic","__parent":"barriers_l","position":[605.889648,-417.2854,159.994049],"isRenderEnabled":false,"rotationMatrix":[-0.776647091,-0.629935622,-1.26454779e-07,0.629935622,-0.776647091,-1.01300102e-05,6.28304406e-06,-7.94710286e-06,1],"shapeName":"/art/shapes/objects/jerseybarrier_3m.dae"}
{"name":"TSStatic_5612211112111111111","class":"TSStatic","__parent":"barriers_l","position":[629.212463,-446.039886,159.993668],"isRenderEnabled":false,"rotationMatrix":[-0.776647091,-0.629935622,-1.26454779e-07,0.629935622,-0.776647091,-1.01300102e-05,6.28304406e-06,-7.94710286e-06,1],"shapeName":"/art/shapes/objects/jerseybarrier_3m.dae"}
{"name":"TSStatic_57111","class":"TSStatic","__parent":"barriers_l","position":[401.766693,-165.622116,159.997269],"isRenderEnabled":false,"rotationMatrix":[-0.776647091,-0.629935622,-1.26454779e-07,0.629935622,-0.776647091,-1.01300102e-05,6.28304406e-06,-7.94710286e-06,1],"shapeName":"/art/shapes/objects/jerseybarrier_3m.dae"}
{"name":"TSStatic_5612111122211","class":"TSStatic","__parent":"barriers_l","position":[556.755371,-356.707611,159.994812],"isRenderEnabled":false,"rotationMatrix":[-0.776647091,-0.629935622,-1.26454779e-07,0.629935622,-0.776647091,-1.01300102e-05,6.28304406e-06,-7.94710286e-06,1],"shapeName":"/art/shapes/objects/jerseybarrier_3m.dae"}
{"name":"TSStatic_561212","class":"TSStatic","__parent":"barriers_l","position":[391.750549,-153.273224,159.997421],"isRenderEnabled":false,"rotationMatrix":[-0.776647091,-0.629935622,-1.26454779e-07,0.629935622,-0.776647091,-1.01300102e-05,6.28304406e-06,-7.94710286e-06,1],"shapeName":"/art/shapes/objects/jerseybarrier_3m.dae"}
{"name":"TSStatic_56131112","class":"TSStatic","__parent":"barriers_l","position":[450.694733,-225.945404,159.996521],"isRenderEnabled":false,"rotationMatrix":[-0.776647091,-0.629935622,-1.26454779e-07,0.629935622,-0.776647091,-1.01300102e-05,6.28304406e-06,-7.94710286e-06,1],"shapeName":"/art/shapes/objects/jerseybarrier_3m.dae"}
{"name":"TSStatic_561311112211","class":"TSStatic","__parent":"barriers_l","position":[558.533447,-358.899963,159.994797],"isRenderEnabled":false,"rotationMatrix":[-0.776647091,-0.629935622,-1.26454779e-07,0.629935622,-0.776647091,-1.01300102e-05,6.28304406e-06,-7.94710286e-06,1],"shapeName":"/art/shapes/objects/jerseybarrier_3m.dae"}
{"name":"TSStatic_56132121","class":"TSStatic","__parent":"barriers_l","position":[506.345337,-294.556976,159.995621],"isRenderEnabled":false,"rotationMatrix":[-0.776647091,-0.629935622,-1.26454779e-07,0.629935622,-0.776647091,-1.01300102e-05,6.28304406e-06,-7.94710286e-06,1],"shapeName":"/art/shapes/objects/jerseybarrier_3m.dae"}
{"name":"TSStatic_56121111122211","class":"TSStatic","__parent":"barriers_l","position":[562.196594,-363.416443,159.994736],"isRenderEnabled":false,"rotationMatrix":[-0.776647091,-0.629935622,-1.26454779e-07,0.629935622,-0.776647091,-1.01300102e-05,6.28304406e-06,-7.94710286e-06,1],"shapeName":"/art/shapes/objects/jerseybarrier_3m.dae"}
{"name":"TSStatic_5143","class":"TSStatic","__parent":"barriers_l","position":[406.099396,-170.963913,159.997192],"isRenderEnabled":false,"rotationMatrix":[-0.776647091,-0.629935622,-1.26454779e-07,0.629935622,-0.776647091,-1.01300102e-05,6.28304406e-06,-7.94710286e-06,1],"shapeName":"/art/shapes/objects/jerseybarrier_3m.dae"}
{"name":"TSStatic_56121111111211112112","class":"TSStatic","__parent":"barriers_l","position":[625.675049,-441.678619,159.993729],"isRenderEnabled":false,"rotationMatrix":[-0.776647091,-0.629935622,-1.26454779e-07,0.629935622,-0.776647091,-1.01300102e-05,6.28304406e-06,-7.94710286e-06,1],"shapeName":"/art/shapes/objects/jerseybarrier_3m.dae"}
{"name":"TSStatic_56131111222","class":"TSStatic","__parent":"barriers_l","position":[540.895203,-337.153809,159.995087],"isRenderEnabled":false,"rotationMatrix":[-0.776647091,-0.629935622,-1.26454779e-07,0.629935622,-0.776647091,-1.01300102e-05,6.28304406e-06,-7.94710286e-06,1],"shapeName":"/art/shapes/objects/jerseybarrier_3m.dae"}
{"name":"TSStatic_5612111112211112","class":"TSStatic","__parent":"barriers_l","position":[579.798523,-385.117828,159.994461],"isRenderEnabled":false,"rotationMatrix":[-0.776647091,-0.629935622,-1.26454779e-07,0.629935622,-0.776647091,-1.01300102e-05,6.28304406e-06,-7.94710286e-06,1],"shapeName":"/art/shapes/objects/jerseybarrier_3m.dae"}
{"name":"TSStatic_56311111","class":"TSStatic","__parent":"barriers_l","position":[489.49585,-273.783142,159.995911],"isRenderEnabled":false,"rotationMatrix":[-0.776647091,-0.629935622,-1.26454779e-07,0.629935622,-0.776647091,-1.01300102e-05,6.28304406e-06,-7.94710286e-06,1],"shapeName":"/art/shapes/objects/jerseybarrier_3m.dae"}
{"name":"TSStatic_56131111212","class":"TSStatic","__parent":"barriers_l","position":[532.137451,-326.356354,159.995239],"isRenderEnabled":false,"rotationMatrix":[-0.776647091,-0.629935622,-1.26454779e-07,0.629935622,-0.776647091,-1.01300102e-05,6.28304406e-06,-7.94710286e-06,1],"shapeName":"/art/shapes/objects/jerseybarrier_3m.dae"}
{"name":"TSStatic_561211111223","class":"TSStatic","__parent":"barriers_l","position":[526.981445,-319.999786,159.995316],"isRenderEnabled":false,"rotationMatrix":[-0.776647091,-0.629935622,-1.26454779e-07,0.629935622,-0.776647091,-1.01300102e-05,6.28304406e-06,-7.94710286e-06,1],"shapeName":"/art/shapes/objects/jerseybarrier_3m.dae"}
{"name":"TSStatic_514112","class":"TSStatic","__parent":"barriers_l","position":[439.542816,-212.196259,159.996674],"isRenderEnabled":false,"rotationMatrix":[-0.776647091,-0.629935622,-1.26454779e-07,0.629935622,-0.776647091,-1.01300102e-05,6.28304406e-06,-7.94710286e-06,1],"shapeName":"/art/shapes/objects/jerseybarrier_3m.dae"}
{"name":"TSStatic_564","class":"TSStatic","__parent":"barriers_l","position":[384.545044,-144.389618,159.997543],"isRenderEnabled":false,"rotationMatrix":[-0.776647091,-0.629935622,-1.26454779e-07,0.629935622,-0.776647091,-1.01300102e-05,6.28304406e-06,-7.94710286e-06,1],"shapeName":"/art/shapes/objects/jerseybarrier_3m.dae"}
{"name":"TSStatic_56121111111211111112","class":"TSStatic","__parent":"barriers_l","position":[598.981018,-408.767822,159.994156],"isRenderEnabled":false,"rotationMatrix":[-0.776647091,-0.629935622,-1.26454779e-07,0.629935622,-0.776647091,-1.01300102e-05,6.28304406e-06,-7.94710286e-06,1],"shapeName":"/art/shapes/objects/jerseybarrier_3m.dae"}
{"name":"TSStatic_5633","class":"TSStatic","__parent":"barriers_l","position":[407.976868,-173.278595,159.997177],"isRenderEnabled":false,"rotationMatrix":[-0.776647091,-0.629935622,-1.26454779e-07,0.629935622,-0.776647091,-1.01300102e-05,6.28304406e-06,-7.94710286e-06,1],"shapeName":"/art/shapes/objects/jerseybarrier_3m.dae"}
{"name":"TSStatic_5612211112112","class":"TSStatic","__parent":"barriers_l","position":[551.60022,-350.352234,159.994919],"isRenderEnabled":false,"rotationMatrix":[-0.776647091,-0.629935622,-1.26454779e-07,0.629935622,-0.776647091,-1.01300102e-05,6.28304406e-06,-7.94710286e-06,1],"shapeName":"/art/shapes/objects/jerseybarrier_3m.dae"}
{"name":"TSStatic_5613213","class":"TSStatic","__parent":"barriers_l","position":[458.423401,-235.47403,159.996384],"isRenderEnabled":false,"rotationMatrix":[-0.776647091,-0.629935622,-1.26454779e-07,0.629935622,-0.776647091,-1.01300102e-05,6.28304406e-06,-7.94710286e-06,1],"shapeName":"/art/shapes/objects/jerseybarrier_3m.dae"}
{"name":"TSStatic_561211112222","class":"TSStatic","__parent":"barriers_l","position":[539.117004,-334.961487,159.995102],"isRenderEnabled":false,"rotationMatrix":[-0.776647091,-0.629935622,-1.26454779e-07,0.629935622,-0.776647091,-1.01300102e-05,6.28304406e-06,-7.94710286e-06,1],"shapeName":"/art/shapes/objects/jerseybarrier_3m.dae"}
{"name":"TSStatic_56121111122111212","class":"TSStatic","__parent":"barriers_l","position":[600.770081,-410.973541,159.994125],"isRenderEnabled":false,"rotationMatrix":[-0.776647091,-0.629935622,-1.26454779e-07,0.629935622,-0.776647091,-1.01300102e-05,6.28304406e-06,-7.94710286e-06,1],"shapeName":"/art/shapes/objects/jerseybarrier_3m.dae"}
{"name":"TSStatic_5723","class":"TSStatic","__parent":"barriers_l","position":[409.864349,-175.605698,159.997131],"isRenderEnabled":false,"rotationMatrix":[-0.776647091,-0.629935622,-1.26454779e-07,0.629935622,-0.776647091,-1.01300102e-05,6.28304406e-06,-7.94710286e-06,1],"shapeName":"/art/shapes/objects/jerseybarrier_3m.dae"}
{"name":"TSStatic_56121111221112","class":"TSStatic","__parent":"barriers_l","position":[565.545349,-367.544922,159.994675],"isRenderEnabled":false,"rotationMatrix":[-0.776647091,-0.629935622,-1.26454779e-07,0.629935622,-0.776647091,-1.01300102e-05,6.28304406e-06,-7.94710286e-06,1],"shapeName":"/art/shapes/objects/jerseybarrier_3m.dae"}
{"name":"TSStatic_5612111112222","class":"TSStatic","__parent":"barriers_l","position":[544.558289,-341.670319,159.995026],"isRenderEnabled":false,"rotationMatrix":[-0.776647091,-0.629935622,-1.26454779e-07,0.629935622,-0.776647091,-1.01300102e-05,6.28304406e-06,-7.94710286e-06,1],"shapeName":"/art/shapes/objects/jerseybarrier_3m.dae"}
{"name":"TSStatic_561223","class":"TSStatic","__parent":"barriers_l","position":[413.627899,-180.245773,159.997086],"isRenderEnabled":false,"rotationMatrix":[-0.776647091,-0.629935622,-1.26454779e-07,0.629935622,-0.776647091,-1.01300102e-05,6.28304406e-06,-7.94710286e-06,1],"shapeName":"/art/shapes/objects/jerseybarrier_3m.dae"}
{"name":"TSStatic_5612111122111112","class":"TSStatic","__parent":"barriers_l","position":[589.863647,-397.526825,159.994293],"isRenderEnabled":false,"rotationMatrix":[-0.776647091,-0.629935622,-1.26454779e-07,0.629935622,-0.776647091,-1.01300102e-05,6.28304406e-06,-7.94710286e-06,1],"shapeName":"/art/shapes/objects/jerseybarrier_3m.dae"}
{"name":"TSStatic_515","class":"TSStatic","__parent":"barriers_l","position":[382.667633,-142.074951,159.997559],"isRenderEnabled":false,"rotationMatrix":[-0.776647091,-0.629935622,-1.26454779e-07,0.629935622,-0.776647091,-1.01300102e-05,6.28304406e-06,-7.94710286e-06,1],"shapeName":"/art/shapes/objects/jerseybarrier_3m.dae"}
{"name":"TSStatic_561311112112","class":"TSStatic","__parent":"barriers_l","position":[549.714355,-348.026886,159.994949],"isRenderEnabled":false,"rotationMatrix":[-0.776647091,-0.629935622,-1.26454779e-07,0.629935622,-0.776647091,-1.01300102e-05,6.28304406e-06,-7.94710286e-06,1],"shapeName":"/art/shapes/objects/jerseybarrier_3m.dae"}
{"name":"TSStatic_5612222","class":"TSStatic","__parent":"barriers_l","position":[435.904022,-207.709915,159.996735],"isRenderEnabled":false,"rotationMatrix":[-0.776647091,-0.629935622,-1.26454779e-07,0.629935622,-0.776647091,-1.01300102e-05,6.28304406e-06,-7.94710286e-06,1],"shapeName":"/art/shapes/objects/jerseybarrier_3m.dae"}
{"name":"TSStatic_56122113","class":"TSStatic","__parent":"barriers_l","position":[447.07132,-221.478119,159.996567],"isRenderEnabled":false,"rotationMatrix":[-0.776647091,-0.629935622,-1.26454779e-07,0.629935622,-0.776647091,-1.01300102e-05,6.28304406e-06,-7.94710286e-06,1],"shapeName":"/art/shapes/objects/jerseybarrier_3m.dae"}
{"name":"TSStatic_572112","class":"TSStatic","__parent":"barriers_l","position":[443.3078,-216.838089,159.996613],"isRenderEnabled":false,"rotationMatrix":[-0.776647091,-0.629935622,-1.26454779e-07,0.629935622,-0.776647091,-1.01300102e-05,6.28304406e-06,-7.94710286e-06,1],"shapeName":"/art/shapes/objects/jerseybarrier_3m.dae"}
{"name":"TSStatic_5613111111","class":"TSStatic","__parent":"barriers_l","position":[498.770264,-285.217621,159.995773],"isRenderEnabled":false,"rotationMatrix":[-0.776647091,-0.629935622,-1.26454779e-07,0.629935622,-0.776647091,-1.01300102e-05,6.28304406e-06,-7.94710286e-06,1],"shapeName":"/art/shapes/objects/jerseybarrier_3m.dae"}
{"name":"TSStatic_561211111113","class":"TSStatic","__parent":"barriers_l","position":[480.282471,-262.423981,159.996048],"isRenderEnabled":false,"rotationMatrix":[-0.776647091,-0.629935622,-1.26454779e-07,0.629935622,-0.776647091,-1.01300102e-05,6.28304406e-06,-7.94710286e-06,1],"shapeName":"/art/shapes/objects/jerseybarrier_3m.dae"}
{"name":"TSStatic_561211111211","class":"TSStatic","__parent":"barriers_l","position":[502.433533,-289.734039,159.995712],"isRenderEnabled":false,"rotationMatrix":[-0.776647091,-0.629935622,-1.26454779e-07,0.629935622,-0.776647091,-1.01300102e-05,6.28304406e-06,-7.94710286e-06,1],"shapeName":"/art/shapes/objects/jerseybarrier_3m.dae"}
{"name":"TSStatic_561221123","class":"TSStatic","__parent":"barriers_l","position":[471.476837,-251.567612,159.996185],"isRenderEnabled":false,"rotationMatrix":[-0.776647091,-0.629935622,-1.26454779e-07,0.629935622,-0.776647091,-1.01300102e-05,6.28304406e-06,-7.94710286e-06,1],"shapeName":"/art/shapes/objects/jerseybarrier_3m.dae"}
{"name":"TSStatic_56122111121112","class":"TSStatic","__parent":"barriers_l","position":[569.238586,-372.098328,159.994629],"isRenderEnabled":false,"rotationMatrix":[-0.776647091,-0.629935622,-1.26454779e-07,0.629935622,-0.776647091,-1.01300102e-05,6.28304406e-06,-7.94710286e-06,1],"shapeName":"/art/shapes/objects/jerseybarrier_3m.dae"}
{"name":"TSStatic_561311211","class":"TSStatic","__parent":"barriers_l","position":[493.260773,-278.424957,159.99585],"isRenderEnabled":false,"rotationMatrix":[-0.776647091,-0.629935622,-1.26454779e-07,0.629935622,-0.776647091,-1.01300102e-05,6.28304406e-06,-7.94710286e-06,1],"shapeName":"/art/shapes/objects/jerseybarrier_3m.dae"}
{"name":"TSStatic_56121111211","class":"TSStatic","__parent":"barriers_l","position":[496.924103,-282.941406,159.995789],"isRenderEnabled":false,"rotationMatrix":[-0.776647091,-0.629935622,-1.26454779e-07,0.629935622,-0.776647091,-1.01300102e-05,6.28304406e-06,-7.94710286e-06,1],"shapeName":"/art/shapes/objects/jerseybarrier_3m.dae"}
{"name":"TSStatic_56121111111212","class":"TSStatic","__parent":"barriers_l","position":[537.319641,-332.745453,159.995148],"isRenderEnabled":false,"rotationMatrix":[-0.776647091,-0.629935622,-1.26454779e-07,0.629935622,-0.776647091,-1.01300102e-05,6.28304406e-06,-7.94710286e-06,1],"shapeName":"/art/shapes/objects/jerseybarrier_3m.dae"}
{"name":"TSStatic_561211111221112111","class":"TSStatic","__parent":"barriers_l","position":[615.067444,-428.600677,159.993896],"isRenderEnabled":false,"rotationMatrix":[-0.776647091,-0.629935622,-1.26454779e-07,0.629935622,-0.776647091,-1.01300102e-05,6.28304406e-06,-7.94710286e-06,1],"shapeName":"/art/shapes/objects/jerseybarrier_3m.dae"}
{"name":"TSStatic_56122111121111112","class":"TSStatic","__parent":"barriers_l","position":[607.775879,-419.610748,159.994019],"isRenderEnabled":false,"rotationMatrix":[-0.776647091,-0.629935622,-1.26454779e-07,0.629935622,-0.776647091,-1.01300102e-05,6.28304406e-06,-7.94710286e-06,1],"shapeName":"/art/shapes/objects/jerseybarrier_3m.dae"}
{"name":"TSStatic_5612211113","class":"TSStatic","__parent":"barriers_l","position":[476.986298,-258.360229,159.996109],"isRenderEnabled":false,"rotationMatrix":[-0.776647091,-0.629935622,-1.26454779e-07,0.629935622,-0.776647091,-1.01300102e-05,6.28304406e-06,-7.94710286e-06,1],"shapeName":"/art/shapes/objects/jerseybarrier_3m.dae"}
{"name":"TSStatic_561211111221113","class":"TSStatic","__parent":"barriers_l","position":[571.015686,-374.289459,159.994598],"isRenderEnabled":false,"rotationMatrix":[-0.776647091,-0.629935622,-1.26454779e-07,0.629935622,-0.776647091,-1.01300102e-05,6.28304406e-06,-7.94710286e-06,1],"shapeName":"/art/shapes/objects/jerseybarrier_3m.dae"}
{"name":"TSStatic_56133","class":"TSStatic","__parent":"barriers_l","position":[411.741821,-177.92041,159.997116],"isRenderEnabled":false,"rotationMatrix":[-0.776647091,-0.629935622,-1.26454779e-07,0.629935622,-0.776647091,-1.01300102e-05,6.28304406e-06,-7.94710286e-06,1],"shapeName":"/art/shapes/objects/jerseybarrier_3m.dae"}
{"name":"TSStatic_56123","class":"TSStatic","__parent":"barriers_l","position":[390.196106,-151.356796,159.997452],"isRenderEnabled":false,"rotationMatrix":[-0.776647091,-0.629935622,-1.26454779e-07,0.629935622,-0.776647091,-1.01300102e-05,6.28304406e-06,-7.94710286e-06,1],"shapeName":"/art/shapes/objects/jerseybarrier_3m.dae"}
{"name":"TSStatic_573","class":"TSStatic","__parent":"barriers_l","position":[386.432587,-146.716736,159.997498],"isRenderEnabled":false,"rotationMatrix":[-0.776647091,-0.629935622,-1.26454779e-07,0.629935622,-0.776647091,-1.01300102e-05,6.28304406e-06,-7.94710286e-06,1],"shapeName":"/art/shapes/objects/jerseybarrier_3m.dae"}
{"name":"TSStatic_56121111122111112","class":"TSStatic","__parent":"barriers_l","position":[595.334045,-404.271423,159.994217],"isRenderEnabled":false,"rotationMatrix":[-0.776647091,-0.629935622,-1.26454779e-07,0.629935622,-0.776647091,-1.01300102e-05,6.28304406e-06,-7.94710286e-06,1],"shapeName":"/art/shapes/objects/jerseybarrier_3m.dae"}
{"name":"TSStatic_561211111112111112","class":"TSStatic","__parent":"barriers_l","position":[583.450378,-389.620056,159.9944],"isRenderEnabled":false,"rotationMatrix":[-0.776647091,-0.629935622,-1.26454779e-07,0.629935622,-0.776647091,-1.01300102e-05,6.28304406e-06,-7.94710286e-06,1],"shapeName":"/art/shapes/objects/jerseybarrier_3m.dae"}
{"name":"TSStatic_561211112211111111","class":"TSStatic","__parent":"barriers_l","position":[618.379883,-432.684418,159.993835],"isRenderEnabled":false,"rotationMatrix":[-0.776647091,-0.629935622,-1.26454779e-07,0.629935622,-0.776647091,-1.01300102e-05,6.28304406e-06,-7.94710286e-06,1],"shapeName":"/art/shapes/objects/jerseybarrier_3m.dae"}
{"name":"TSStatic_5612111111123","class":"TSStatic","__parent":"barriers_l","position":[528.500366,-321.872406,159.995285],"isRenderEnabled":false,"rotationMatrix":[-0.776647091,-0.629935622,-1.26454779e-07,0.629935622,-0.776647091,-1.01300102e-05,6.28304406e-06,-7.94710286e-06,1],"shapeName":"/art/shapes/objects/jerseybarrier_3m.dae"}
{"name":"TSStatic_5612111112211111112","class":"TSStatic","__parent":"barriers_l","position":[623.850159,-439.429016,159.993759],"isRenderEnabled":false,"rotationMatrix":[-0.776647091,-0.629935622,-1.26454779e-07,0.629935622,-0.776647091,-1.01300102e-05,6.28304406e-06,-7.94710286e-06,1],"shapeName":"/art/shapes/objects/jerseybarrier_3m.dae"}
{"name":"TSStatic_561211111112111122","class":"TSStatic","__parent":"barriers_l","position":[597.158691,-406.520996,159.994186],"isRenderEnabled":false,"rotationMatrix":[-0.776647091,-0.629935622,-1.26454779e-07,0.629935622,-0.776647091,-1.01300102e-05,6.28304406e-06,-7.94710286e-06,1],"shapeName":"/art/shapes/objects/jerseybarrier_3m.dae"}
{"name":"TSStatic_5141113","class":"TSStatic","__parent":"barriers_l","position":[463.948334,-242.285767,159.996292],"isRenderEnabled":false,"rotationMatrix":[-0.776647091,-0.629935622,-1.26454779e-07,0.629935622,-0.776647091,-1.01300102e-05,6.28304406e-06,-7.94710286e-06,1],"shapeName":"/art/shapes/objects/jerseybarrier_3m.dae"}
{"name":"TSStatic_56121111122112","class":"TSStatic","__parent":"barriers_l","position":[553.377441,-352.543365,159.994888],"isRenderEnabled":false,"rotationMatrix":[-0.776647091,-0.629935622,-1.26454779e-07,0.629935622,-0.776647091,-1.01300102e-05,6.28304406e-06,-7.94710286e-06,1],"shapeName":"/art/shapes/objects/jerseybarrier_3m.dae"}
{"name":"TSStatic_5612211211","class":"TSStatic","__parent":"barriers_l","position":[495.146851,-280.750366,159.995819],"isRenderEnabled":false,"rotationMatrix":[-0.776647091,-0.629935622,-1.26454779e-07,0.629935622,-0.776647091,-1.01300102e-05,6.28304406e-06,-7.94710286e-06,1],"shapeName":"/art/shapes/objects/jerseybarrier_3m.dae"}
{"name":"TSStatic_561322","class":"TSStatic","__parent":"barriers_l","position":[434.017914,-205.384567,159.996765],"isRenderEnabled":false,"rotationMatrix":[-0.776647091,-0.629935622,-1.26454779e-07,0.629935622,-0.776647091,-1.01300102e-05,6.28304406e-06,-7.94710286e-06,1],"shapeName":"/art/shapes/objects/jerseybarrier_3m.dae"}
{"name":"TSStatic_561311113","class":"TSStatic","__parent":"barriers_l","position":[475.10025,-256.034851,159.99614],"isRenderEnabled":false,"rotationMatrix":[-0.776647091,-0.629935622,-1.26454779e-07,0.629935622,-0.776647091,-1.01300102e-05,6.28304406e-06,-7.94710286e-06,1],"shapeName":"/art/shapes/objects/jerseybarrier_3m.dae"}
{"name":"TSStatic_56121111111211122","class":"TSStatic","__parent":"barriers_l","position":[588.070007,-395.315735,159.994324],"isRenderEnabled":false,"rotationMatrix":[-0.776647091,-0.629935622,-1.26454779e-07,0.629935622,-0.776647091,-1.01300102e-05,6.28304406e-06,-7.94710286e-06,1],"shapeName":"/art/shapes/objects/jerseybarrier_3m.dae"}
{"name":"TSStatic_561221111211111112","class":"TSStatic","__parent":"barriers_l","position":[622.073059,-437.237793,159.99379],"isRenderEnabled":false,"rotationMatrix":[-0.776647091,-0.629935622,-1.26454779e-07,0.629935622,-0.776647091,-1.01300102e-05,6.28304406e-06,-7.94710286e-06,1],"shapeName":"/art/shapes/objects/jerseybarrier_3m.dae"}
{"name":"TSStatic_561211112211112","class":"TSStatic","__parent":"barriers_l","position":[574.328125,-378.37326,159.994537],"isRenderEnabled":false,"rotationMatrix":[-0.776647091,-0.629935622,-1.26454779e-07,0.629935622,-0.776647091,-1.01300102e-05,6.28304406e-06,-7.94710286e-06,1],"shapeName":"/art/shapes/objects/jerseybarrier_3m.dae"}
{"name":"TSStatic_57221","class":"TSStatic","__parent":"barriers_l","position":[432.140411,-203.069885,159.99678],"isRenderEnabled":false,"rotationMatrix":[-0.776647091,-0.629935622,-1.26454779e-07,0.629935622,-0.776647091,-1.01300102e-05,6.28304406e-06,-7.94710286e-06,1],"shapeName":"/art/shapes/objects/jerseybarrier_3m.dae"}
{"name":"TSStatic_5621","class":"TSStatic","__parent":"barriers_l","position":[396.434296,-159.047699,159.99736],"isRenderEnabled":false,"rotationMatrix":[-0.776647091,-0.629935622,-1.26454779e-07,0.629935622,-0.776647091,-1.01300102e-05,6.28304406e-06,-7.94710286e-06,1],"shapeName":"/art/shapes/objects/jerseybarrier_3m.dae"}
{"name":"TSStatic_57212","class":"TSStatic","__parent":"barriers_l","position":[421.031708,-189.373917,159.996964],"isRenderEnabled":false,"rotationMatrix":[-0.776647091,-0.629935622,-1.26454779e-07,0.629935622,-0.776647091,-1.01300102e-05,6.28304406e-06,-7.94710286e-06,1],"shapeName":"/art/shapes/objects/jerseybarrier_3m.dae"}
{"name":"TSStatic_561211111112211","class":"TSStatic","__parent":"barriers_l","position":[563.715515,-365.289032,159.994705],"isRenderEnabled":false,"rotationMatrix":[-0.776647091,-0.629935622,-1.26454779e-07,0.629935622,-0.776647091,-1.01300102e-05,6.28304406e-06,-7.94710286e-06,1],"shapeName":"/art/shapes/objects/jerseybarrier_3m.dae"}
{"name":"TSStatic_56321","class":"TSStatic","__parent":"barriers_l","position":[430.252991,-200.742737,159.996826],"isRenderEnabled":false,"rotationMatrix":[-0.776647091,-0.629935622,-1.26454779e-07,0.629935622,-0.776647091,-1.01300102e-05,6.28304406e-06,-7.94710286e-06,1],"shapeName":"/art/shapes/objects/jerseybarrier_3m.dae"}
{"name":"TSStatic_5612112111","class":"TSStatic","__parent":"barriers_l","position":[485.756714,-269.173248,159.995956],"isRenderEnabled":false,"rotationMatrix":[-0.776647091,-0.629935622,-1.26454779e-07,0.629935622,-0.776647091,-1.01300102e-05,6.28304406e-06,-7.94710286e-06,1],"shapeName":"/art/shapes/objects/jerseybarrier_3m.dae"}
{"name":"TSStatic_561312","class":"TSStatic","__parent":"barriers_l","position":[422.90918,-191.688583,159.996948],"isRenderEnabled":false,"rotationMatrix":[-0.776647091,-0.629935622,-1.26454779e-07,0.629935622,-0.776647091,-1.01300102e-05,6.28304406e-06,-7.94710286e-06,1],"shapeName":"/art/shapes/objects/jerseybarrier_3m.dae"}
{"name":"TSStatic_561311112111112","class":"TSStatic","__parent":"barriers_l","position":[591.670715,-399.754913,159.994278],"isRenderEnabled":false,"rotationMatrix":[-0.776647091,-0.629935622,-1.26454779e-07,0.629935622,-0.776647091,-1.01300102e-05,6.28304406e-06,-7.94710286e-06,1],"shapeName":"/art/shapes/objects/jerseybarrier_3m.dae"}
{"name":"TSStatic_561211111112112","class":"TSStatic","__parent":"barriers_l","position":[554.896423,-354.416016,159.994858],"isRenderEnabled":false,"rotationMatrix":[-0.776647091,-0.629935622,-1.26454779e-07,0.629935622,-0.776647091,-1.01300102e-05,6.28304406e-06,-7.94710286e-06,1],"shapeName":"/art/shapes/objects/jerseybarrier_3m.dae"}
{"name":"TSStatic_5613111123","class":"TSStatic","__parent":"barriers_l","position":[523.31842,-315.483246,159.995377],"isRenderEnabled":false,"rotationMatrix":[-0.776647091,-0.629935622,-1.26454779e-07,0.629935622,-0.776647091,-1.01300102e-05,6.28304406e-06,-7.94710286e-06,1],"shapeName":"/art/shapes/objects/jerseybarrier_3m.dae"}
{"name":"TSStatic_5721113","class":"TSStatic","__parent":"barriers_l","position":[467.713257,-246.927582,159.996231],"isRenderEnabled":false,"rotationMatrix":[-0.776647091,-0.629935622,-1.26454779e-07,0.629935622,-0.776647091,-1.01300102e-05,6.28304406e-06,-7.94710286e-06,1],"shapeName":"/art/shapes/objects/jerseybarrier_3m.dae"}
{"name":"TSStatic_5712","class":"TSStatic","__parent":"barriers_l","position":[398.321716,-161.374832,159.997314],"isRenderEnabled":false,"rotationMatrix":[-0.776647091,-0.629935622,-1.26454779e-07,0.629935622,-0.776647091,-1.01300102e-05,6.28304406e-06,-7.94710286e-06,1],"shapeName":"/art/shapes/objects/jerseybarrier_3m.dae"}
{"name":"TSStatic_561211111112111212","class":"TSStatic","__parent":"barriers_l","position":[602.28894,-412.846191,159.994095],"isRenderEnabled":false,"rotationMatrix":[-0.776647091,-0.629935622,-1.26454779e-07,0.629935622,-0.776647091,-1.01300102e-05,6.28304406e-06,-7.94710286e-06,1],"shapeName":"/art/shapes/objects/jerseybarrier_3m.dae"}
{"name":"TSStatic_56121122","class":"TSStatic","__parent":"barriers_l","position":[437.681213,-209.901001,159.996704],"isRenderEnabled":false,"rotationMatrix":[-0.776647091,-0.629935622,-1.26454779e-07,0.629935622,-0.776647091,-1.01300102e-05,6.28304406e-06,-7.94710286e-06,1],"shapeName":"/art/shapes/objects/jerseybarrier_3m.dae"}
{"name":"TSStatic_561211111112111111112","class":"TSStatic","__parent":"barriers_l","position":[613.200012,-426.298309,159.993927],"isRenderEnabled":false,"rotationMatrix":[-0.776647091,-0.629935622,-1.26454779e-07,0.629935622,-0.776647091,-1.01300102e-05,6.28304406e-06,-7.94710286e-06,1],"shapeName":"/art/shapes/objects/jerseybarrier_3m.dae"}
{"name":"TSStatic_5631113","class":"TSStatic","__parent":"barriers_l","position":[465.825775,-244.600433,159.996277],"isRenderEnabled":false,"rotationMatrix":[-0.776647091,-0.629935622,-1.26454779e-07,0.629935622,-0.776647091,-1.01300102e-05,6.28304406e-06,-7.94710286e-06,1],"shapeName":"/art/shapes/objects/jerseybarrier_3m.dae"}
{"name":"TSStatic_5612112121","class":"TSStatic","__parent":"barriers_l","position":[510.008606,-299.073395,159.99556],"isRenderEnabled":false,"rotationMatrix":[-0.776647091,-0.629935622,-1.26454779e-07,0.629935622,-0.776647091,-1.01300102e-05,6.28304406e-06,-7.94710286e-06,1],"shapeName":"/art/shapes/objects/jerseybarrier_3m.dae"}
{"name":"TSStatic_56131111211111111","class":"TSStatic","__parent":"barriers_l","position":[620.187134,-434.912506,159.99382],"isRenderEnabled":false,"rotationMatrix":[-0.776647091,-0.629935622,-1.26454779e-07,0.629935622,-0.776647091,-1.01300102e-05,6.28304406e-06,-7.94710286e-06,1],"shapeName":"/art/shapes/objects/jerseybarrier_3m.dae"}
{"name":"TSStatic_561222121","class":"TSStatic","__parent":"barriers_l","position":[508.231445,-296.882324,159.99559],"isRenderEnabled":false,"rotationMatrix":[-0.776647091,-0.629935622,-1.26454779e-07,0.629935622,-0.776647091,-1.01300102e-05,6.28304406e-06,-7.94710286e-06,1],"shapeName":"/art/shapes/objects/jerseybarrier_3m.dae"}
{"name":"TSStatic_561221111222","class":"TSStatic","__parent":"barriers_l","position":[542.781311,-339.479156,159.995056],"isRenderEnabled":false,"rotationMatrix":[-0.776647091,-0.629935622,-1.26454779e-07,0.629935622,-0.776647091,-1.01300102e-05,6.28304406e-06,-7.94710286e-06,1],"shapeName":"/art/shapes/objects/jerseybarrier_3m.dae"}
{"name":"TSStatic_561222111","class":"TSStatic","__parent":"barriers_l","position":[483.979523,-266.982117,159.995987],"isRenderEnabled":false,"rotationMatrix":[-0.776647091,-0.629935622,-1.26454779e-07,0.629935622,-0.776647091,-1.01300102e-05,6.28304406e-06,-7.94710286e-06,1],"shapeName":"/art/shapes/objects/jerseybarrier_3m.dae"}
{"name":"TSStatic_561111","class":"TSStatic","__parent":"barriers_l","position":[403.644165,-167.936829,159.997253],"isRenderEnabled":false,"rotationMatrix":[-0.776647091,-0.629935622,-1.26454779e-07,0.629935622,-0.776647091,-1.01300102e-05,6.28304406e-06,-7.94710286e-06,1],"shapeName":"/art/shapes/objects/jerseybarrier_3m.dae"}
{"name":"TSStatic_5612111123","class":"TSStatic","__parent":"barriers_l","position":[473.254028,-253.758713,159.996155],"isRenderEnabled":false,"rotationMatrix":[-0.776647091,-0.629935622,-1.26454779e-07,0.629935622,-0.776647091,-1.01300102e-05,6.28304406e-06,-7.94710286e-06,1],"shapeName":"/art/shapes/objects/jerseybarrier_3m.dae"}
{"name":"TSStatic_56311121","class":"TSStatic","__parent":"barriers_l","position":[513.747864,-303.683319,159.995514],"isRenderEnabled":false,"rotationMatrix":[-0.776647091,-0.629935622,-1.26454779e-07,0.629935622,-0.776647091,-1.01300102e-05,6.28304406e-06,-7.94710286e-06,1],"shapeName":"/art/shapes/objects/jerseybarrier_3m.dae"}
{"name":"TSStatic_56122213","class":"TSStatic","__parent":"barriers_l","position":[460.309509,-237.799423,159.996353],"isRenderEnabled":false,"rotationMatrix":[-0.776647091,-0.629935622,-1.26454779e-07,0.629935622,-0.776647091,-1.01300102e-05,6.28304406e-06,-7.94710286e-06,1],"shapeName":"/art/shapes/objects/jerseybarrier_3m.dae"}
{"name":"TSStatic_51421","class":"TSStatic","__parent":"barriers_l","position":[428.375488,-198.42807,159.996841],"isRenderEnabled":false,"rotationMatrix":[-0.776647091,-0.629935622,-1.26454779e-07,0.629935622,-0.776647091,-1.01300102e-05,6.28304406e-06,-7.94710286e-06,1],"shapeName":"/art/shapes/objects/jerseybarrier_3m.dae"}
{"name":"TSStatic_5612111112211122","class":"TSStatic","__parent":"barriers_l","position":[586.551147,-393.443054,159.994354],"isRenderEnabled":false,"rotationMatrix":[-0.776647091,-0.629935622,-1.26454779e-07,0.629935622,-0.776647091,-1.01300102e-05,6.28304406e-06,-7.94710286e-06,1],"shapeName":"/art/shapes/objects/jerseybarrier_3m.dae"}
{"name":"TSStatic_5612111113","class":"TSStatic","__parent":"barriers_l","position":[454.358002,-230.461884,159.99646],"isRenderEnabled":false,"rotationMatrix":[-0.776647091,-0.629935622,-1.26454779e-07,0.629935622,-0.776647091,-1.01300102e-05,6.28304406e-06,-7.94710286e-06,1],"shapeName":"/art/shapes/objects/jerseybarrier_3m.dae"}
{"name":"TSStatic_56121111123","class":"TSStatic","__parent":"barriers_l","position":[478.763489,-260.551331,159.996078],"isRenderEnabled":false,"rotationMatrix":[-0.776647091,-0.629935622,-1.26454779e-07,0.629935622,-0.776647091,-1.01300102e-05,6.28304406e-06,-7.94710286e-06,1],"shapeName":"/art/shapes/objects/jerseybarrier_3m.dae"}
{"name":"TSStatic_57211111","class":"TSStatic","__parent":"barriers_l","position":[491.383301,-276.110291,159.995865],"isRenderEnabled":false,"rotationMatrix":[-0.776647091,-0.629935622,-1.26454779e-07,0.629935622,-0.776647091,-1.01300102e-05,6.28304406e-06,-7.94710286e-06,1],"shapeName":"/art/shapes/objects/jerseybarrier_3m.dae"}
{"name":"TSStatic_56121111112","class":"TSStatic","__parent":"barriers_l","position":[455.877014,-232.334564,159.996429],"isRenderEnabled":false,"rotationMatrix":[-0.776647091,-0.629935622,-1.26454779e-07,0.629935622,-0.776647091,-1.01300102e-05,6.28304406e-06,-7.94710286e-06,1],"shapeName":"/art/shapes/objects/jerseybarrier_3m.dae"}
{"name":"TSStatic_51412","class":"TSStatic","__parent":"barriers_l","position":[417.266754,-184.732117,159.997025],"isRenderEnabled":false,"rotationMatrix":[-0.776647091,-0.629935622,-1.26454779e-07,0.629935622,-0.776647091,-1.01300102e-05,6.28304406e-06,-7.94710286e-06,1],"shapeName":"/art/shapes/objects/jerseybarrier_3m.dae"}
{"name":"TSStatic_561221111212","class":"TSStatic","__parent":"barriers_l","position":[534.023621,-328.681671,159.995209],"isRenderEnabled":false,"rotationMatrix":[-0.776647091,-0.629935622,-1.26454779e-07,0.629935622,-0.776647091,-1.01300102e-05,6.28304406e-06,-7.94710286e-06,1],"shapeName":"/art/shapes/objects/jerseybarrier_3m.dae"}
{"name":"TSStatic_5612111111121112111","class":"TSStatic","__parent":"barriers_l","position":[616.586365,-430.473297,159.993866],"isRenderEnabled":false,"rotationMatrix":[-0.776647091,-0.629935622,-1.26454779e-07,0.629935622,-0.776647091,-1.01300102e-05,6.28304406e-06,-7.94710286e-06,1],"shapeName":"/art/shapes/objects/jerseybarrier_3m.dae"}
