{"name":"overviewbookmark","internalName":"NewCamera_26","class":"CameraBookmark","persistentId":"49781f2f-e4a5-11e7-bbfc-d010411d9a54","__parent":"CameraBookmarks","position":[-4.48608017,208.692993,303.842987],"dataBlock":"CameraBookmarkMarker","isAIControlled":"0","rotationMatrix":[-0.93697536,0.349395961,-1.61677599e-06,-0.298706383,-0.80104351,-0.518752515,-0.181251317,-0.486057729,0.8549245]}
{"name":"island_view","internalName":"NewCamera_0","class":"CameraBookmark","persistentId":"49781f30-e4a5-11e7-bbfc-d010411d9a54","__parent":"CameraBookmarks","position":[961.369019,-1196.75,243.584],"dataBlock":"CameraBookmarkMarker","isAIControlled":"0","rotationMatrix":[0.791393459,0.611307144,3.27825546e-07,-0.468620449,0.606672764,-0.642139435,-0.392544627,0.508184791,0.766587853]}
{"internalName":"NewCamera_1","class":"CameraBookmark","persistentId":"49781f31-e4a5-11e7-bbfc-d010411d9a54","__parent":"CameraBookmarks","position":[-469.302002,-295.273987,203.878998],"dataBlock":"CameraBookmarkMarker","isAIControlled":"0","rotationMatrix":[-0.53215766,-0.846645296,5.30481339e-06,0.101220012,-0.0636279583,-0.992827296,0.840572894,-0.528340101,0.1195575]}
{"internalName":"NewCamera_2","class":"CameraBookmark","persistentId":"49781f32-e4a5-11e7-bbfc-d010411d9a54","__parent":"CameraBookmarks","position":[39.5326996,562.429016,326.587006],"dataBlock":"CameraBookmarkMarker","isAIControlled":"0","rotationMatrix":[0.882950962,-0.469465256,-1.78813934e-07,0.0126039237,0.0237053037,-0.999639571,0.469296038,0.882632673,0.0268477201]}
{"internalName":"NewCamera_3","class":"CameraBookmark","persistentId":"49781f33-e4a5-11e7-bbfc-d010411d9a54","__parent":"CameraBookmarks","position":[-573.346985,-912.830017,127.212997],"dataBlock":"CameraBookmarkMarker","isAIControlled":"0","rotationMatrix":[-0.661831737,0.749652684,-1.44541264e-06,-0.605113089,-0.534223676,0.590291142,0.442512512,0.390674174,0.807190418]}
{"internalName":"NewCamera_4","class":"CameraBookmark","persistentId":"49781f34-e4a5-11e7-bbfc-d010411d9a54","__parent":"CameraBookmarks","position":[-474.975006,-17.7670002,139.600998],"dataBlock":"CameraBookmarkMarker","isAIControlled":"0","rotationMatrix":[-0.808043718,0.589122653,-3.65078449e-07,-0.572841525,-0.7857126,-0.233470514,-0.137543052,-0.188654169,0.972363889]}
{"internalName":"NewCamera_5","class":"CameraBookmark","persistentId":"497832c5-e4a5-11e7-bbfc-d010411d9a54","__parent":"CameraBookmarks","position":[209.302002,72.1648026,233.572006],"dataBlock":"CameraBookmarkMarker","isAIControlled":"0","rotationMatrix":[-0.191591144,-0.981474817,1.17346644e-07,0.980461776,-0.191393375,-0.0454241261,0.0445826575,-0.00870274566,0.998967767]}
{"internalName":"NewCamera_6","class":"CameraBookmark","persistentId":"497832c6-e4a5-11e7-bbfc-d010411d9a54","__parent":"CameraBookmarks","position":[270.730988,-45.0382996,172.432007],"dataBlock":"CameraBookmarkMarker","isAIControlled":"0","rotationMatrix":[0.59735477,0.801977098,-1.78813934e-07,-0.630340993,0.469511032,-0.618247211,-0.495820045,0.369313031,0.785983682]}
{"internalName":"NewCamera_7","class":"CameraBookmark","persistentId":"497832c7-e4a5-11e7-bbfc-d010411d9a54","__parent":"CameraBookmarks","position":[186.824005,-68.9753036,170.789993],"dataBlock":"CameraBookmarkMarker","isAIControlled":"0","rotationMatrix":[0.935808778,-0.352508068,2.90572643e-07,0.299773216,0.795812249,-0.526135802,0.185466886,0.492362618,0.850400567]}
{"internalName":"NewCamera_8","class":"CameraBookmark","persistentId":"497832c8-e4a5-11e7-bbfc-d010411d9a54","__parent":"CameraBookmarks","position":[-83.4138031,-65.893898,192.369003],"dataBlock":"CameraBookmarkMarker","isAIControlled":"0","rotationMatrix":[0.887758076,0.46031034,1.34110451e-07,-0.362178147,0.69849968,-0.617191374,-0.284099698,0.547916591,0.78681308]}
{"internalName":"NewCamera_9","class":"CameraBookmark","persistentId":"497832c9-e4a5-11e7-bbfc-d010411d9a54","__parent":"CameraBookmarks","position":[50.0224991,-4.13979006,145.505005],"dataBlock":"CameraBookmarkMarker","isAIControlled":"0","rotationMatrix":[-0.044282794,-0.999019086,1.11758709e-06,0.881547034,-0.0390762091,-0.47047627,0.470014811,-0.0208330005,0.882412672]}
{"internalName":"NewCamera_10","class":"CameraBookmark","persistentId":"497832ca-e4a5-11e7-bbfc-d010411d9a54","__parent":"CameraBookmarks","position":[-365.980988,539.810974,178.156998],"dataBlock":"CameraBookmarkMarker","isAIControlled":"0","rotationMatrix":[0.280298889,0.959912837,-1.86264515e-09,-0.959152877,0.280076981,-0.0397831388,-0.0381883383,0.0111511732,0.999208331]}
{"name":"fpstest","internalName":"NewCamera_12","class":"CameraBookmark","persistentId":"497832cb-e4a5-11e7-bbfc-d010411d9a54","__parent":"CameraBookmarks","position":[-710.846008,-477.790009,169.093994],"dataBlock":"CameraBookmarkMarker","isAIControlled":"0","rotationMatrix":[0.505119026,-0.863049686,-2.04890966e-08,0.862085998,0.504555047,-0.0472430401,0.0407731012,0.0238633417,0.998883426]}
{"internalName":"NewCamera_11","class":"CameraBookmark","persistentId":"497832cc-e4a5-11e7-bbfc-d010411d9a54","__parent":"CameraBookmarks","position":[635.507019,538.786011,165.951004],"dataBlock":"CameraBookmarkMarker","isAIControlled":"0","rotationMatrix":[0.534394979,0.845234931,-2.11596489e-06,-0.410184681,0.259334743,-0.874353528,-0.73903358,0.467250973,0.485289574]}
{"internalName":"NewCamera_13","class":"CameraBookmark","persistentId":"497832cd-e4a5-11e7-bbfc-d010411d9a54","__parent":"CameraBookmarks","position":[-311.670013,-347.209015,165.399994],"dataBlock":"CameraBookmarkMarker","isAIControlled":"0","rotationMatrix":[0.7738989,0.633309186,8.94069672e-08,-0.593636453,0.725419164,-0.348371714,-0.220627055,0.269604415,0.937356472]}
{"internalName":"NewCamera_14","class":"CameraBookmark","persistentId":"4978465f-e4a5-11e7-bbfc-d010411d9a54","__parent":"CameraBookmarks","position":[-616.942017,563.195007,168.639008],"dataBlock":"CameraBookmarkMarker","isAIControlled":"0","rotationMatrix":[0.922702014,-0.385513991,-1.1920929e-07,0.227986246,0.545670152,-0.806390882,0.310875058,0.74405849,0.591382802]}
{"internalName":"NewCamera_15","class":"CameraBookmark","persistentId":"49784660-e4a5-11e7-bbfc-d010411d9a54","__parent":"CameraBookmarks","position":[-81.1529007,-463.126007,131.701996],"dataBlock":"CameraBookmarkMarker","isAIControlled":"0","rotationMatrix":[-0.0415732861,-0.999135375,-1.56462193e-07,0.990517259,-0.0412147045,-0.13105996,0.130946636,-0.0054487735,0.991374433]}
{"internalName":"NewCamera_16","class":"CameraBookmark","persistentId":"49784661-e4a5-11e7-bbfc-d010411d9a54","__parent":"CameraBookmarks","position":[712.5,-410.14801,189.199005],"dataBlock":"CameraBookmarkMarker","isAIControlled":"0","rotationMatrix":[0.940506518,0.339775652,2.98023224e-08,-0.250639409,0.693775415,-0.675170779,-0.22940661,0.635002494,0.737661481]}
{"internalName":"NewCamera_17","class":"CameraBookmark","persistentId":"49784662-e4a5-11e7-bbfc-d010411d9a54","__parent":"CameraBookmarks","position":[278.738007,-432.582001,174.281006],"cubemap0":"DefaultSkyCubemap","dataBlock":"CameraBookmarkMarker","fullReflect0":"nil","isAIControlled":"0","reflectDetailAdjust0":"1","reflectMaxRateMs0":"15","reflectNormalUp0":"true","reflectPriority0":"1","reflectTexSize0":"nil","rotationMatrix":[-0.936185241,0.351507783,1.1920929e-06,-0.265637755,-0.707481861,-0.654909492,-0.23020491,-0.613116741,0.755707383],"useOcclusionQuery0":"true"}
{"internalName":"NewCamera_18","class":"CameraBookmark","persistentId":"49784663-e4a5-11e7-bbfc-d010411d9a54","__parent":"CameraBookmarks","position":[359.135986,-578.20697,141.697998],"cubemap0":"cubemap_river_reflection","dataBlock":"CameraBookmarkMarker","fullReflect0":"nil","isAIControlled":"0","reflectDetailAdjust0":"1","reflectMaxRateMs0":"15","reflectNormalUp0":"true","reflectPriority0":"1","reflectTexSize0":"nil","rotationMatrix":[-0.234729528,0.97206074,2.75671482e-06,-0.875724375,-0.211465359,-0.434038192,-0.421910882,-0.101883978,0.900894463],"useOcclusionQuery0":"true"}
{"internalName":"NewCamera_20","class":"CameraBookmark","persistentId":"49784665-e4a5-11e7-bbfc-d010411d9a54","__parent":"CameraBookmarks","position":[-776.91803,61.4653015,130.761993],"dataBlock":"CameraBookmarkMarker","isAIControlled":"0","rotationMatrix":[0.962658465,-0.270718724,9.49949026e-08,0.267391592,0.95082736,-0.156297922,0.0423126891,0.150461555,0.987709939]}
{"internalName":"NewCamera_21","class":"CameraBookmark","persistentId":"49784666-e4a5-11e7-bbfc-d010411d9a54","__parent":"CameraBookmarks","position":[-673.421997,114.861,135.837006],"dataBlock":"CameraBookmarkMarker","isAIControlled":"0","rotationMatrix":[-0.648911953,-0.760863483,2.08616257e-07,0.660322726,-0.563164592,-0.496809274,0.378004164,-0.322385341,0.867859721]}
{"internalName":"NewCamera_22","class":"CameraBookmark","persistentId":"49784667-e4a5-11e7-bbfc-d010411d9a54","__parent":"CameraBookmarks","position":[-190.444,-381.136993,131.828003],"dataBlock":"CameraBookmarkMarker","isAIControlled":"0","rotationMatrix":[0.504393101,0.86347419,4.76837158e-07,-0.611625016,0.357277334,-0.70588088,-0.609510064,0.356041163,0.708330631]}
{"name":"camtest","internalName":"NewCamera_23","class":"CameraBookmark","persistentId":"497859f9-e4a5-11e7-bbfc-d010411d9a54","__parent":"CameraBookmarks","position":[985.025024,-865.583984,153.151993],"cubemap0":"cubemap_river_reflection","dataBlock":"CameraBookmarkMarker","fullReflect0":"nil","isAIControlled":"0","reflectDetailAdjust0":"1","reflectMaxRateMs0":"15","reflectNormalUp0":"true","reflectPriority0":"1","reflectTexSize0":"nil","rotationMatrix":[0.702764273,0.711422801,2.04890966e-08,-0.710376978,0.701731086,-0.054203853,-0.0385618657,0.0380925164,0.998529911],"useOcclusionQuery0":"true"}
{"internalName":"NewCamera_24","class":"CameraBookmark","persistentId":"497859fa-e4a5-11e7-bbfc-d010411d9a54","__parent":"CameraBookmarks","position":[295.540985,358.46701,262.910004],"cubemap0":"DefaultSkyCubemap","dataBlock":"CameraBookmarkMarker","fullReflect0":"nil","isAIControlled":"0","reflectDetailAdjust0":"1","reflectMaxRateMs0":"15","reflectNormalUp0":"true","reflectPriority0":"1","reflectTexSize0":"nil","rotationMatrix":[0.522857904,0.852419853,-1.16229057e-06,-0.642999768,0.394402802,-0.656504214,-0.559616685,0.343259215,0.75432241],"useOcclusionQuery0":"true"}
{"name":"comp5","internalName":"NewCamera_27","class":"CameraBookmark","persistentId":"497859fc-e4a5-11e7-bbfc-d010411d9a54","__parent":"CameraBookmarks","position":[319.600006,-977.463989,981.304993],"cubemap0":"DefaultSkyCubemap","dataBlock":"CameraBookmarkMarker","fullReflect0":"nil","isAIControlled":"0","reflectDetailAdjust0":"1","reflectMaxRateMs0":"15","reflectNormalUp0":"true","reflectPriority0":"1","reflectTexSize0":"nil","rotationMatrix":[0.991192341,0.132429957,1.49011612e-07,-0.075735651,0.566856027,-0.820328236,-0.108636118,0.81310308,0.571892977],"useOcclusionQuery0":"true"}
{"name":"comp6","internalName":"NewCamera_28","class":"CameraBookmark","persistentId":"497859fd-e4a5-11e7-bbfc-d010411d9a54","__parent":"CameraBookmarks","position":[171.889999,-974.052002,154.173996],"cubemap0":"cubemap_river_reflection","dataBlock":"CameraBookmarkMarker","fullReflect0":"nil","isAIControlled":"0","reflectDetailAdjust0":"1","reflectMaxRateMs0":"15","reflectNormalUp0":"true","reflectPriority0":"1","reflectTexSize0":"nil","rotationMatrix":[0.788735867,0.614732325,-1.93715096e-07,-0.583818734,0.749071956,-0.313124418,-0.192487538,0.246972561,0.949712098],"useOcclusionQuery0":"true"}
{"internalName":"NewCamera_29","class":"CameraBookmark","persistentId":"6d7b4f03-36d1-41d1-ba66-f1d40e3eeb4c","__parent":"CameraBookmarks","position":[87.7378082,493.909485,166.322281],"cubemap0":"DefaultSkyCubemap","dataBlock":"CameraBookmarkMarker","fullReflect0":"nil","reflectDetailAdjust0":"1","reflectMaxRateMs0":"15","reflectNormalUp0":"true","reflectPriority0":"1","reflectTexSize0":"nil","rotationMatrix":[-0.683487892,0.729961872,-2.98023224e-08,-0.685174823,-0.641552329,0.344885558,0.251753271,0.235725135,0.938644767],"useOcclusionQuery0":"true"}
