{"class":"TSStatic","__parent":"cliff_rocks","position":[-484.760071,-40.30056,192.604919],"isRenderEnabled":false,"mode":"Ignore","order_simset":"1528","rotationMatrix":[0.635365129,0.772211611,-0.000593286473,-0.772131264,0.635287642,-0.014928855,-0.0111513278,0.00994336884,0.999888361],"scale":[2.68341351,2.68341351,2.68341351],"shapeName":"/levels/jungle_rock_island/art/shapes/rocks/pac_rock_large_3.dae","useInstanceRenderData":true}
{"class":"TSStatic","__parent":"cliff_rocks","position":[-464.570587,-40.30056,192.604919],"isRenderEnabled":false,"mode":"Ignore","order_simset":"1528","rotationMatrix":[0.635365129,0.772211611,-0.000593286473,-0.772131264,0.635287642,-0.014928855,-0.0111513278,0.00994336884,0.999888361],"scale":[2.68341351,2.68341351,2.68341351],"shapeName":"/levels/jungle_rock_island/art/shapes/rocks/pac_rock_large_3.dae","useInstanceRenderData":true}
{"class":"TSStatic","__parent":"cliff_rocks","position":[-467.806793,-32.1578636,189.189407],"isRenderEnabled":false,"mode":"Ignore","order_simset":"1532","rotationMatrix":[-0.0680881292,0.997622013,-0.0106801894,-0.997616887,-0.0681996197,-0.0104477853,-0.0111513278,0.00994336884,0.999888361],"scale":[2.68341351,2.68341351,2.68341351],"shapeName":"/levels/jungle_rock_island/art/shapes/rocks/pac_rock_large_1.dae","useInstanceRenderData":true}
{"class":"TSStatic","__parent":"cliff_rocks","position":[-452.375519,-0.501670837,190.036118],"isRenderEnabled":false,"mode":"Ignore","order_simset":"1528","rotationMatrix":[0.635365129,0.772211611,-0.000593286473,-0.772131264,0.635287642,-0.014928855,-0.0111513278,0.00994336884,0.999888361],"scale":[2.68341351,2.68341351,2.68341351],"shapeName":"/levels/jungle_rock_island/art/shapes/rocks/pac_rock_large_3.dae","useInstanceRenderData":true}
{"class":"TSStatic","__parent":"cliff_rocks","position":[-472.565002,-0.501670837,190.036118],"isRenderEnabled":false,"mode":"Ignore","order_simset":"1528","rotationMatrix":[0.635365129,0.772211611,-0.000593286473,-0.772131264,0.635287642,-0.014928855,-0.0111513278,0.00994336884,0.999888361],"scale":[2.68341351,2.68341351,2.68341351],"shapeName":"/levels/jungle_rock_island/art/shapes/rocks/pac_rock_large_3.dae","useInstanceRenderData":true}
{"class":"TSStatic","__parent":"cliff_rocks","position":[-466.31076,-0.501670122,190.036118],"isRenderEnabled":false,"mode":"Ignore","order_simset":"1528","rotationMatrix":[0.635365367,0.772211373,-0.000593304634,-0.772131085,0.635287821,-0.0149293812,-0.0111517189,0.00994372182,0.999888361],"scale":[2.68341351,2.68341351,2.68341351],"shapeName":"/levels/jungle_rock_island/art/shapes/rocks/pac_rock_large_3.dae","useInstanceRenderData":true}
{"class":"TSStatic","__parent":"cliff_rocks","position":[-455.611725,7.64102364,186.620605],"isRenderEnabled":false,"mode":"Ignore","order_simset":"1532","rotationMatrix":[-0.0680881292,0.997622013,-0.0106801894,-0.997616887,-0.0681996197,-0.0104477853,-0.0111513278,0.00994336884,0.999888361],"scale":[2.68341351,2.68341351,2.68341351],"shapeName":"/levels/jungle_rock_island/art/shapes/rocks/pac_rock_large_1.dae","useInstanceRenderData":true}
{"class":"TSStatic","__parent":"cliff_rocks","position":[-479.594543,-60.7519264,189.189407],"isRenderEnabled":false,"mode":"Ignore","order_simset":"1532","rotationMatrix":[-0.0680881292,0.997622013,-0.0106801894,-0.997616887,-0.0681996197,-0.0104477853,-0.0111513278,0.00994336884,0.999888361],"scale":[2.68341351,2.68341351,2.68341351],"shapeName":"/levels/jungle_rock_island/art/shapes/rocks/pac_rock_large_1.dae","useInstanceRenderData":true}
{"class":"TSStatic","__parent":"cliff_rocks","position":[-490.293579,-68.8946457,192.604919],"isRenderEnabled":false,"mode":"Ignore","order_simset":"1528","rotationMatrix":[0.635365367,0.772211373,-0.000593304634,-0.772131085,0.635287821,-0.0149293812,-0.0111517189,0.00994372182,0.999888361],"scale":[2.68341351,2.68341351,2.68341351],"shapeName":"/levels/jungle_rock_island/art/shapes/rocks/pac_rock_large_3.dae","useInstanceRenderData":true}
{"class":"TSStatic","__parent":"cliff_rocks","position":[-496.547821,-68.8946457,192.604919],"isRenderEnabled":false,"mode":"Ignore","order_simset":"1528","rotationMatrix":[0.635365129,0.772211611,-0.000593286473,-0.772131264,0.635287642,-0.014928855,-0.0111513278,0.00994336884,0.999888361],"scale":[2.68341351,2.68341351,2.68341351],"shapeName":"/levels/jungle_rock_island/art/shapes/rocks/pac_rock_large_3.dae","useInstanceRenderData":true}
{"class":"TSStatic","__parent":"cliff_rocks","position":[-476.358337,-68.8946457,192.604919],"isRenderEnabled":false,"mode":"Ignore","order_simset":"1528","rotationMatrix":[0.635365129,0.772211611,-0.000593286473,-0.772131264,0.635287642,-0.014928855,-0.0111513278,0.00994336884,0.999888361],"scale":[2.68341351,2.68341351,2.68341351],"shapeName":"/levels/jungle_rock_island/art/shapes/rocks/pac_rock_large_3.dae","useInstanceRenderData":true}
{"class":"TSStatic","__parent":"cliff_rocks","position":[-478.505829,-40.30056,192.604919],"isRenderEnabled":false,"mode":"Ignore","order_simset":"1528","rotationMatrix":[0.635365367,0.772211373,-0.000593304634,-0.772131085,0.635287821,-0.0149293812,-0.0111517189,0.00994372182,0.999888361],"scale":[2.68341351,2.68341351,2.68341351],"shapeName":"/levels/jungle_rock_island/art/shapes/rocks/pac_rock_large_3.dae","useInstanceRenderData":true}
{"name":"cliff_rock_g263","class":"Prefab","persistentId":"5bb45303-b215-45b0-b9cc-0ff6a9936e63","__parent":"cliff_rocks","position":[689.610046,-21.0199203,125.45771],"annotation":"ROCK","filename":"/levels/jungle_rock_island/art/prefabs/cliff_rock_g5.prefab","rotationMatrix":[-0.500187635,0.000609233975,-0.865916908,-0.0840330571,0.995245576,0.0492410176,0.861829996,0.0973953828,-0.497758329],"scale":[1.44636917,1.44636917,1.44636917]}
{"name":"cliff_rock_g264","class":"Prefab","persistentId":"3810b24e-fc01-479a-b32a-c23a2c8bf7fe","__parent":"cliff_rocks","position":[691.143555,-34.2812424,124.156151],"annotation":"ROCK","filename":"/levels/jungle_rock_island/art/prefabs/cliff_rock_g1.prefab","rotationMatrix":[-0.573529243,-0.00736864191,-0.819151998,-0.0128468322,0.999917448,0,0.819084346,0.0105235083,-0.57357657],"scale":[1.44636917,1.44636917,1.44636917]}
{"name":"cliff_rock_g265","class":"Prefab","persistentId":"79166a51-0faf-4606-9ed0-4dca6333e2ce","__parent":"cliff_rocks","position":[686.370483,-16.0366077,123.157303],"annotation":"ROCK","filename":"/levels/jungle_rock_island/art/prefabs/cliff_rock_g3.prefab","rotationMatrix":[0.304540873,0.107844986,-0.946374238,0.947325885,0.0691188872,0.312723696,0.0991380215,-0.991762042,-0.0811148286],"scale":[1.44636917,1.44636917,1.44636917]}
{"name":"cliff_rock_g266","class":"Prefab","persistentId":"3ba9f30a-74ac-4d92-a6de-c1809677b92a","__parent":"cliff_rocks","position":[680.640747,-15.9641218,126.213623],"annotation":"ROCK","filename":"/levels/jungle_rock_island/art/prefabs/cliff_rock_g5.prefab","rotationMatrix":[0.267213672,0.000346084387,0.963637292,-0.000427313673,0.999999881,-0.000240650988,-0.963637292,-0.000347470166,0.267213732],"scale":[1.44636917,1.44636917,1.44636917]}
{"name":"pac_rock_wall_collection301","class":"Prefab","persistentId":"6409a36e-cba5-406b-aad1-297122d429f7","__parent":"cliff_rocks","position":[679.90094,7.50645781,122.120071],"annotation":"ROCK","filename":"/levels/jungle_rock_island/art/prefabs/pac_rock_wall_collection_1.prefab","rotationMatrix":[-0.0327601992,-0.999347627,-0.015159904,0.179655582,0.00903295167,-0.983687103,0.983183026,-0.0349494293,0.179242551],"scale":[2.71020985,2.71020985,2.71020985]}
{"name":"cliff_rock_g267","class":"Prefab","persistentId":"c3852596-5d46-4042-9c93-67af523d4557","__parent":"cliff_rocks","position":[681.243347,-1.07786846,124.360878],"annotation":"ROCK","filename":"/levels/jungle_rock_island/art/prefabs/cliff_rock_g4.prefab","rotationMatrix":[-0.250233412,0.0233904887,0.96790266,0.96818316,0.00397872878,0.250209779,0.00200150744,0.999718487,-0.0236418955],"scale":[1.44636917,1.44636917,1.44636917]}
{"name":"cliff_rock_g268","class":"Prefab","persistentId":"348f4201-ef12-4168-985f-74612dd6ecdd","__parent":"cliff_rocks","position":[682.813843,11.2842684,124.263275],"annotation":"ROCK","filename":"/levels/jungle_rock_island/art/prefabs/cliff_rock_g4.prefab","rotationMatrix":[-0.110561542,-0.0898792073,0.989796817,-0.993867815,0.0083097145,-0.110261723,0.00168529898,-0.995917916,-0.0902467966],"scale":[1.44636917,1.44636917,1.44636917]}
{"name":"cliff_rock_g269","class":"Prefab","persistentId":"51f9823c-8b0c-4354-8c08-b58c32240c93","__parent":"cliff_rocks","position":[679.355103,20.4825764,123.993248],"annotation":"ROCK","filename":"/levels/jungle_rock_island/art/prefabs/cliff_rock_g4.prefab","rotationMatrix":[-0.0943398848,0.354345292,0.930343568,-0.124151595,-0.931403756,0.342159659,0.987768292,-0.0832243487,0.131861076],"scale":[1.44636917,1.44636917,1.44636917]}
{"name":"pac_rock_wall_collection302","class":"Prefab","persistentId":"addc19a8-b265-45da-a134-9f3e9c113837","__parent":"cliff_rocks","position":[676.554382,32.6345177,123.863937],"annotation":"ROCK","filename":"/levels/jungle_rock_island/art/prefabs/pac_rock_wall_collection_2.prefab","rotationMatrix":[0.0181094091,0.979222894,-0.201974928,0.116610222,0.198560834,0.973126173,0.993012249,-0.0411750451,-0.110591449],"scale":[2.04457664,2.04457664,2.04457664]}
{"name":"pac_rock_wall_collection303","class":"Prefab","persistentId":"056ba683-f7fe-47c3-8bf0-1060bb58336a","__parent":"cliff_rocks","position":[675.082886,54.5493317,123.14003],"annotation":"ROCK","filename":"/levels/jungle_rock_island/art/prefabs/pac_rock_wall_collection_1.prefab","rotationMatrix":[-0.0232114792,-0.9989537,0.0393975154,-0.649845481,-0.0148706548,-0.759920537,0.759711444,-0.0432411991,-0.648820639],"scale":[2.71020985,2.71020985,2.71020985]}
{"name":"cliff_rock_g270","class":"Prefab","persistentId":"c32c2296-b0ab-4db8-81e4-659b7796be5b","__parent":"cliff_rocks","position":[666.50885,72.8128967,124.512817],"annotation":"ROCK","filename":"/levels/jungle_rock_island/art/prefabs/cliff_rock_g1.prefab","rotationMatrix":[0.152093634,-0.698986888,-0.698773384,-0.983264685,-0.178745091,-0.0352157354,-0.100287035,0.692435682,-0.714475513],"scale":[1.44636917,1.44636917,1.44636917]}
{"name":"cliff_rock_g271","class":"Prefab","persistentId":"a4c7beaf-5614-46a9-8ea8-206a8d089cc2","__parent":"cliff_rocks","position":[653.935608,73.654335,124.985924],"annotation":"ROCK","filename":"/levels/jungle_rock_island/art/prefabs/cliff_rock_g4.prefab","rotationMatrix":[0.0281213187,-0.826380253,-0.562409639,-0.118336365,0.555923522,-0.822766781,0.992575288,0.0896908343,-0.0821575597],"scale":[1.44636917,1.44636917,1.44636917]}
{"name":"cliff_rock_g272","class":"Prefab","persistentId":"d6c1d7e5-aaec-438a-bdbf-cb8e517110b5","__parent":"cliff_rocks","position":[688.356079,-44.688755,124.449478],"annotation":"ROCK","filename":"/levels/jungle_rock_island/art/prefabs/cliff_rock_g4.prefab","rotationMatrix":[-0.825211346,0.337346375,-0.453015655,0.446813315,-0.100746714,-0.888936222,-0.345519423,-0.935974061,-0.0675935596],"scale":[1.44636917,1.44636917,1.44636917]}
{"name":"pac_rock_wall_collection304","class":"Prefab","persistentId":"901d1b36-8912-4c13-a6d2-2fcacf65c453","__parent":"cliff_rocks","position":[690.271484,5.30992079,122.91404],"annotation":"ROCK","filename":"/levels/jungle_rock_island/art/prefabs/pac_rock_wall_collection_1.prefab","rotationMatrix":[-0.0561759621,-0.996134162,0.0675316229,-0.25042665,-0.0514183417,-0.966768742,0.966504157,-0.0712209344,-0.246570081],"scale":[2.71020985,2.71020985,2.71020985]}
{"name":"pac_rock_wall_collection305","class":"Prefab","persistentId":"586789fe-69c8-4072-b159-ada0b15e809b","__parent":"cliff_rocks","position":[694.487366,23.4569721,120.560127],"annotation":"ROCK","filename":"/levels/jungle_rock_island/art/prefabs/pac_rock_wall_collection_2.prefab","rotationMatrix":[-0.373561203,-0.92381537,0.0837666988,0.231323242,-0.00532568246,0.972862482,-0.898299217,0.382800877,0.21568951],"scale":[2.04457664,2.04457664,2.04457664]}
{"name":"pac_rock_wall_collection306","class":"Prefab","persistentId":"8032d5ee-28e0-4d10-ad8a-07e57c92d0a2","__parent":"cliff_rocks","position":[686.311035,44.1223145,121.621132],"annotation":"ROCK","filename":"/levels/jungle_rock_island/art/prefabs/pac_rock_wall_collection_1.prefab","rotationMatrix":[-0.0216866583,-0.999257028,-0.0318579748,-0.120097548,0.0342385322,-0.992171466,0.99252516,-0.0176908169,-0.12075083],"scale":[2.71020985,2.71020985,2.71020985]}
{"name":"cliff_rock_g273","class":"Prefab","persistentId":"eadf0fd0-6222-4f1c-a0cd-9d77c634d353","__parent":"cliff_rocks","position":[696.517395,-21.8060513,121.001434],"annotation":"ROCK","filename":"/levels/jungle_rock_island/art/prefabs/cliff_rock_g5.prefab","rotationMatrix":[0.0485688895,0.124594957,-0.991017938,-0.271614581,0.956446409,0.106936872,0.961179674,0.263981223,0.0802952945],"scale":[1.44636917,1.44636917,1.44636917]}
{"name":"cliff_rock_g274","class":"Prefab","persistentId":"b4dd2555-e760-45ee-9689-10b76d21652f","__parent":"cliff_rocks","position":[697.88501,-0.459747791,120.691849],"annotation":"ROCK","filename":"/levels/jungle_rock_island/art/prefabs/cliff_rock_g4.prefab","rotationMatrix":[-0.242486373,-0.444242179,-0.862466753,-0.107421562,0.895827472,-0.431223541,0.964188933,-0.0119183119,-0.264947116],"scale":[1.44636917,1.44636917,1.44636917]}
{"name":"cliff_rock_g275","class":"Prefab","persistentId":"e9c3272f-6457-4a65-b40d-f9722c44730f","__parent":"cliff_rocks","position":[690.98877,60.6556091,121.093185],"annotation":"ROCK","filename":"/levels/jungle_rock_island/art/prefabs/cliff_rock_g1.prefab","rotationMatrix":[-0.0676792786,-0.237397671,-0.9690516,-0.0703354031,0.969997406,-0.232717082,0.995224416,0.0524085574,-0.0823462084],"scale":[1.44636917,1.44636917,1.44636917]}
{"name":"pac_rock_wall_collection307","class":"Prefab","persistentId":"0df04004-2426-47c5-bd25-30182a068b52","__parent":"cliff_rocks","position":[675.011841,68.9163818,121.951759],"annotation":"ROCK","filename":"/levels/jungle_rock_island/art/prefabs/pac_rock_wall_collection_2.prefab","rotationMatrix":[0.149238288,-0.984339297,-0.0938278884,-0.0272953957,0.0907533318,-0.995498955,0.988424122,0.151127651,-0.0133240605],"scale":[2.04457664,2.04457664,2.04457664]}
{"name":"pac_rock_wall_collection308","class":"Prefab","persistentId":"f871e4b0-ed24-4d91-a1b4-0c37f24075bc","__parent":"cliff_rocks","position":[682.681519,-53.3463631,123.757881],"annotation":"ROCK","filename":"/levels/jungle_rock_island/art/prefabs/pac_rock_wall_collection_1.prefab","rotationMatrix":[-0.146281764,0.989234149,0.00417276006,-0.0326298587,-0.000609172508,-0.999467075,-0.988704503,-0.146339953,0.0323676839],"scale":[2.71020985,2.71020985,2.71020985]}
{"name":"cliff_rock_g276","class":"Prefab","persistentId":"c594e92c-7dee-4c3b-825d-5b4f2479e438","__parent":"cliff_rocks","position":[675.892761,-52.390316,124.086784],"annotation":"ROCK","filename":"/levels/jungle_rock_island/art/prefabs/cliff_rock_g4.prefab","rotationMatrix":[-0.151089728,0.12164323,-0.981006861,0.889284968,0.450095564,-0.0811521113,0.431675375,-0.884656191,-0.176180407],"scale":[1.44636917,1.44636917,1.44636917]}
{"name":"pac_rock_wall_collection309","class":"Prefab","persistentId":"66564c25-1990-4e27-84a6-08e1622b7dae","__parent":"cliff_rocks","position":[668.259277,-45.0078926,124.579117],"annotation":"ROCK","filename":"/levels/jungle_rock_island/art/prefabs/pac_rock_wall_collection_2.prefab","rotationMatrix":[-0.938778341,-0.281900346,-0.198055476,-0.156294107,-0.163837329,0.974026978,-0.307027489,0.945351005,0.109747596],"scale":[2.04457664,2.04457664,2.04457664]}
{"name":"cliff_rock_g277","class":"Prefab","persistentId":"b8c81d69-7bd3-43f9-9852-dcd0f43fc070","__parent":"cliff_rocks","position":[669.591187,91.8307114,124.013916],"annotation":"ROCK","filename":"/levels/jungle_rock_island/art/prefabs/cliff_rock_g4.prefab","rotationMatrix":[-0.496353507,-0.347655177,-0.795467079,0.00176489539,0.915903628,-0.401392758,0.868117988,-0.20063673,-0.453998685],"scale":[1.44636917,1.44636917,1.44636917]}
{"name":"pac_rock_wall_collection310","class":"Prefab","persistentId":"7e8ba3e9-34fa-496d-9366-20405dcf048d","__parent":"cliff_rocks","position":[649.270752,80.6081543,123.910583],"annotation":"ROCK","filename":"/levels/jungle_rock_island/art/prefabs/pac_rock_wall_collection_2.prefab","rotationMatrix":[-0.241550073,0.970065713,0.0250123292,-0.118475363,-0.00389839709,-0.992948949,-0.963128626,-0.242810264,0.115870543],"scale":[2.04457664,2.04457664,2.04457664]}
{"name":"cliff_rock_g278","class":"Prefab","persistentId":"493fdc1f-3c36-4c69-9d40-43ea85474a64","__parent":"cliff_rocks","position":[655.285828,99.4438858,125.603294],"annotation":"ROCK","filename":"/levels/jungle_rock_island/art/prefabs/cliff_rock_g5.prefab","rotationMatrix":[0.0992672667,0.125890642,0.987064779,-0.160342857,0.98102504,-0.108994946,-0.982056797,-0.147449151,0.117569335],"scale":[1.44636917,1.44636917,1.44636917]}
{"name":"cliff_rock_g279","class":"Prefab","persistentId":"602d413c-8f1d-410b-a87e-197893379f98","__parent":"cliff_rocks","position":[678.927673,82.7717514,123.033905],"annotation":"ROCK","filename":"/levels/jungle_rock_island/art/prefabs/cliff_rock_g4.prefab","rotationMatrix":[-0.0882166401,0.637024701,-0.76577872,-0.107220888,-0.770381987,-0.62850219,-0.99031353,0.0266631581,0.136262894],"scale":[1.44636917,1.44636917,1.44636917]}
{"name":"pac_rock_wall_collection311","class":"Prefab","persistentId":"bed700a5-d119-429c-bf73-e747b71eab1a","__parent":"cliff_rocks","position":[694.137634,-61.1321182,121.589058],"annotation":"ROCK","filename":"/levels/jungle_rock_island/art/prefabs/pac_rock_wall_collection_1.prefab","rotationMatrix":[0.504098833,-0.861396074,-0.0622936264,0.0210128631,-0.0598742962,0.997984111,-0.863390148,-0.504391551,-0.01208218],"scale":[2.71020985,2.71020985,2.71020985]}
{"name":"pac_rock_wall_collection312","class":"Prefab","persistentId":"68da5459-72d1-4467-8a99-b1799d345bb0","__parent":"cliff_rocks","position":[700.145325,-42.7732735,120.113281],"annotation":"ROCK","filename":"/levels/jungle_rock_island/art/prefabs/pac_rock_wall_collection_2.prefab","rotationMatrix":[0.954760492,-0.199162498,-0.220828712,0.200835854,-0.115796633,0.972756207,-0.219308019,-0.973100305,-0.0705591142],"scale":[2.04457664,2.04457664,2.04457664]}
{"name":"pac_rock_wall_collection313","class":"Prefab","persistentId":"143aa5a5-2def-41f3-8900-95b9156b68ff","__parent":"cliff_rocks","position":[707.189148,4.43696976,118.680359],"annotation":"ROCK","filename":"/levels/jungle_rock_island/art/prefabs/pac_rock_wall_collection_1.prefab","rotationMatrix":[0.0172032081,0.998892546,-0.0437873751,-0.301051646,-0.0365867019,-0.952905416,-0.953452408,0.0295752939,0.300088853],"scale":[2.71020985,2.71020985,2.71020985]}
{"name":"pac_rock_wall_collection295","class":"Prefab","persistentId":"25486a3a-ae59-4403-82f2-727e682e779b","__parent":"cliff_rocks","position":[-739.225647,803.567932,149.417877],"annotation":"ROCK","filename":"/levels/jungle_rock_island/art/prefabs/pac_rock_wall_collection_1.prefab","rotationMatrix":[-0.726923168,0.6853019,0.0440875106,-0.674960732,-0.701173663,-0.229746282,-0.126532584,-0.196765289,0.972251415],"scale":[2.21639109,2.21639109,2.21639109]}
{"name":"cliff_rock_g251","class":"Prefab","persistentId":"d33ddc52-b20e-4906-b2e9-07dfd19c1d90","__parent":"cliff_rocks","position":[-589.715881,-248.428192,128.469696],"annotation":"ROCK","filename":"/levels/jungle_rock_island/art/prefabs/cliff_rock_g1.prefab","rotationMatrix":[-0.28395012,0.210245147,-0.935504615,0.0624214113,0.977647603,0.200769767,0.956804872,-0.00138691487,-0.290727019],"scale":[1.67141259,1.67141259,1.67141259]}
{"name":"pac_rock_wall_collection294","class":"Prefab","persistentId":"bd71bff5-88b7-4d13-b804-6e41f9957d13","__parent":"cliff_rocks","position":[-572.407654,-243.412186,124.733673],"annotation":"ROCK","filename":"/levels/jungle_rock_island/art/prefabs/pac_rock_wall_collection_1.prefab","rotationMatrix":[0.559008241,0.78685832,0.261464357,0.142306507,0.219610736,-0.965152681,-0.816858888,0.57673645,0.010789156],"scale":[2.71020985,2.71020985,2.71020985]}
{"name":"pac_rock_wall_collection273","class":"Prefab","persistentId":"305f17d3-5b95-43a7-9599-f5ba82df6e39","__parent":"cliff_rocks","position":[-602.932373,-187.020737,142.053329],"annotation":"ROCK","filename":"/levels/jungle_rock_island/art/prefabs/pac_rock_wall_collection_2.prefab","rotationMatrix":[-0.0549485907,-0.748280883,0.661102176,0.997416496,-0.0718155578,0.00161611347,0.0462681204,0.659483016,0.75029403],"scale":[2.04457664,2.04457664,2.04457664]}
{"name":"pac_rock_wall_collection274","class":"Prefab","persistentId":"389804cd-04c5-4ea7-92e6-46d88b0888d6","__parent":"cliff_rocks","position":[-628.860535,-205.904358,132.133072],"annotation":"ROCK","filename":"/levels/jungle_rock_island/art/prefabs/pac_rock_wall_collection_1.prefab","rotationMatrix":[-0.018809095,-0.830712557,-0.556383729,0.252077937,-0.542445183,0.801379919,-0.967523992,-0.125178784,0.219607234],"scale":[2.71020985,2.71020985,2.71020985]}
{"name":"pac_rock_wall_collection275","class":"Prefab","persistentId":"fd4497e2-3610-43d6-bbee-333406716297","__parent":"cliff_rocks","position":[-584.217468,-200.994675,130.617371],"annotation":"ROCK","filename":"/levels/jungle_rock_island/art/prefabs/pac_rock_wall_collection_2.prefab","rotationMatrix":[0.781045616,0.079450354,-0.619399011,0.498988628,-0.675774693,0.542529643,-0.375470132,-0.732813478,-0.567455828],"scale":[2.04457664,2.04457664,2.04457664]}
{"name":"pac_rock_wall_collection276","class":"Prefab","persistentId":"48e2eee4-5b2e-4814-850e-da8434a40ae3","__parent":"cliff_rocks","position":[-597.060669,-205.962753,138.421158],"annotation":"ROCK","filename":"/levels/jungle_rock_island/art/prefabs/pac_rock_wall_collection_2.prefab","rotationMatrix":[0.999932051,-0.0116585596,1.74122342e-05,0.00642106729,0.549474716,-0.835485756,0.00973099284,0.835429132,0.549512208],"scale":[2.04457664,2.04457664,2.04457664]}
{"name":"pac_rock_wall_collection277","class":"Prefab","persistentId":"e268a77b-18af-4480-b38c-841ca13a2f2f","__parent":"cliff_rocks","position":[-632.039795,-203.322342,132.909134],"annotation":"ROCK","filename":"/levels/jungle_rock_island/art/prefabs/pac_rock_wall_collection_2.prefab","rotationMatrix":[0.956909895,-0.269299775,0.108632885,0.21842593,0.421007782,-0.880365074,0.191346824,0.866158187,0.461688578],"scale":[2.75354052,2.75354052,2.75354052]}
{"name":"pac_rock_wall_collection278","class":"Prefab","persistentId":"2bc1d554-4405-4a2f-bbd1-668137742eee","__parent":"cliff_rocks","position":[-656.0755,-191.343704,136.052948],"annotation":"ROCK","filename":"/levels/jungle_rock_island/art/prefabs/pac_rock_wall_collection_1.prefab","rotationMatrix":[0.936602652,-0.219646931,0.27300331,0.350249678,0.564556777,-0.747395992,0.0100373626,0.795632243,0.605696678],"scale":[2.71020985,2.71020985,2.71020985]}
{"class":"TSStatic","persistentId":"346ac071-04b1-4e7b-b730-e1eb784e7538","__parent":"cliff_rocks","position":[-624.699219,-184.070892,151.844223],"annotation":"ROCK","isRenderEnabled":false,"rotationMatrix":[0.967291892,-0.165172905,0.192520633,0.253665686,0.629846394,-0.734130204,0,0.758954167,0.651144087],"scale":[2.11786747,2.11786747,2.11786747],"shapeName":"/levels/jungle_rock_island/art/shapes/rocks/pac_rock_large_1.dae","useInstanceRenderData":true}
{"name":"cliff_rock_g242","class":"Prefab","persistentId":"902c7917-9cac-442c-92a9-e8fa866a7cb7","__parent":"cliff_rocks","position":[-615.608704,-199.704697,134.308731],"annotation":"ROCK","filename":"/levels/jungle_rock_island/art/prefabs/cliff_rock_g1.prefab","rotationMatrix":[0.197081894,0.239045754,-0.950797379,-0.97468257,0.152241319,-0.163756922,0.10560526,0.958999097,0.262997746],"scale":[1.94381309,1.94381309,1.94381309]}
{"name":"pac_rock_wall_collection279","class":"Prefab","persistentId":"6e3446a7-f7d2-4dde-9f4b-75a67e453b50","__parent":"cliff_rocks","position":[-607.302917,-194.96843,140.285355],"annotation":"ROCK","filename":"/levels/jungle_rock_island/art/prefabs/pac_rock_wall_collection_1.prefab","rotationMatrix":[0.995078802,-0.0931519195,0.0337759033,0.0730052888,0.45877552,-0.885547936,0.0669949353,0.883655846,0.463318437],"scale":[2.71020985,2.71020985,2.71020985]}
{"name":"pac_rock_wall_collection280","class":"Prefab","persistentId":"f43ae0d7-a9c6-44e7-8ee8-7707058afa63","__parent":"cliff_rocks","position":[-588.818298,-219.906311,135.968018],"annotation":"ROCK","filename":"/levels/jungle_rock_island/art/prefabs/pac_rock_wall_collection_1.prefab","rotationMatrix":[-0.998430014,-0.0558276698,0.00454641646,0.00185153726,-0.11401847,-0.993476808,0.0559818819,-0.991908669,0.113942891],"scale":[2.71020985,2.71020985,2.71020985]}
{"name":"pac_rock_wall_collection281","class":"Prefab","persistentId":"f1e895bb-1bd8-4be0-8b71-dce0aeba90df","__parent":"cliff_rocks","position":[-651.374084,-202.257874,128.684036],"annotation":"ROCK","filename":"/levels/jungle_rock_island/art/prefabs/pac_rock_wall_collection_1.prefab","rotationMatrix":[-0.92808342,0.173195139,-0.329642802,-0.37221995,-0.406188309,0.834543765,0.0106418636,0.897226036,0.441443413],"scale":[2.71020985,2.71020985,2.71020985]}
{"name":"pac_rock_wall_collection282","class":"Prefab","persistentId":"42e381ca-5e63-400e-b514-5eaec3c5e337","__parent":"cliff_rocks","position":[-576.834229,-207.674301,138.553467],"annotation":"ROCK","filename":"/levels/jungle_rock_island/art/prefabs/pac_rock_wall_collection_2.prefab","rotationMatrix":[-0.89467746,-0.242756426,0.374995202,0.446405232,-0.454723835,0.770680308,-0.0165683255,0.856910169,0.515198946],"scale":[2.04457664,2.04457664,2.04457664]}
{"name":"cliff_rock_g197","class":"Prefab","persistentId":"ca6ea540-2ef3-4df9-9a9f-311942baac44","__parent":"cliff_rocks","position":[-599.901062,-201.274063,140.735443],"annotation":"ROCK","filename":"/levels/jungle_rock_island/art/prefabs/cliff_rock_g3.prefab","rotationMatrix":[0.989068389,-0.128561884,0.0722199827,-0.104349241,-0.264177084,0.958812714,-0.104187891,-0.95586741,-0.274704576],"scale":[1.44636917,1.44636917,1.44636917]}
{"name":"cliff_rock_g243","class":"Prefab","persistentId":"a71cecc5-4405-4bb1-99a2-0947d085b716","__parent":"cliff_rocks","position":[-603.563721,-212.879059,139.546921],"annotation":"ROCK","filename":"/levels/jungle_rock_island/art/prefabs/cliff_rock_g3.prefab","rotationMatrix":[-0.344596505,-0.380781472,0.858055174,0.938750863,-0.139519036,0.315089256,-0.000265118259,0.914078593,0.405536711],"scale":[1.58867872,1.58867872,1.58867872]}
{"name":"pac_rock_wall_collection283","class":"Prefab","persistentId":"9f705d4a-53fe-4167-9f45-0dee045ec400","__parent":"cliff_rocks","position":[-613.751282,-216.74588,131.566757],"annotation":"ROCK","filename":"/levels/jungle_rock_island/art/prefabs/pac_rock_wall_collection_1.prefab","rotationMatrix":[0.99999994,-0.000251720805,-0.000224470597,-0.000119217424,0.358768195,-0.933426678,0.000315495825,0.933426619,0.358768165],"scale":[2.71020985,2.71020985,2.71020985]}
{"class":"TSStatic","persistentId":"d499ba22-15c6-4250-8fc1-4c46219ebeb2","__parent":"cliff_rocks","position":[-606.385193,-200.822479,143.874863],"annotation":"ROCK","isRenderEnabled":false,"rotationMatrix":[-0.0803377405,-0.931102276,-0.355800301,0.692605615,-0.308849871,0.651850343,-0.716828346,-0.1940611,0.669699252],"scale":[3.43257022,3.43257022,3.43257022],"shapeName":"/levels/jungle_rock_island/art/shapes/rocks/pac_rock_medium_flat.dae","useInstanceRenderData":true}
{"name":"pac_rock_wall_collection284","class":"Prefab","persistentId":"52a78f8e-5d6f-4f04-b29f-17ea3e20a5de","__parent":"cliff_rocks","position":[-564.27417,-201.183777,142.506897],"annotation":"ROCK","filename":"/levels/jungle_rock_island/art/prefabs/pac_rock_wall_collection_1.prefab","rotationMatrix":[0.92545718,-0.246851474,-0.287390351,-0.0722155571,0.629729807,-0.773450196,0.371905655,0.736549139,0.564961433],"scale":[2.71020985,2.71020985,2.71020985]}
{"name":"pac_rock_wall_collection285","class":"Prefab","persistentId":"e009cbc5-4145-4d40-bf07-d12881ab2aed","__parent":"cliff_rocks","position":[-565.045227,-213.70787,134.945068],"annotation":"ROCK","filename":"/levels/jungle_rock_island/art/prefabs/pac_rock_wall_collection_1.prefab","rotationMatrix":[-0.0443496779,-0.949344754,-0.311090618,-0.116796032,0.314188778,-0.942148447,0.992165089,-0.0054498408,-0.124813907],"scale":[2.71020985,2.71020985,2.71020985]}
{"name":"pac_rock_wall_collection286","class":"Prefab","persistentId":"767dbf24-17f6-4cb9-b5ee-ccb2a51fa3f8","__parent":"cliff_rocks","position":[-598.66687,-231.538254,129.67894],"annotation":"ROCK","filename":"/levels/jungle_rock_island/art/prefabs/pac_rock_wall_collection_1.prefab","rotationMatrix":[0.287496924,-0.945237756,-0.154502541,0.956337988,0.292157263,-0.00785632711,0.0525651313,-0.145497978,0.987961113],"scale":[2.71020985,2.71020985,2.71020985]}
{"name":"pac_rock_wall_collection287","class":"Prefab","persistentId":"600be46a-814c-4fda-8c97-e3bb3a56fc89","__parent":"cliff_rocks","position":[-587.527039,-223.662888,133.457642],"annotation":"ROCK","filename":"/levels/jungle_rock_island/art/prefabs/pac_rock_wall_collection_1.prefab","rotationMatrix":[-0.133050114,0.986572564,0.0947210193,-0.0566167422,-0.102980293,0.993070722,0.989490807,0.1267654,0.069558084],"scale":[2.71020985,2.71020985,2.71020985]}
{"name":"pac_rock_wall_collection288","class":"Prefab","persistentId":"31f105ee-de69-4115-8061-b8d3dc205832","__parent":"cliff_rocks","position":[-630.132996,-219.631836,131.091263],"annotation":"ROCK","filename":"/levels/jungle_rock_island/art/prefabs/pac_rock_wall_collection_1.prefab","rotationMatrix":[-0.225302547,-0.738776267,-0.635175765,-0.780084729,-0.253791451,0.571889162,-0.583700299,0.624339163,-0.519128323],"scale":[2.71020985,2.71020985,2.71020985]}
{"class":"TSStatic","persistentId":"3f06eeec-4bea-42ab-bb5e-56a75b515532","__parent":"cliff_rocks","position":[-617.797668,-192.903473,144.205811],"annotation":"ROCK","isRenderEnabled":false,"rotationMatrix":[-0.944922566,0.0485675633,0.323670179,0.252904922,-0.519376159,0.816264451,0.207750529,0.853164434,0.478487253],"scale":[1.86649752,1.86649752,1.86649752],"shapeName":"/levels/jungle_rock_island/art/shapes/rocks/pac_rock_large_2.dae","useInstanceRenderData":true}
{"class":"TSStatic","persistentId":"fac47e54-6416-4f31-979e-d3da7ffd643a","__parent":"cliff_rocks","position":[-609.464172,-208.64325,133.313339],"annotation":"ROCK","isRenderEnabled":false,"rotationMatrix":[0.97247684,0.210654005,-0.0995654911,-0.229447097,0.940140188,-0.251971632,0.0405266955,0.267881781,0.96259886],"scale":[2.38010025,2.38010025,2.38010025],"shapeName":"/levels/jungle_rock_island/art/shapes/rocks/pac_rock_large_1.dae","useInstanceRenderData":true}
{"name":"cliff_rock_g244","class":"Prefab","persistentId":"9ce7b5ad-a9d6-4bbf-9f0b-1b70fb28ca5f","__parent":"cliff_rocks","position":[-625.855286,-251.058701,133.281357],"annotation":"ROCK","filename":"/levels/jungle_rock_island/art/prefabs/cliff_rock_g5.prefab","rotationMatrix":[0.0127523728,0.0756128058,-0.99705565,0.99991858,-0.00110924244,0.0127048679,-0.000145331025,-0.997136533,-0.0756208003],"scale":[1.44636917,1.44636917,1.44636917]}
{"name":"cliff_rock_g245","class":"Prefab","persistentId":"78894da3-138c-44b8-83cf-11a436cfc007","__parent":"cliff_rocks","position":[-619.423584,-260.549408,130.41185],"annotation":"ROCK","filename":"/levels/jungle_rock_island/art/prefabs/cliff_rock_g5.prefab","rotationMatrix":[0.876068771,0.482160479,-0.00498159043,-0.482138425,0.876080573,0.00502300588,0.00678616948,-0.00199868204,0.999974966],"scale":[1.44636917,1.44636917,1.44636917]}
{"name":"pac_rock_wall_collection289","class":"Prefab","persistentId":"b88f198f-9ad1-4c01-aab9-060ecaf9ebc9","__parent":"cliff_rocks","position":[-611.256287,-246.319809,128.535522],"annotation":"ROCK","filename":"/levels/jungle_rock_island/art/prefabs/pac_rock_wall_collection_1.prefab","rotationMatrix":[0.904784381,0.425640702,0.0139812771,0.0482527837,-0.0698418915,-0.996390224,-0.42312777,0.90219301,-0.0837301761],"scale":[2.71020985,2.71020985,2.71020985]}
{"name":"cliff_rock_g246","class":"Prefab","persistentId":"88a399c9-2693-46a2-814f-3846bbc806ff","__parent":"cliff_rocks","position":[-606.108704,-232.544952,127.30304],"annotation":"ROCK","filename":"/levels/jungle_rock_island/art/prefabs/cliff_rock_g3.prefab","rotationMatrix":[0.0480790585,-0.255496055,0.965613842,-0.000617714599,0.966724038,0.255820572,-0.998843312,-0.012896087,0.0463213623],"scale":[3.00427318,3.00427318,3.00427318]}
{"name":"cliff_rock_g247","class":"Prefab","persistentId":"4597ea2f-2995-4888-8837-67ffeb8a01d4","__parent":"cliff_rocks","position":[-659.525269,-201.082336,133.116104],"annotation":"ROCK","filename":"/levels/jungle_rock_island/art/prefabs/cliff_rock_g5.prefab","rotationMatrix":[-0.410214305,0.135958165,-0.90179801,0.911733329,0.0845579058,-0.401985437,0.0216009747,-0.987099349,-0.158644408],"scale":[1.76180673,1.76180673,1.76180673]}
{"name":"cliff_rock_g248","class":"Prefab","persistentId":"31d292be-80c5-48df-9f99-b325b50225a2","__parent":"cliff_rocks","position":[-640.861267,-234.099106,132.106918],"annotation":"ROCK","filename":"/levels/jungle_rock_island/art/prefabs/cliff_rock_g5.prefab","rotationMatrix":[-0.866396546,-0.433116376,-0.248529658,0.476159424,-0.866490245,-0.149888724,-0.150429249,-0.248202831,0.956956804],"scale":[1.44636917,1.44636917,1.44636917]}
{"name":"cliff_rock_g249","class":"Prefab","persistentId":"73feee18-9173-461b-a472-25e89a554b01","__parent":"cliff_rocks","position":[-642.65155,-222.500656,133.993332],"annotation":"ROCK","filename":"/levels/jungle_rock_island/art/prefabs/cliff_rock_g4.prefab","rotationMatrix":[-0.800360322,0.599519074,0,-0.599519074,-0.800360322,0,0,0,1],"scale":[1.44636917,1.44636917,1.44636917]}
{"name":"cliff_rock_g250","class":"Prefab","persistentId":"25e46e35-bc47-48c7-9d79-16460de46a7a","__parent":"cliff_rocks","position":[-632.352905,-245.448883,130.066071],"annotation":"ROCK","filename":"/levels/jungle_rock_island/art/prefabs/cliff_rock_g5.prefab","rotationMatrix":[0.810916185,0.582621574,0.0544674583,0.582743108,-0.812512875,0.0152693521,0.0531517752,0.0193583723,-0.998398662],"scale":[1.68897259,1.68897259,1.68897259]}
{"class":"TSStatic","persistentId":"78e3c4f6-8273-45bf-89b3-a5e8f0da04b3","__parent":"cliff_rocks","position":[-641.514648,-231.551392,134.020294],"annotation":"ROCK","isRenderEnabled":false,"rotationMatrix":[0.859318733,0.511440277,0,-0.511440277,0.859318733,0,0,0,1],"scale":[1.74949145,1.74949145,1.74949145],"shapeName":"/levels/jungle_rock_island/art/shapes/rocks/pac_rock_large_1.dae","useInstanceRenderData":true}
{"name":"pac_rock_wall_collection290","class":"Prefab","persistentId":"bade3a92-c884-4ac6-9b33-ece83e05288f","__parent":"cliff_rocks","position":[-617.042847,-274.543671,132.580688],"annotation":"ROCK","filename":"/levels/jungle_rock_island/art/prefabs/pac_rock_wall_collection_2.prefab","rotationMatrix":[0.744401932,0.665103734,0.0591831766,-0.0316066742,0.123630978,-0.991824627,-0.666983306,0.736445546,0.113052867],"scale":[2.04457664,2.04457664,2.04457664]}
{"class":"TSStatic","persistentId":"05948e54-6ff1-45d8-a4ac-a6bc6d4ac762","__parent":"cliff_rocks","position":[-623.168701,-251.650909,135.654861],"annotation":"ROCK","isRenderEnabled":false,"rotationMatrix":[0.703838289,0,0.710360229,0.707879364,0.0835004598,-0.701380193,-0.0593154058,0.996507585,0.0587708205],"scale":[2.1089201,2.1089201,2.1089201],"shapeName":"/levels/jungle_rock_island/art/shapes/rocks/pac_rock_large_3.dae","useInstanceRenderData":true}
{"class":"TSStatic","persistentId":"644e65b7-cecb-4135-9e20-b6ef5058b4aa","__parent":"cliff_rocks","position":[-621.453979,-263.291199,136.097],"annotation":"ROCK","isRenderEnabled":false,"rotationMatrix":[-0.399027735,0.916938841,0,-0.916938841,-0.399027735,0,0,0,1],"scale":[2.05551624,2.05551624,2.05551624],"shapeName":"/levels/jungle_rock_island/art/shapes/rocks/pac_rock_medium_flat.dae","useInstanceRenderData":true}
{"name":"pac_rock_wall_collection291","class":"Prefab","persistentId":"14406daa-7537-44ba-b562-0d686a35d9b8","__parent":"cliff_rocks","position":[-595.564514,-289.952393,130.047928],"annotation":"ROCK","filename":"/levels/jungle_rock_island/art/prefabs/pac_rock_wall_collection_1.prefab","rotationMatrix":[-0.777641535,0.628707647,-0.00050759752,-0.628706157,-0.777641058,-0.00167248992,-0.00144623604,-0.000981468009,0.99999845],"scale":[2.71020985,2.71020985,2.71020985]}
{"name":"pac_rock_wall_collection292","class":"Prefab","persistentId":"9f9fd3ed-19aa-4479-acb4-7145a7d75ff3","__parent":"cliff_rocks","position":[-576.188538,-314.942627,130.283768],"annotation":"ROCK","filename":"/levels/jungle_rock_island/art/prefabs/pac_rock_wall_collection_1.prefab","rotationMatrix":[0.376619816,-0.925394118,0.0424583927,-0.926080525,-0.377248675,-0.00761575112,0.0230649449,-0.0364516526,-0.999069095],"scale":[2.71020985,2.71020985,2.71020985]}
{"name":"pac_rock_wall_collection293","class":"Prefab","persistentId":"397c5d89-8fd0-4601-8384-190367274046","__parent":"cliff_rocks","position":[-570.581848,-343.005585,133.212875],"annotation":"ROCK","filename":"/levels/jungle_rock_island/art/prefabs/pac_rock_wall_collection_2.prefab","rotationMatrix":[-0.921874404,-0.380011648,-0.0757537484,0.0763640702,0.0134930387,-0.996988654,0.379889369,-0.924883127,0.0165803861],"scale":[2.04457664,2.04457664,2.04457664]}
{"name":"cliff_rock_g238","class":"Prefab","persistentId":"4dbc9aea-c35a-4311-8c62-465139941c81","__parent":"cliff_rocks","position":[-520.785889,-150.065186,136.296036],"annotation":"ROCK","filename":"/levels/jungle_rock_island/art/prefabs/cliff_rock_g3.prefab","rotationMatrix":[-0.0787956566,-0.993481517,0.0823738724,-0.350776523,0.104977503,0.930556595,-0.933138192,0.0444290191,-0.356761813],"scale":[1.44636917,1.44636917,1.44636917]}
{"name":"pac_rock_wall_collection267","class":"Prefab","persistentId":"1099784e-25a1-42c6-9164-d16c17ce7221","__parent":"cliff_rocks","position":[-498.439575,-145.772919,150.065018],"annotation":"ROCK","filename":"/levels/jungle_rock_island/art/prefabs/pac_rock_wall_collection_1.prefab","rotationMatrix":[0.320960075,-0.640073419,-0.698062062,-0.210173726,-0.766816497,0.606481135,-0.923477948,-0.047941938,-0.380644113],"scale":[2.71020985,2.71020985,2.71020985]}
{"name":"pac_rock_wall_collection268","class":"Prefab","persistentId":"bc02d76c-8bf0-47f6-92e9-b3bb389e9a83","__parent":"cliff_rocks","position":[-510.272675,-143.067215,153.429123],"annotation":"ROCK","filename":"/levels/jungle_rock_island/art/prefabs/pac_rock_wall_collection_2.prefab","rotationMatrix":[-0.179235786,0.714624465,0.676155567,0.235188499,0.698481798,-0.675876856,-0.955280364,0.0378826782,-0.293264389],"scale":[2.64832377,2.64832377,2.64832377]}
{"name":"pac_rock_wall_collection269","class":"Prefab","persistentId":"b3fc0dfb-0813-4312-834d-986fde100136","__parent":"cliff_rocks","position":[-486.704926,-150.659775,147.782333],"annotation":"ROCK","filename":"/levels/jungle_rock_island/art/prefabs/pac_rock_wall_collection_2.prefab","rotationMatrix":[0.177893311,-0.564624548,-0.805948555,0.0765643194,-0.808587492,0.583372951,-0.981066585,-0.165485084,-0.100612164],"scale":[2.04457664,2.04457664,2.04457664]}
{"name":"cliff_rock_g239","class":"Prefab","persistentId":"ee093dbf-cb9f-436a-9c97-cd84d891c99f","__parent":"cliff_rocks","position":[-526.869263,-150.791565,141.053162],"annotation":"ROCK","filename":"/levels/jungle_rock_island/art/prefabs/cliff_rock_g4.prefab","rotationMatrix":[-0.127798662,-0.489725977,0.862458766,0.291355908,-0.849758744,-0.439341694,0.948039532,0.19513534,0.251282632],"scale":[2.11449432,2.11449432,2.11449432]}
