{"name":"helper_2","class":"BeamNGWaypoint","persistentId":"d988972a-0e56-432a-90d2-87ab7deabc48","__parent":"busstops","position":[-829.815063,785.578003,185.910034]}
{"name":"helper_1","class":"BeamNGWaypoint","persistentId":"c6b41e79-46cb-4436-a9ee-a01651860624","__parent":"busstops","position":[-550.265015,138.539688,133.914795]}
{"name":"jri_bs_01","class":"BeamNGTrigger","persistentId":"da76ff11-5a3f-46be-919f-4685e00ef7ea","__parent":"busstops","position":[-841.627869,811.206421,185.902603],"luaFunction":"onBeamNGTrigger","rotationMatrix":[0.995176375,0.0980690122,0.00211788528,-0.0980668813,0.995178282,-0.00096637907,-0.00220245845,0.000754033506,0.999997199],"scale":[5.36325979,23.8820992,11.0360003],"stopname":"Observatory","ticking":true,"triggerColor":[245,1,254,45],"triggerMode":"Contains","triggerTestType":"Bounding box","type":"busstop"}
{"name":"jri_bs_01_b","class":"BeamNGTrigger","persistentId":"cfbc9cfc-65ca-461a-9fc4-5537998c4a4a","__parent":"busstops","position":[-826.410889,809.91687,185.911438],"luaFunction":"onBeamNGTrigger","rotationMatrix":[0.962848425,0.270034045,0.00211789156,-0.270032555,0.96285069,-0.000966384716,-0.00230017002,0.0003585823,0.999997318],"scale":[5.36325979,23.8820992,11.0360003],"stopname":"Observatory","ticking":true,"triggerColor":[245,1,254,45],"triggerMode":"Contains","triggerTestType":"Bounding box","type":"busstop"}
{"name":"jri_bs_02","class":"BeamNGTrigger","persistentId":"f5dfcb6e-8fd1-4fab-9e40-f70849a780b2","__parent":"busstops","position":[-66.9949875,20.9571476,200.43602],"luaFunction":"onBeamNGTrigger","rotationMatrix":[-0.364125073,0.931348681,-0.00050259853,-0.930672407,-0.363840282,0.0383016095,0.0354892761,0.0144143468,0.999265909],"scale":[5.36325979,23.8820992,11.0360003],"stopname":"South Volcano","ticking":true,"triggerColor":[245,1,254,45],"triggerMode":"Contains","triggerTestType":"Bounding box","type":"busstop"}
{"name":"jri_bs_02_b","class":"BeamNGTrigger","persistentId":"0c2979f5-02d4-4eb3-b225-f8919073cb26","__parent":"busstops","position":[-63.9948006,20.5501919,200.355057],"luaFunction":"onBeamNGTrigger","rotationMatrix":[-0.357998878,0.933710337,-0.00432147132,-0.933662415,-0.358024657,-0.00949990284,-0.0104173729,0.000633847667,0.999945402],"scale":[5.36325979,23.8820992,11.0360003],"stopname":"South Volcano","ticking":true,"triggerColor":[245,1,254,45],"triggerMode":"Contains","triggerTestType":"Bounding box","type":"busstop"}
{"name":"jri_bs_03","class":"BeamNGTrigger","persistentId":"e23d342a-0d0a-4655-9dd3-b190e5da6126","__parent":"busstops","position":[654.25,531.957275,150.763321],"luaFunction":"onBeamNGTrigger","rotationMatrix":[0.604489684,0.796611786,-7.34330824e-05,-0.790595412,0.599935174,0.122617051,0.097722277,-0.0740626529,0.992453992],"scale":[5.36325979,23.8820992,11.0360003],"stopname":"Medieval Viewpoint","ticking":true,"triggerColor":[245,1,254,45],"triggerMode":"Contains","triggerTestType":"Bounding box","type":"busstop"}
{"name":"jri_bs_03_b","class":"BeamNGTrigger","persistentId":"5b37d0ee-c122-4b06-9f21-ab92e87b3fbf","__parent":"busstops","position":[670.524292,514.53833,147.131805],"luaFunction":"onBeamNGTrigger","rotationMatrix":[-0.604490042,-0.796611845,-7.34344794e-05,0.787264884,-0.597383022,-0.152794659,0.121674195,-0.0924206376,0.988257945],"scale":[5.36325979,23.8820992,11.0360003],"stopname":"Medieval Viewpoint","ticking":true,"triggerColor":[245,1,254,45],"triggerMode":"Contains","triggerTestType":"Bounding box","type":"busstop"}
{"name":"jri_bs_04","class":"BeamNGTrigger","persistentId":"f8b1239f-c640-4e0c-828a-138f052623aa","__parent":"busstops","position":[210.02713,427.588531,219.351089],"luaFunction":"onBeamNGTrigger","rotationMatrix":[-0.32913056,0.944282472,0.00058122148,-0.939615369,-0.327564627,0.0991076529,0.0937760696,0.032073237,0.995076537],"scale":[9.77717018,23.8820992,11.0360003],"stopname":"Industrial Viewpoint","ticking":true,"triggerColor":[245,1,254,45],"triggerMode":"Contains","triggerTestType":"Bounding box","type":"busstop"}
{"name":"jri_bs_04_b","class":"BeamNGTrigger","persistentId":"b5c9ba06-80d0-43e5-9179-ad2bdd6d8107","__parent":"busstops","position":[213.144791,421.069794,219.409714],"luaFunction":"onBeamNGTrigger","rotationMatrix":[0.214735493,-0.97667104,0.00047522306,0.971658945,0.213584155,-0.101286277,0.0988218859,0.0222115144,0.994857192],"scale":[8.13068008,23.8820992,11.0360003],"stopname":"Industrial Viewpoint","ticking":true,"triggerColor":[245,1,254,45],"triggerMode":"Contains","triggerTestType":"Bounding box","type":"busstop"}
{"name":"jri_bs_05","class":"BeamNGTrigger","persistentId":"16d19d55-b5a3-4bd3-aa9c-6eac65b2c836","__parent":"busstops","position":[-16.0444012,344.431,286.394135],"luaFunction":"onBeamNGTrigger","rotationMatrix":[0.184350133,-0.982860446,0.000462785363,0.978226662,0.183526635,0.0969040692,-0.0953281224,-0.0174115635,0.995293617],"scale":[8.13068008,23.8820992,11.0360003],"stopname":"Crater Rim","ticking":true,"triggerColor":[245,1,254,45],"triggerMode":"Contains","triggerTestType":"Bounding box","type":"busstop"}
{"name":"jri_bs_05_b","class":"BeamNGTrigger","persistentId":"a5ce6f61-06a0-46c9-9228-57ad2d57787d","__parent":"busstops","position":[-33.5903931,365.544006,280.678284],"luaFunction":"onBeamNGTrigger","rotationMatrix":[0.188647687,-0.981317461,-0.0377431363,0.961883008,0.192386121,-0.194335997,0.197967127,0.00035655711,0.980208576],"scale":[6.11503983,19.3824997,11.0360003],"stopname":"Crater Rim","ticking":true,"triggerColor":[245,1,254,45],"triggerMode":"Contains","triggerTestType":"Bounding box","type":"busstop"}
{"name":"jri_bs_06","class":"BeamNGTrigger","persistentId":"0090ffdd-6f26-40aa-af74-02085b3528ea","__parent":"busstops","position":[-603.466858,270.828125,135.332565],"luaFunction":"onBeamNGTrigger","rotationMatrix":[0.991862476,0.127295211,0.000541162153,-0.127294809,0.991862118,-0.00042893074,-0.00059135753,0.000356556411,0.999999762],"scale":[6.11503983,19.7777004,11.0360003],"stopname":"Rum Harbor","ticking":true,"triggerColor":[245,1,254,45],"triggerMode":"Contains","triggerTestType":"Bounding box","type":"busstop"}
{"name":"jri_bs_06_b","class":"BeamNGTrigger","persistentId":"cbd44692-8351-4172-954a-02c12a6ddd6f","__parent":"busstops","position":[-601.492249,245.165833,129.827423],"luaFunction":"onBeamNGTrigger","rotationMatrix":[-0.991862357,-0.127297595,0.000541156449,0.127297014,-0.991862178,-0.000428938074,0.00059135753,-0.0003565558,0.999999762],"scale":[6.11503983,19.7777004,11.0360003],"stopname":"Rum Harbor","ticking":true,"triggerColor":[245,1,254,45],"triggerMode":"Contains","triggerTestType":"Bounding box","type":"busstop"}
{"name":"jri_bs_07","class":"BeamNGTrigger","persistentId":"d7c036f3-ac7d-40d7-bf72-6fc79846091b","__parent":"busstops","position":[-924.445801,-219.165207,169.369308],"luaFunction":"onBeamNGTrigger","rotationMatrix":[0.903823733,-0.427899063,0.000638314697,0.42789948,0.903823435,-0.000263431197,-0.000464199111,0.000511233113,0.999999762],"scale":[6.11503983,19.7777004,11.0360003],"stopname":"Western Viewpoint","ticking":true,"triggerColor":[245,1,254,45],"triggerMode":"Contains","triggerTestType":"Bounding box","type":"busstop"}
{"name":"jri_bs_07_b","class":"BeamNGTrigger","persistentId":"0bb2afcc-f13f-4155-adeb-a21673cdacc0","__parent":"busstops","position":[-934.492188,-242.061447,168.983398],"luaFunction":"onBeamNGTrigger","rotationMatrix":[-0.967247427,-0.25375694,-0.00592924003,0.25377202,-0.966296375,-0.0431902893,0.00523045706,-0.0432805754,0.999049127],"scale":[6.11503983,19.7777004,11.0360003],"stopname":"Western Viewpoint","ticking":true,"triggerColor":[245,1,254,45],"triggerMode":"Contains","triggerTestType":"Bounding box","type":"busstop"}
{"name":"jri_bs_08","class":"BeamNGTrigger","persistentId":"390ab7e6-48d7-4a04-9da4-8892a600d9a8","__parent":"busstops","position":[222.482391,-255.840469,137.4711],"luaFunction":"onBeamNGTrigger","rotationMatrix":[-0.574899614,0.818219721,0.000631718489,-0.817243993,-0.574251175,0.0483934246,0.0399592407,0.0273050983,0.998828113],"scale":[6.11503983,19.7777004,11.0360003],"stopname":"Airport (North)","ticking":true,"triggerColor":[245,1,254,45],"triggerMode":"Contains","triggerTestType":"Bounding box","type":"busstop"}
{"name":"jri_bs_08_b","class":"BeamNGTrigger","persistentId":"5e8df740-d8af-48af-8afd-91161599d0a7","__parent":"busstops","position":[238.289764,-249.519104,135.36586],"luaFunction":"onBeamNGTrigger","rotationMatrix":[0.493476927,-0.86975503,0.000601935142,0.866069615,0.491321176,-0.0923101157,0.079991512,0.0460741892,0.995729983],"scale":[6.11503983,19.7777004,11.0360003],"stopname":"Airport (North)","ticking":true,"triggerColor":[245,1,254,45],"triggerMode":"Contains","triggerTestType":"Bounding box","type":"busstop"}
{"name":"jri_bs_09","class":"BeamNGTrigger","persistentId":"6cbd3297-f774-4e45-9f56-3efbfb13c3fd","__parent":"busstops","position":[324.61795,-602.184448,132.87973],"luaFunction":"onBeamNGTrigger","rotationMatrix":[0.677377462,0.735631824,-0.000138272706,-0.735631883,0.677377105,0.000676549796,0.000591356598,-0.000356557779,0.999999762],"scale":[6.11503983,18.7371998,11.0360003],"stopname":"Bunker Beach","ticking":true,"triggerColor":[245,1,254,45],"triggerMode":"Contains","triggerTestType":"Bounding box","type":"busstop"}
{"name":"jri_bs_09_b","class":"BeamNGTrigger","persistentId":"075ec93f-e370-4779-9ce0-24dc38a3603b","__parent":"busstops","position":[329.731354,-616.600891,132.936035],"luaFunction":"onBeamNGTrigger","rotationMatrix":[-0.952584505,-0.304266155,-0.00045483635,0.304266036,-0.952584028,0.000519579684,-0.000591358636,0.000356556615,0.999999762],"scale":[6.11503983,21.5396996,11.0360003],"stopname":"Bunker Beach","ticking":true,"triggerColor":[245,1,254,45],"triggerMode":"Contains","triggerTestType":"Bounding box","type":"busstop"}
{"name":"jri_bs_10","class":"BeamNGTrigger","persistentId":"6c158232-80bb-4c4a-bc75-75cb87deefaf","__parent":"busstops","position":[873.533569,-725.372742,162.961334],"luaFunction":"onBeamNGTrigger","rotationMatrix":[-0.292288542,0.955766261,0.0328327343,-0.956329167,-0.292163134,-0.00866325572,0.00131246634,-0.0339310765,0.999423325],"scale":[5.36114979,21.5396996,11.0360003],"stopname":"Airport (South)","ticking":true,"triggerColor":[245,1,254,45],"triggerMode":"Contains","triggerTestType":"Bounding box","type":"busstop"}
{"name":"jri_bs_10_b","class":"BeamNGTrigger","persistentId":"0d79328d-5e69-4fe2-bc49-fea7a83d55d6","__parent":"busstops","position":[385.8591,-180.045258,163.595123],"luaFunction":"onBeamNGTrigger","rotationMatrix":[-0.783147931,-0.621392608,-0.0234558675,0.621191859,-0.78349638,0.0159336142,-0.0282786209,-0.00209221523,0.999597907],"scale":[5.36114979,21.5396996,11.0360003],"stopname":"Airport (South)","ticking":true,"triggerColor":[245,1,254,45],"triggerMode":"Contains","triggerTestType":"Bounding box","type":"busstop"}
{"name":"jri_bs_11","class":"BeamNGTrigger","persistentId":"efc65e09-69c9-4938-a164-e9895fba9794","__parent":"busstops","position":[350.810944,-876.873169,164.162643],"rotationMatrix":[0.226562649,0.973994732,0.000213310224,-0.973607242,0.226466,0.0282739494,0.0274903886,-0.00661349297,0.999600172],"scale":[5.36114979,21.5396996,11.0360003],"stopname":"Southern Beach","ticking":true,"triggerColor":[245,1,254,45],"triggerMode":"Contains","triggerTestType":"Bounding box","type":"busstop"}
{"name":"jri_bs_11_b","class":"BeamNGTrigger","persistentId":"b8466535-74ba-4c12-b65f-89cac84ddbc5","__parent":"busstops","position":[343.669373,-872.331482,164.406372],"luaFunction":"onBeamNGTrigger","rotationMatrix":[-0.590340495,-0.807152569,-6.13094307e-05,0.807066023,-0.590275526,-0.0147091569,0.011836349,-0.00873288233,0.999891818],"scale":[5.36114979,21.5396996,11.0360003],"stopname":"Southern Beach","ticking":true,"triggerColor":[245,1,254,45],"triggerMode":"Contains","triggerTestType":"Bounding box","type":"busstop"}
{"name":"jri_bs_12","class":"BeamNGTrigger","persistentId":"07c5203e-2641-4da7-8c96-042702027d05","__parent":"busstops","position":[-566.342773,-813.159058,173.635284],"rotationMatrix":[-0.229694664,-0.973261237,-8.85724294e-05,0.973260939,-0.229694307,0.000684828905,-0.00068686204,7.11009197e-05,0.999999762],"scale":[5.36114979,21.5396996,11.0360003],"stopname":"Southern Viewpoint","ticking":true,"triggerColor":[245,1,254,45],"triggerMode":"Contains","triggerTestType":"Bounding box","type":"busstop"}
{"name":"jri_bs_12_b","class":"BeamNGTrigger","persistentId":"4d4faa03-069a-4a9b-bd7a-9c246a9cb339","__parent":"busstops","position":[-562.325806,-817.920288,173.611252],"luaFunction":"onBeamNGTrigger","rotationMatrix":[-0.210545301,-0.977582276,8.02635186e-05,0.977582276,-0.210544735,0.000685855455,-0.00065357954,0.0002228714,0.999999762],"scale":[7.00905991,21.5396996,11.0360003],"stopname":"Southern Viewpoint","ticking":true,"triggerColor":[245,1,254,45],"triggerMode":"Contains","triggerTestType":"Bounding box","type":"busstop"}
{"name":"jri_bs_13","class":"BeamNGTrigger","persistentId":"5cc9ec8d-0dc0-432f-b088-6ea435d1a487","__parent":"busstops","position":[590.130371,48.5840683,132.077133],"luaFunction":"onBeamNGTrigger","rotationMatrix":[0.972259045,-0.233079061,0.0196011644,0.23383525,0.97056067,-0.0577068515,-0.00557386782,0.0606895983,0.998140931],"scale":[5.36325979,23.8820992,11.0360003],"stopname":"Resort","ticking":true,"triggerColor":[245,1,254,45],"triggerMode":"Contains","triggerTestType":"Bounding box","type":"busstop"}
{"name":"jri_bs_13_b","class":"BeamNGTrigger","persistentId":"6cda047c-22e5-4c37-bf37-544014834679","__parent":"busstops","position":[588.117798,32.255722,132.874832],"luaFunction":"onBeamNGTrigger","rotationMatrix":[0.988328815,-0.151498586,0.0158725567,0.152225643,0.986102998,-0.0665228367,-0.00557386782,0.0681628138,0.997658551],"scale":[5.36325979,23.8820992,11.0360003],"stopname":"Resort","ticking":true,"triggerColor":[245,1,254,45],"triggerMode":"Contains","triggerTestType":"Bounding box","type":"busstop"}
{"name":"jri_bs_14","class":"BeamNGTrigger","persistentId":"e59ff001-5696-42e3-9d79-68323e41e8b5","__parent":"busstops","position":[133.578674,523.922852,156.422333],"luaFunction":"onBeamNGTrigger","rotationMatrix":[0.709199369,-0.704827487,0.0158725567,0.704874337,0.709322035,0.00334520638,-0.0136164352,0.00881588832,0.999868274],"scale":[5.36325979,23.8820992,11.0360003],"stopname":"Industrial Site","ticking":true,"triggerColor":[245,1,254,45],"triggerMode":"Contains","triggerTestType":"Bounding box","type":"busstop"}
{"name":"jri_bs_14_b","class":"BeamNGTrigger","persistentId":"29f4ee57-d41b-4f7b-8548-f068b344738b","__parent":"busstops","position":[123.059402,515.607056,156.352402],"luaFunction":"onBeamNGTrigger","rotationMatrix":[0.709199369,-0.704827487,0.0158725567,0.704874337,0.709322035,0.00334520638,-0.0136164352,0.00881588832,0.999868274],"scale":[5.36325979,23.8820992,11.0360003],"stopname":"Industrial Site","ticking":true,"triggerColor":[245,1,254,45],"triggerMode":"Contains","triggerTestType":"Bounding box","type":"busstop"}
{"name":"jri_bs_15","class":"BeamNGTrigger","__parent":"busstops","position":[68.4593201,592.875977,161.649277],"luaFunction":"onBeamNGTrigger","rotationMatrix":[0.330244124,-0.943880618,0.0052953749,0.94389528,0.330242455,-0.00121672521,-0.000600313768,0.00540009607,0.999985218],"scale":[5.36325979,23.8820992,11.0360003],"stopname":"Observatory","ticking":true,"triggerColor":[245,1,254,45],"triggerMode":"Contains","triggerTestType":"Bounding box","type":"busstop"}
{"name":"jri_bs_16","class":"BeamNGTrigger","__parent":"busstops","position":[449.864319,534.678528,184.106201],"luaFunction":"onBeamNGTrigger","rotationMatrix":[-0.93830657,-0.345762402,0.00529537397,0.345760971,-0.938321352,-0.00121672545,0.00538946269,0.000689271954,0.999985218],"scale":[5.36325979,23.8820992,11.0360003],"stopname":"Observatory","ticking":true,"triggerColor":[245,1,254,45],"triggerMode":"Contains","triggerTestType":"Bounding box","type":"busstop"}
{"name":"jri_bs_17","class":"BeamNGTrigger","__parent":"busstops","position":[-457.074677,97.0939026,140.531799],"luaFunction":"onBeamNGTrigger","rotationMatrix":[-0.994064689,-0.108777195,-0.0015149297,0.108752221,-0.9939996,0.0117099676,-0.00277961744,0.0114757176,0.999930263],"scale":[6.11503983,19.7777004,11.0360003],"stopname":"Airport (North)","ticking":true,"triggerColor":[245,1,254,45],"triggerMode":"Contains","triggerTestType":"Bounding box","type":"busstop"}
{"name":"jri_bs_18","class":"BeamNGTrigger","__parent":"busstops","position":[-756.647278,420.168488,131.338409],"luaFunction":"onBeamNGTrigger","rotationMatrix":[-0.99998641,-0.00516898045,-1.39112171e-05,0.00516897021,-0.999986172,0.000651356997,-1.727788e-05,0.000651276438,0.999999762],"scale":[6.11503983,19.7777004,11.0360003],"stopname":"Airport (North)","ticking":true,"triggerColor":[245,1,254,45],"triggerMode":"Contains","triggerTestType":"Bounding box","type":"busstop"}
