{"name":"jri_bs_16","class":"BeamNGTrigger","persistentId":"cfbc9cfc-65ca-461a-9fc4-5537998c4a4a","__parent":"busstops","position":[-841.150696,810.283081,185.911438],"luaFunction":"onBeamNGTrigger","rotationMatrix":[0.995176375,0.0980690122,0.00211788528,-0.0980668813,0.995178282,-0.00096637907,-0.00220245845,0.000754033506,0.999997199],"scale":[5.36325979,23.8820992,11.0360003],"stopname":"Observatory","ticking":true,"triggerColor":[245,1,254,45],"triggerMode":"Contains","triggerTestType":"Bounding box","type":"busstop"}
{"name":"helper_2","class":"BeamNGWaypoint","persistentId":"d988972a-0e56-432a-90d2-87ab7deabc48","__parent":"busstops","position":[-829.815063,785.578003,185.910034]}
{"name":"helper_1","class":"BeamNGWaypoint","persistentId":"c6b41e79-46cb-4436-a9ee-a01651860624","__parent":"busstops","position":[-550.265015,138.539688,133.914795]}
{"name":"jri_bs_01","class":"BeamNGTrigger","persistentId":"da76ff11-5a3f-46be-919f-4685e00ef7ea","__parent":"busstops","position":[-826.427673,811.206421,185.902603],"luaFunction":"onBeamNGTrigger","rotationMatrix":[0.986855268,0.161592647,0.00211789156,-0.161590919,0.986857355,-0.000966384716,-0.00224621757,0.000611449766,0.999997318],"scale":[5.36325979,23.8820992,11.0360003],"stopname":"Observatory","ticking":true,"triggerColor":[245,1,254,45],"triggerMode":"Contains","triggerTestType":"Bounding box","type":"busstop"}
{"name":"jri_bs_02","class":"BeamNGTrigger","persistentId":"f5dfcb6e-8fd1-4fab-9e40-f70849a780b2","__parent":"busstops","position":[-66.9646606,21.6622925,200.43602],"luaFunction":"onBeamNGTrigger","rotationMatrix":[-0.364125073,0.931348681,-0.00050259853,-0.930672407,-0.363840282,0.0383016095,0.0354892761,0.0144143468,0.999265909],"scale":[2.67928624,8.76531982,11.0360003],"stopname":"South Volcano","ticking":true,"triggerColor":[245,1,254,45],"triggerMode":"Contains","triggerTestType":"Bounding box","type":"busstop"}
{"name":"jri_bs_03","class":"BeamNGTrigger","persistentId":"e23d342a-0d0a-4655-9dd3-b190e5da6126","__parent":"busstops","position":[-48.0404205,355.814117,283.319031],"luaFunction":"onBeamNGTrigger","rotationMatrix":[0.973998964,-0.197688848,-0.110657834,0.204392731,0.977462947,0.0528183691,0.0977223292,-0.0740626901,0.992454052],"scale":[3.50375652,8.86474228,11.0360003],"stopname":"Medieval Viewpoint","ticking":true,"triggerColor":[245,1,254,45],"triggerMode":"Contains","triggerTestType":"Bounding box","type":"busstop"}
{"name":"jri_bs_04","class":"BeamNGTrigger","persistentId":"f8b1239f-c640-4e0c-828a-138f052623aa","__parent":"busstops","position":[665.838867,518.432373,151.961304],"luaFunction":"onBeamNGTrigger","rotationMatrix":[0.643779874,0.76507169,-0.0145829599,-0.763767064,0.643618703,0.0491403118,0.0469817296,-0.0204975605,0.99868542],"scale":[3.54520035,14.8933487,7.38679838],"stopname":"Industrial Viewpoint","ticking":true,"triggerColor":[245,1,254,45],"triggerMode":"Contains","triggerTestType":"Bounding box","type":"busstop"}
{"name":"jri_bs_05","class":"BeamNGTrigger","persistentId":"16d19d55-b5a3-4bd3-aa9c-6eac65b2c836","__parent":"busstops","position":[590.02063,50.811409,135.931107],"luaFunction":"onBeamNGTrigger","rotationMatrix":[-0.970547199,0.240810513,0.00698957592,-0.239615858,-0.967924833,0.0755391642,0.0249560066,0.0716395006,0.997118354],"scale":[3.61505938,9.96280289,7.8330183],"stopname":"Crater Rim","ticking":true,"triggerColor":[245,1,254,45],"triggerMode":"Contains","triggerTestType":"Bounding box","type":"busstop"}
{"name":"jri_bs_06","class":"BeamNGTrigger","persistentId":"0090ffdd-6f26-40aa-af74-02085b3528ea","__parent":"busstops","position":[869.854431,-725.440247,161.737106],"luaFunction":"onBeamNGTrigger","rotationMatrix":[0.292059243,-0.956380129,-0.00618170388,0.954824805,0.291201293,0.0592548773,-0.0548700765,-0.0232083742,0.998223722],"scale":[3.79293203,14.8941364,9.03889179],"stopname":"Rum Harbor","ticking":true,"triggerColor":[245,1,254,45],"triggerMode":"Contains","triggerTestType":"Bounding box","type":"busstop"}
{"name":"jri_bs_07","class":"BeamNGTrigger","persistentId":"d7c036f3-ac7d-40d7-bf72-6fc79846091b","__parent":"busstops","position":[382.369171,-176.275269,163.965134],"luaFunction":"onBeamNGTrigger","rotationMatrix":[0.785133779,0.619325817,0.000638313591,-0.619325817,0.785134017,-0.000263433147,-0.000664312625,-0.000188493854,0.999999762],"scale":[3.89269996,11.9609451,8.00433445],"stopname":"Western Viewpoint","ticking":true,"triggerColor":[245,1,254,45],"triggerMode":"Contains","triggerTestType":"Bounding box","type":"busstop"}
{"name":"jri_bs_08","class":"BeamNGTrigger","persistentId":"390ab7e6-48d7-4a04-9da4-8892a600d9a8","__parent":"busstops","position":[221.945282,-254.596191,140.66246],"luaFunction":"onBeamNGTrigger","rotationMatrix":[-0.574776173,0.818289042,0.00591673143,-0.816121101,-0.573752046,0.0689531863,0.059818387,0.0348038934,0.997602344],"scale":[3.34534645,10.4625883,6.07051325],"stopname":"Airport (North)","ticking":true,"triggerColor":[245,1,254,45],"triggerMode":"Contains","triggerTestType":"Bounding box","type":"busstop"}
{"name":"jri_bs_09","class":"BeamNGTrigger","persistentId":"6cbd3297-f774-4e45-9f56-3efbfb13c3fd","__parent":"busstops","position":[328.612152,-614.372314,135.574371],"luaFunction":"onBeamNGTrigger","rotationMatrix":[0.932481587,0.361217469,-0.00013827467,-0.36121729,0.932481408,0.000676548225,0.000373319606,-0.000580921536,0.999999762],"scale":[3.41681671,9.94189262,5.60108662],"stopname":"Bunker Beach","ticking":true,"triggerColor":[245,1,254,45],"triggerMode":"Contains","triggerTestType":"Bounding box","type":"busstop"}
{"name":"jri_bs_10","class":"BeamNGTrigger","persistentId":"6c158232-80bb-4c4a-bc75-75cb87deefaf","__parent":"busstops","position":[344.923492,-872.411194,167.476303],"luaFunction":"onBeamNGTrigger","rotationMatrix":[0.626273274,0.779487789,-0.0134332543,-0.779266059,0.625402212,-0.0402051508,-0.022938244,0.0356474891,0.999101162],"scale":[2.70376945,11.0528469,6.04682112],"stopname":"Airport (South)","ticking":true,"triggerColor":[245,1,254,45],"triggerMode":"Contains","triggerTestType":"Bounding box","type":"busstop"}
{"name":"jri_bs_11","class":"BeamNGTrigger","persistentId":"efc65e09-69c9-4938-a164-e9895fba9794","__parent":"busstops","position":[-321.442963,-809.34314,189.61441],"luaFunction":"onBeamNGTrigger","rotationMatrix":[0.0191697478,0.999425471,-0.0279484894,-0.998989165,0.0180097222,-0.0411845595,-0.0406575538,0.0287097413,0.998760581],"scale":[2.79871798,12.7016802,7.48027229],"stopname":"Southern Beach","ticking":true,"triggerColor":[245,1,254,45],"triggerMode":"Contains","triggerTestType":"Bounding box","type":"busstop"}
{"name":"jri_bs_12","class":"BeamNGTrigger","persistentId":"07c5203e-2641-4da7-8c96-042702027d05","__parent":"busstops","position":[-529.896118,-432.400757,139.788834],"luaFunction":"onBeamNGTrigger","rotationMatrix":[0.358476043,-0.933538973,-8.85701738e-05,0.933538735,0.358475924,0.000684827159,-0.000607562542,-0.000328177877,0.999999762],"scale":[3.57666183,10.9253645,6.10384512],"stopname":"Southern Viewpoint","ticking":true,"triggerColor":[245,1,254,45],"triggerMode":"Contains","triggerTestType":"Bounding box","type":"busstop"}
{"name":"jri_bs_13","class":"BeamNGTrigger","persistentId":"5cc9ec8d-0dc0-432f-b088-6ea435d1a487","__parent":"busstops","position":[-275.95755,-254.40918,134.171921],"luaFunction":"onBeamNGTrigger","rotationMatrix":[0.986321688,-0.163829237,-0.0181525722,0.163709998,0.986477017,-0.00788082927,0.0191982053,0.00480127474,0.999804199],"scale":[3.31140947,11.1487293,4.83446693],"stopname":"Resort","ticking":true,"triggerColor":[245,1,254,45],"triggerMode":"Contains","triggerTestType":"Bounding box","type":"busstop"}
{"name":"jri_bs_14","class":"BeamNGTrigger","persistentId":"e59ff001-5696-42e3-9d79-68323e41e8b5","__parent":"busstops","position":[-455.768677,99.8037567,138.487457],"luaFunction":"onBeamNGTrigger","rotationMatrix":[0.991840601,0.126492336,0.0158725362,-0.126560226,0.991953313,0.00334511115,-0.0153216831,-0.00532664824,0.999868453],"scale":[3.32635212,13.8629341,7.27984142],"stopname":"Industrial Site","ticking":true,"triggerColor":[245,1,254,45],"triggerMode":"Contains","triggerTestType":"Bounding box","type":"busstop"}
{"name":"jri_bs_15","class":"BeamNGTrigger","persistentId":"29f4ee57-d41b-4f7b-8548-f068b344738b","__parent":"busstops","position":[-602.8396,276.449402,131.448166],"luaFunction":"onBeamNGTrigger","rotationMatrix":[0.993855238,0.109543622,0.0158725251,-0.109609589,0.993969083,0.00334510952,-0.0154103646,-0.00506433565,0.999868453],"scale":[2.883991,8.45029449,5.45681906],"stopname":"Industrial Site","ticking":true,"triggerColor":[245,1,254,45],"triggerMode":"Contains","triggerTestType":"Bounding box","type":"busstop"}
