{"name":"TSStatic_151","class":"TSStatic","__parent":"Career Mod Edits","position":[375.938263,-217.879395,159.997818],"isRenderEnabled":false,"rotationMatrix":[0.813186288,0.582003117,-0.000642681029,-0.582003236,0.813186407,-2.8464885e-05,0.000506052864,0.000397189724,0.999999821],"shapeName":"/levels/jungle_rock_island/art/shapes/garage_and_dealership/garage/s_big_toolbox_02.dae"}
{"name":"TSStatic_15","class":"TSStatic","__parent":"Career Mod Edits","position":[374.177368,-219.139664,159.999207],"isRenderEnabled":false,"rotationMatrix":[0.813186288,0.582003117,-0.000642681029,-0.582003236,0.813186407,-2.8464885e-05,0.000506052864,0.000397189724,0.999999821],"shapeName":"/levels/jungle_rock_island/art/shapes/garage_and_dealership/garage/s_big_toolbox_02.dae"}
{"name":"TSStatic_14","class":"TSStatic","__parent":"Career Mod Edits","position":[379.205383,-220.34697,160.008652],"isRenderEnabled":false,"rotationMatrix":[0.626948476,-0.779060543,-2.98023188e-08,0.779060304,0.626948357,-0.000649420312,0.000505992211,0.000407154439,0.999999583],"scale":[2.29624915,1.44108355,1],"shapeName":"/levels/jungle_rock_island/art/shapes/buildings/ind_bld_tin_01_shed.dae"}
{"name":"TSStatic_13","class":"TSStatic","__parent":"Career Mod Edits","position":[378.515106,-176.566559,159.994431],"isRenderEnabled":false,"rotationMatrix":[0.806192338,0.591653168,-0.000648799934,-0.591653287,0.806192517,-2.88816227e-05,0.000505969743,0.000407148851,0.999999762],"shapeName":"/levels/utah/art/shapes/buildings/bussign.dae"}
{"name":"TSStatic_12","class":"TSStatic","__parent":"Career Mod Edits","position":[380.419281,-179.246231,159.994308],"isRenderEnabled":false,"rotationMatrix":[0.780403852,0.625275493,-0.000649441034,-0.625275612,0.780404031,-1.36836024e-06,0.000505970791,0.000407147454,0.999999762],"shapeName":"/levels/utah/art/shapes/buildings/busstop_utah.dae"}
{"name":"TSStatic_11","class":"TSStatic","__parent":"Career Mod Edits","position":[-847.101868,830.393799,185.545593],"isRenderEnabled":false,"rotationMatrix":[-0.262486815,0.964246988,-0.0364487618,-0.964925408,-0.262470722,0.00531007163,-0.00444651023,0.0365641564,0.999321401],"shapeName":"/levels/jungle_rock_island/art/shapes/jri_objects/alohaTransit/Aloha_transit_sign_pole_&_Sign.dae"}
{"name":"TSStatic_10","class":"TSStatic","__parent":"Career Mod Edits","position":[344.059357,-616.288879,133.420975],"isRenderEnabled":false,"rotationMatrix":[0.349533379,-0.936882317,0.00882568397,0.936912596,0.349467278,-0.00821387302,0.00461114477,0.0111399172,0.999927342],"shapeName":"/levels/jungle_rock_island/art/shapes/eca_buildings/eca_offroad_dealership_shed.dae"}
{"name":"TSStatic_9","class":"TSStatic","__parent":"Career Mod Edits","position":[342.447144,-601.995544,133.452911],"isRenderEnabled":false,"rotationMatrix":[0.439551413,-0.898216665,0.00109006092,0.898216546,0.439552307,0.000749008497,-0.00115191075,0.000649883179,0.999999106],"shapeName":"/levels/jungle_rock_island/art/shapes/eca_buildings/eca_offroad_dealership_main.dae"}
{"name":"TSStatic_8","class":"TSStatic","__parent":"Career Mod Edits","position":[741.44165,354.241699,131.285446],"isRenderEnabled":false,"rotationMatrix":[-0.0710937977,-0.997469842,4.54747351e-13,0.997469842,-0.0710937977,-1.01308069e-05,1.01051719e-05,-7.20235221e-07,1],"scale":[1.42353749,0.631293058,1],"shapeName":"/levels/jungle_rock_island/art/shapes/buildings/metalBlockerA.dae"}
{"name":"TSStatic_3","class":"TSStatic","__parent":"Career Mod Edits","position":[743.528992,343.062286,133.739655],"isRenderEnabled":false,"rotationMatrix":[-0.997319221,0.0716984645,-0.0145997219,-0.014380835,0.00356835127,0.999890089,0.0717426836,0.997419834,-0.00252735615],"scale":[2.97195315,1,1.38493145],"shapeName":"/levels/jungle_rock_island/art/shapes/buildings/metalBlockerA.dae"}
{"name":"TSStatic_31","class":"TSStatic","__parent":"Career Mod Edits","position":[739.511597,351.713196,135.649567],"isRenderEnabled":false,"rotationMatrix":[0.0891458392,0.996018589,0,-0.996018589,0.0891458392,-1.01308042e-05,-1.0090469e-05,9.03118234e-07,1],"shapeName":"/art/shapes/objects/s_precast_block.dae"}
{"name":"TSStatic_6","class":"TSStatic","__parent":"Career Mod Edits","position":[329.241211,-177.868835,172.35083],"isRenderEnabled":false,"rotationMatrix":[0.775922656,0.630828023,1.11758709e-08,-0.630663037,0.775719702,-0.0228689685,-0.0144263962,0.0177445412,0.999738455],"scale":[2.37871051,0.0129705239,2.37871051],"shapeName":"/levels/jungle_rock_island/art/shapes/jri_objects/speedshop/speedshop_sign.dae"}
{"name":"TSStatic_61","class":"TSStatic","__parent":"Career Mod Edits","position":[351.99411,-205.855057,166.19664],"isRenderEnabled":false,"rotationMatrix":[0.775922656,0.630828023,1.11758709e-08,-0.630663037,0.775719702,-0.0228689685,-0.0144263962,0.0177445412,0.999738455],"scale":[2.37871051,0.0129705239,2.37871051],"shapeName":"/levels/jungle_rock_island/art/shapes/jri_objects/speedshop/speedshop_sign.dae"}
{"name":"TSStatic_7","class":"TSStatic","__parent":"Career Mod Edits","position":[1183.32947,753.928711,124.139999],"isRenderEnabled":false,"rotationMatrix":[-1,0,0,0,-0.999999821,-1.00413963e-05,0,-1.02202102e-05,0.999999821],"shapeName":"/levels/jungle_rock_island/art/shapes/buildings/metalBlockerA.dae"}
{"name":"computers","class":"SimGroup","__parent":"Career Mod Edits"}
{"class":"DecalRoad","persistentId":"bc554bd3-9459-45ed-963c-93da511091d8","__parent":"Career Mod Edits","position":[720.767761,373.472168,132.022141],"distanceFade":[150,50],"improvedSpline":true,"material":"grassy_edge_01","nodes":[[720.767761,373.472168,132.022141,2],[724.997375,395.806915,132.527969,2],[725.661011,409.388641,132.723724,2],[727.92511,429.705322,133.400162,2],[726.431519,444.329041,134.401398,2],[723.942932,456.009583,135.54277,2],[719.485352,466.228638,136.956024,2],[712.725464,479.203857,138.825256,2],[706.747559,487.737335,140.221573,2],[698.338257,497.659485,142.170883,2],[696.030762,500.630249,142.746353,2]],"renderPriority":8,"startEndFade":[2,2],"textureLength":8}
{"class":"DecalRoad","persistentId":"ffa1d9ac-0be3-409e-a792-fdb60869c514","__parent":"Career Mod Edits","position":[729.258118,371.085327,132.009888],"improvedSpline":true,"material":"ind_concrete","nodes":[[729.258118,371.085327,132.009888,18],[726.449829,336.093903,132.225281,20]]}
{"name":"switchMaps","class":"BeamNGTrigger","__parent":"Career Mod Edits","position":[-765.554382,386.124329,128.339981],"luaFunction":"onBeamNGTrigger","rotationMatrix":[-0.0169439316,0.999856293,9.57355369e-05,-0.999840558,-0.01694417,0.00560477888,0.00560559612,-7.5250864e-07,0.999984264],"scale":[4.29811954,7.26581717,3.85355949]}
{"name":"Level Gate","class":"SpawnSphere","__parent":"Career Mod Edits","position":[-762.656128,392.605194,126.335999],"dataBlock":"SpawnSphereMarker","radius":1,"rotationMatrix":[-0.997238874,-0.0742541254,-1.27786564e-08,0.0742541254,-0.997238874,-1.14895474e-05,8.40403118e-07,-1.14587774e-05,1],"spawnClass":"Player","sphereWeight0":"1"}
{"name":"freeroamEvents","class":"SimGroup","__parent":"Career Mod Edits"}
