{"name":"airstrip_fuel_pump_area_1","class":"BeamNGGameplayArea","__parent":"computers","position":[366.997498,-206.429718,160.962036],"rotationMatrix":[-0.780059934,-0.625704765,0,0.625704646,-0.780059576,-0.000663487008,0.000415230781,-0.000517674838,0.999999642],"scale":[3.22151279,2.59876585,1.61125517]}
{"name":"offroadDealer_computerArea","class":"BeamNGGameplayArea","__parent":"computers","position":[339.795563,-607.196106,135.062057],"rotationMatrix":[-0.907970071,-0.419034988,-4.23066285e-06,0.419034988,-0.907970071,-9.20515868e-06,1.59682259e-08,-1.01308042e-05,1],"scale":[1,1.29852772,1.96679688]}
{"name":"fuel_node_dealer_pump_area_3","class":"BeamNGGameplayArea","__parent":"computers","position":[726.55835,353.451843,132.457275],"rotationMatrix":[6.62803504e-05,-0.999999821,0,-8.74227624e-08,-5.79441313e-12,-0.999999821,0.999999762,6.62803504e-05,-8.74227624e-08],"scale":[2.29453135,1.76196289,1.49101567]}
{"name":"fuel_node_dealer_pump_area_1","class":"BeamNGGameplayArea","__parent":"computers","position":[727.60553,366.261078,132.209885],"rotationMatrix":[-1,0,0,0,-0.999999821,-1.00413963e-05,0,-1.02202102e-05,0.999999821],"scale":[1.7461915,3.11328149,1.84792471]}
{"name":"fuel_node_dealer_pump_icon_3","class":"BeamNGPointOfInterest","__parent":"computers","position":[726.884033,353.21225,133.619904],"rotationMatrix":[6.62803504e-05,-0.999999821,0,-8.74227624e-08,-5.79441313e-12,-0.999999821,0.999999762,6.62803504e-05,-8.74227624e-08]}
{"name":"fuel_node_dealer_pump_area_2","class":"BeamNGGameplayArea","__parent":"computers","position":[726.9505,359.896545,132.581482],"rotationMatrix":[0.999940753,0.0108846053,-3.86498868e-08,-3.86498868e-08,0,-1,-0.0108846053,0.999940813,0],"scale":[1.49426794,1.63493657,2.71533728]}
{"name":"onlineDealer_icon","class":"BeamNGPointOfInterest","__parent":"computers","position":[-797.017456,417.388641,126.878258],"rotationMatrix":[-1,0,0,0,-0.999999821,-1.00413963e-05,0,-1.02202102e-05,0.999999821]}
{"name":"fuel_node_dealer_pump_icon_1","class":"BeamNGPointOfInterest","__parent":"computers","position":[727.501465,366.038696,133.52829],"rotationMatrix":[0.196041733,0.98059541,0,8.57263771e-08,-1.71385128e-08,-0.999999821,-0.98059535,0.196041718,-8.74227624e-08]}
{"name":"fuel_node_dealer_pump_icon_2","class":"BeamNGPointOfInterest","__parent":"computers","position":[726.998901,359.90094,133.54776],"cubemap0":"cubemap_river_reflection","fullReflect0":"nil","reflectDetailAdjust0":"1","reflectMaxRateMs0":"15","reflectNormalUp0":"true","reflectPriority0":"1","reflectTexSize0":"nil","rotationMatrix":[6.62803504e-05,-0.999999821,0,-8.74227624e-08,-5.79441313e-12,-0.999999821,0.999999762,6.62803504e-05,-8.74227624e-08],"useOcclusionQuery0":"true"}
{"name":"hideout_computer_area","class":"BeamNGGameplayArea","__parent":"computers","position":[630.205627,40.2627869,133.315262],"rotationMatrix":[0.11541456,-0.993317306,-6.89178705e-08,0.99326247,0.115408182,-0.010503253,0.0104330722,0.00121215824,0.999944866]}
{"name":"baysideGarageComputer_area","class":"BeamNGGameplayArea","__parent":"computers","position":[10.7081861,-417.013641,133.482468],"rotationMatrix":[-0.852102757,-0.523374259,0,0.523374259,-0.852102757,-1.01308042e-05,5.30220268e-06,-8.63248806e-06,1],"scale":[6.71904325,1,1.86828613]}
{"name":"onlineDealerGameplay_area","class":"BeamNGGameplayArea","__parent":"computers","position":[-797.529419,417.447235,125.949097],"rotationMatrix":[-1,0,0,0,-0.999999821,-1.00413963e-05,0,-1.02202102e-05,0.999999821],"scale":[1.8765626,1.21161938,1.68591142]}
{"name":"beachHouse_computer_area","class":"BeamNGGameplayArea","__parent":"computers","position":[-908.884094,12.2308979,127.471199],"rotationMatrix":[0.862890244,-0.5053913,-3.7252903e-09,0.494537234,0.844358325,-0.206135601,0.104179144,0.177872419,0.978523433],"scale":[5.62257767,4.164958,2.54843235]}
{"name":"hideout_computer_icon","class":"BeamNGPointOfInterest","__parent":"computers","position":[630.146057,40.2706566,133.352524],"rotationMatrix":[-0.20469889,-0.978824914,-2.98023188e-08,0.978770792,-0.204687521,-0.0105032586,0.0102808718,-0.00215007621,0.999944627]}
{"name":"beachHouse_computer_icon","class":"BeamNGPointOfInterest","__parent":"computers","position":[-907.306763,14.3336105,129.008621],"rotationMatrix":[0.857492805,0.514495671,-2.98023188e-08,-0.508021832,0.846703053,-0.158136845,-0.0813607275,0.135601208,0.987416983]}
{"name":"baysideGarageComputer_icon","class":"BeamNGPointOfInterest","__parent":"computers","position":[10.9721489,-417.023193,134.381729],"rotationMatrix":[-1,0,0,0,-0.999999821,-1.00413963e-05,0,-1.02202102e-05,0.999999821]}
{"name":"chopShopComputer_area","class":"BeamNGGameplayArea","__parent":"computers","position":[70.7601547,541.882507,159.136948],"rotationMatrix":[-0.685964465,0.727634728,0,-0.727634728,-0.685964465,-1.01308033e-05,-7.37152504e-06,-6.94937307e-06,1],"scale":[6.50680113,1.69729757,1.49819326]}
{"name":"mountainViewComputer_icon","class":"BeamNGPointOfInterest","__parent":"computers","position":[18.7252884,200.210068,282.458527],"rotationMatrix":[-1,0,0,0,-0.999999821,-1.00413963e-05,0,-1.02202102e-05,0.999999821]}
{"name":"caveComputer_icon","class":"BeamNGPointOfInterest","__parent":"computers","position":[-800.389954,-801.171997,160.005524],"rotationMatrix":[-1,0,0,0,-0.999999821,-1.00413963e-05,0,-1.02202102e-05,0.999999821]}
{"name":"logisticsDealerComputer_area","class":"BeamNGGameplayArea","__parent":"computers","position":[4.52081919,672.891541,157.88913],"rotationMatrix":[-0.999999881,-0.000151918211,7.27595675e-12,0.000151918211,-0.999999762,-1.00413963e-05,1.53395596e-09,-9.98179166e-06,0.999999762],"scale":[1.52370143,1.85351562,1.51347661]}
{"name":"chopShopComputer_icon","class":"BeamNGPointOfInterest","__parent":"computers","position":[71.1099091,540.565613,159.651352],"rotationMatrix":[-1,-3.27714406e-06,0,3.27714383e-06,-0.999999821,-1.00413963e-05,3.31419857e-11,-1.02202102e-05,0.999999821]}
{"name":"dragTuningComputer_area","class":"BeamNGGameplayArea","__parent":"computers","position":[379.552826,-221.260345,161.832596],"rotationMatrix":[0.644098282,-0.764942825,-2.60770321e-08,0.764071643,0.643364727,-0.047713276,0.0364979394,0.0307320245,0.998861074],"scale":[9.33976746,2.83560467,1.90085459]}
{"name":"speedshopGameplay_area","class":"BeamNGGameplayArea","__parent":"computers","position":[324.688507,-183.492752,161.568497],"rotationMatrix":[-0.598052263,0.801456809,-2.72848411e-12,-0.801456809,-0.598052263,-1.01308042e-05,-8.11940481e-06,-6.05875084e-06,1],"scale":[1.9622879,4.48200226,2.25129414]}
{"name":"logisticsDealerComputer_icon","class":"BeamNGPointOfInterest","__parent":"computers","position":[4.04700708,673.405151,158.099106],"rotationMatrix":[-0.999999881,-0.000151918211,7.27595675e-12,0.000151918211,-0.999999762,-1.00413963e-05,1.53395596e-09,-9.98179166e-06,0.999999762]}
{"name":"dragTuningComputer_icon","class":"BeamNGPointOfInterest","__parent":"computers","position":[378.929626,-221.781723,161.541122],"rotationMatrix":[0.447213531,-0.894427061,-2.98023188e-08,0.893408358,0.446704119,-0.047713235,0.0426760428,0.0213380214,0.998860836]}
{"name":"caveComputer_area","class":"BeamNGGameplayArea","__parent":"computers","position":[-801.628845,-800.000427,159.546371],"rotationMatrix":[-0.769659877,-0.638454378,-6.44323063e-06,0.638454378,-0.769659877,-7.81786548e-06,3.22559117e-08,-1.01308051e-05,1],"scale":[8.60054588,11.8635197,1]}
{"name":"alohaTransitGameplay_area","class":"BeamNGGameplayArea","__parent":"computers","position":[-845.332886,782.965271,186.712509],"rotationMatrix":[-1,0,0,0,-0.999999821,-1.00413963e-05,0,-1.02202102e-05,0.999999821],"scale":[1.10701811,1.8125968,0.880249023]}
{"name":"alohaTransitGameplay_icon","class":"BeamNGPointOfInterest","__parent":"computers","position":[-843.673828,775.86145,187.220535],"rotationMatrix":[-1,0,0,0,-0.999999821,-1.00413963e-05,0,-1.02202102e-05,0.999999821]}
{"name":"speedshopGameplay_icon","class":"BeamNGPointOfInterest","__parent":"computers","position":[324.26709,-183.864822,161.153656],"rotationMatrix":[-1,-0.000140405667,0,0.000140405667,-0.999999821,-1.00413963e-05,1.41653411e-09,-1.02202102e-05,0.999999821],"scale":[1,1,2.66721201]}
{"name":"mountainViewComputer_area","class":"BeamNGGameplayArea","__parent":"computers","position":[20.4849987,201.438477,281.868469],"rotationMatrix":[-1,0,0,0,-0.999999821,-1.00413963e-05,0,-1.02202102e-05,0.999999821],"scale":[1.85934448,1.79006338,1]}
