{"name":"dam_spray_2","class":"ParticleEmitterNode","persistentId":"98327e06-0095-4466-80b9-cd0a33d9ffb8","__parent":"particles","position":[-500.977753,-422.171478,134.231674],"cubemap0":"DefaultSkyCubemap","dataBlock":"lightExampleEmitterNodeData1","emitter":"BNGP_waterfallsprayshort","fullReflect0":"nil","reflectDetailAdjust0":"1","reflectMaxRateMs0":"15","reflectNormalUp0":"true","reflectPriority0":"1","reflectTexSize0":"nil","rotationMatrix":[0.950732589,0.309983164,-0.00416205078,-0.081780836,0.263730288,0.961123347,0.299029768,-0.91343087,0.276087791],"useOcclusionQuery0":"true","velocity":3}
{"name":"dam_spray_3","class":"ParticleEmitterNode","persistentId":"10f8ef38-29d9-4fc7-b032-b84052cac611","__parent":"particles","position":[-496.312988,-420.840698,134.231674],"dataBlock":"lightExampleEmitterNodeData1","emitter":"BNGP_waterfallsprayshort","rotationMatrix":[0.950732589,0.309983164,-0.00416205078,-0.081780836,0.263730288,0.961123347,0.299029768,-0.91343087,0.276087791],"velocity":3}
{"name":"dam_spray_4","class":"ParticleEmitterNode","persistentId":"ffdd331d-f347-4160-8365-d739ba53c193","__parent":"particles","position":[-498.069885,-421.413513,134.239365],"dataBlock":"lightExampleEmitterNodeData1","emitter":"BNGP_waterfallsprayshort","rotationMatrix":[0.950732589,0.309983164,-0.00416205078,-0.081780836,0.263730288,0.961123347,0.299029768,-0.91343087,0.276087791],"velocity":3}
{"name":"dam_spray_5","class":"ParticleEmitterNode","persistentId":"7c3fc84d-7dbe-4a03-8d71-f5408a98692a","__parent":"particles","position":[-491.668396,-419.327545,134.231674],"cubemap0":"DefaultSkyCubemap","dataBlock":"lightExampleEmitterNodeData1","emitter":"BNGP_waterfallsprayshort","fullReflect0":"nil","reflectDetailAdjust0":"1","reflectMaxRateMs0":"15","reflectNormalUp0":"true","reflectPriority0":"1","reflectTexSize0":"nil","rotationMatrix":[0.950732589,0.309983164,-0.00416205078,-0.081780836,0.263730288,0.961123347,0.299029768,-0.91343087,0.276087791],"useOcclusionQuery0":"true","velocity":3}
{"name":"dam_spray_6","class":"ParticleEmitterNode","persistentId":"b66e9156-1200-4f24-9fcf-9fbe6edba850","__parent":"particles","position":[-493.425293,-419.90036,134.239365],"dataBlock":"lightExampleEmitterNodeData1","emitter":"BNGP_waterfallsprayshort","rotationMatrix":[0.950732589,0.309983164,-0.00416205078,-0.081780836,0.263730288,0.961123347,0.299029768,-0.91343087,0.276087791],"velocity":3}
{"name":"dam_spray_7","class":"ParticleEmitterNode","persistentId":"df36ba1c-0d9a-40b2-a454-dc51078d1097","__parent":"particles","position":[-487.181641,-417.112061,134.231674],"dataBlock":"lightExampleEmitterNodeData1","emitter":"BNGP_waterfallsprayshort","rotationMatrix":[0.950732589,0.309983164,-0.00416205078,-0.081780836,0.263730288,0.961123347,0.299029768,-0.91343087,0.276087791],"velocity":3}
{"name":"dam_spray_8","class":"ParticleEmitterNode","persistentId":"cb234958-6807-4591-9e70-a1d7480e4392","__parent":"particles","position":[-488.938538,-417.684875,134.239365],"dataBlock":"lightExampleEmitterNodeData1","emitter":"BNGP_waterfallsprayshort","rotationMatrix":[0.950732589,0.309983164,-0.00416205078,-0.081780836,0.263730288,0.961123347,0.299029768,-0.91343087,0.276087791],"velocity":3}
{"name":"dam_spray_9","class":"ParticleEmitterNode","persistentId":"15b5a225-d462-407c-b579-e32d6bd86335","__parent":"particles","position":[-482.504181,-416.026215,134.231674],"dataBlock":"lightExampleEmitterNodeData1","emitter":"BNGP_waterfallsprayshort","rotationMatrix":[0.950732589,0.309983164,-0.00416205078,-0.081780836,0.263730288,0.961123347,0.299029768,-0.91343087,0.276087791],"velocity":3}
{"name":"dam_spray_10","class":"ParticleEmitterNode","persistentId":"4e83a6fa-b791-459f-8b6a-ae0564fb6bd6","__parent":"particles","position":[-484.261078,-416.59903,134.239365],"dataBlock":"lightExampleEmitterNodeData1","emitter":"BNGP_waterfallsprayshort","rotationMatrix":[0.950732589,0.309983164,-0.00416205078,-0.081780836,0.263730288,0.961123347,0.299029768,-0.91343087,0.276087791],"velocity":3}
{"name":"dam_spray_11","class":"ParticleEmitterNode","persistentId":"c1187841-a891-49fc-a852-3a01b99e7043","__parent":"particles","position":[-477.914001,-415.016998,134.231674],"dataBlock":"lightExampleEmitterNodeData1","emitter":"BNGP_waterfallsprayshort","rotationMatrix":[0.950732589,0.309983164,-0.00416205078,-0.081780836,0.263730288,0.961123347,0.299029768,-0.91343087,0.276087791],"velocity":3}
{"name":"dam_spray_12","class":"ParticleEmitterNode","persistentId":"6b66111e-11a2-43e8-98d3-737d88694201","__parent":"particles","position":[-479.670898,-415.589813,134.239365],"dataBlock":"lightExampleEmitterNodeData1","emitter":"BNGP_waterfallsprayshort","rotationMatrix":[0.950732589,0.309983164,-0.00416205078,-0.081780836,0.263730288,0.961123347,0.299029768,-0.91343087,0.276087791],"velocity":3}
{"name":"dam_spray_13","class":"ParticleEmitterNode","persistentId":"0964d010-abbe-4cbe-bbce-930cc3f04b60","__parent":"particles","position":[-473.338043,-413.128296,134.231674],"dataBlock":"lightExampleEmitterNodeData1","emitter":"BNGP_waterfallsprayshort","rotationMatrix":[0.950732589,0.309983164,-0.00416205078,-0.081780836,0.263730288,0.961123347,0.299029768,-0.91343087,0.276087791],"velocity":3}
{"name":"dam_spray_14","class":"ParticleEmitterNode","persistentId":"bfdf7736-f5ac-4166-ac2e-7d5d5c4eb395","__parent":"particles","position":[-475.09494,-413.701111,134.239365],"dataBlock":"lightExampleEmitterNodeData1","emitter":"BNGP_waterfallsprayshort","rotationMatrix":[0.950732589,0.309983164,-0.00416205078,-0.081780836,0.263730288,0.961123347,0.299029768,-0.91343087,0.276087791],"velocity":3}
{"name":"dam_spray_15","class":"ParticleEmitterNode","persistentId":"ba1c3e33-2bc5-4aa0-b754-353deafbe455","__parent":"particles","position":[-468.765259,-411.70575,134.231674],"dataBlock":"lightExampleEmitterNodeData1","emitter":"BNGP_waterfallsprayshort","rotationMatrix":[0.950732589,0.309983164,-0.00416205078,-0.081780836,0.263730288,0.961123347,0.299029768,-0.91343087,0.276087791],"velocity":3}
{"name":"dam_spray_16","class":"ParticleEmitterNode","persistentId":"8e7b0f61-4dc3-4ec7-8724-9e55219e2568","__parent":"particles","position":[-470.522156,-412.278564,134.239365],"dataBlock":"lightExampleEmitterNodeData1","emitter":"BNGP_waterfallsprayshort","rotationMatrix":[0.950732589,0.309983164,-0.00416205078,-0.081780836,0.263730288,0.961123347,0.299029768,-0.91343087,0.276087791],"velocity":3}
{"name":"dam_spray_1","class":"ParticleEmitterNode","persistentId":"32e278a1-a478-474e-b876-f5fe250aecba","__parent":"particles","position":[-502.73465,-422.744293,134.239365],"dataBlock":"lightExampleEmitterNodeData1","emitter":"BNGP_waterfallsprayshort","rotationMatrix":[0.950732589,0.309983164,-0.00416205078,-0.081780836,0.263730288,0.961123347,0.299029768,-0.91343087,0.276087791],"velocity":3}
{"name":"waterfall_spray_36","class":"ParticleEmitterNode","persistentId":"9a0cee02-cc42-498d-bd36-d5b646d4cd02","__parent":"particles","position":[-753.190674,-868.407776,135.417297],"dataBlock":"lightExampleEmitterNodeData1","emitter":"BNGP_waterfallspray","rotationMatrix":[0.00598497316,-0.191622928,-0.981450081,0.999533534,0.0305241887,0.000135583337,0.0299319923,-0.980992973,0.191716477],"velocity":9}
{"name":"waterfall_steam_8","class":"ParticleEmitterNode","persistentId":"5b57bdd0-bf00-4731-a9f2-a9523ca594fa","__parent":"particles","position":[125.81678,-462.451324,125.082787],"dataBlock":"lightExampleEmitterNodeData1","emitter":"BNGP_waterfallsteam","rotationMatrix":[0.411744118,2.10296719e-13,-0.911299467,-0.000629283197,0.999999762,-0.000284323265,0.911299229,0.000690533896,0.411744028],"velocity":3}
{"name":"waterfall_steam_9","class":"ParticleEmitterNode","persistentId":"445ccfc2-fa2d-4ac4-bf5d-cc56839eab88","__parent":"particles","position":[127.812195,-472.382782,125.082787],"dataBlock":"lightExampleEmitterNodeData1","emitter":"BNGP_waterfallsteam","rotationMatrix":[0.411744118,2.10296719e-13,-0.911299467,-0.000629283197,0.999999762,-0.000284323265,0.911299229,0.000690533896,0.411744028],"velocity":3}
{"name":"waterfall_steam_10","class":"ParticleEmitterNode","persistentId":"38acd751-5298-48b3-8aa8-401910293590","__parent":"particles","position":[130.474518,-477.588623,125.082787],"dataBlock":"lightExampleEmitterNodeData1","emitter":"BNGP_waterfallsteam","rotationMatrix":[0.36146912,0.197162956,-0.911299467,-0.479400575,0.877595961,-0.000284323265,0.799696624,0.436980247,0.411744028],"velocity":3}
{"name":"waterfall_steam_11","class":"ParticleEmitterNode","persistentId":"445227af-3627-4072-8188-cae73d7a3502","__parent":"particles","position":[132.97142,-482.489014,124.801048],"dataBlock":"lightExampleEmitterNodeData1","emitter":"BNGP_waterfallsteam","rotationMatrix":[0.37623775,0.167267084,-0.911299467,-0.40681529,0.913510084,-0.000284323265,0.832433641,0.37083748,0.411744028],"velocity":3}
{"name":"waterfall_steam_12","class":"ParticleEmitterNode","persistentId":"e6ee83cf-c6ef-4646-b15d-95e4112e4f55","__parent":"particles","position":[134.537415,-487.327484,124.786934],"dataBlock":"lightExampleEmitterNodeData1","emitter":"BNGP_waterfallsteam","rotationMatrix":[0.37623775,0.167267084,-0.911299467,-0.40681529,0.913510084,-0.000284323265,0.832433641,0.37083748,0.411744028],"velocity":3}
{"name":"waterfall_steam_13","class":"ParticleEmitterNode","persistentId":"a0fd84d6-3a94-416f-b16d-8c6edca82ae7","__parent":"particles","position":[135.564163,-492.267548,124.786934],"dataBlock":"lightExampleEmitterNodeData1","emitter":"BNGP_waterfallsteam","rotationMatrix":[0.37623775,0.167267084,-0.911299467,-0.40681529,0.913510084,-0.000284323265,0.832433641,0.37083748,0.411744028],"velocity":3}
{"name":"waterfall_steam_14","class":"ParticleEmitterNode","persistentId":"2499bc30-7da7-4ce2-bbba-e505a7f58429","__parent":"particles","position":[136.107346,-496.85437,124.786934],"dataBlock":"lightExampleEmitterNodeData1","emitter":"BNGP_waterfallsteam","rotationMatrix":[0.37623775,0.167267084,-0.911299467,-0.40681529,0.913510084,-0.000284323265,0.832433641,0.37083748,0.411744028],"velocity":3}
{"name":"waterfall_spray_33","class":"ParticleEmitterNode","persistentId":"7ed601da-e822-461a-b7a0-74c36cebf8dc","__parent":"particles","position":[-766.551086,-908.913025,126.209579],"dataBlock":"lightExampleEmitterNodeData1","emitter":"BNGP_waterfallspray","rotationMatrix":[0.00598497316,-0.218113512,-0.975904942,0.999533534,0.0305166841,-0.000690533896,0.0299319923,-0.975445509,0.218194619],"velocity":8}
{"name":"waterfall_spray_34","class":"ParticleEmitterNode","persistentId":"876f86ae-c73a-4776-9d83-c114c184283c","__parent":"particles","position":[-760.109985,-908.913025,126.209579],"dataBlock":"lightExampleEmitterNodeData1","emitter":"BNGP_waterfallspray","rotationMatrix":[0.00598497316,-0.218113512,-0.975904942,0.999533534,0.0305166841,-0.000690533896,0.0299319923,-0.975445509,0.218194619],"velocity":8}
{"name":"waterfall_spray_35","class":"ParticleEmitterNode","persistentId":"16a71d12-bfc5-4407-858c-b7b677bfd2e1","__parent":"particles","position":[-763.375488,-907.015869,126.333633],"dataBlock":"lightExampleEmitterNodeData1","emitter":"BNGP_waterfallspray","rotationMatrix":[0.00598497316,-0.218113512,-0.975904942,0.999533534,0.0305166841,-0.000690533896,0.0299319923,-0.975445509,0.218194619],"velocity":9}
{"name":"waterfall_steam_15","class":"ParticleEmitterNode","persistentId":"f220c7f5-8257-455f-997b-bfb86b86fbaa","__parent":"particles","position":[-764.273132,-913.718506,124.302711],"dataBlock":"lightExampleEmitterNodeData1","emitter":"BNGP_waterfallsteam","rotationMatrix":[0.99254179,0.0990320295,-0.0710865706,0.0667826831,0.0461208224,0.996700764,0.101983882,-0.994014502,0.0391631424],"velocity":3}
{"name":"waterfall_spray_22","class":"ParticleEmitterNode","persistentId":"3e4d8d94-60be-4f91-a433-3e4527e43218","__parent":"particles","position":[120.977623,-499.914764,130.073669],"dataBlock":"lightExampleEmitterNodeData1","emitter":"BNGP_waterfallspray","rotationMatrix":[0.218194664,-0.000673895585,-0.975904942,-6.6351628e-14,0.999999762,-0.000690533896,0.97590518,0.000150670807,0.218194619],"velocity":8}
{"name":"waterfall_spray_23","class":"ParticleEmitterNode","persistentId":"c930694c-cd10-438d-b386-5dca198b5054","__parent":"particles","position":[119.694542,-495.217896,130.073669],"dataBlock":"lightExampleEmitterNodeData1","emitter":"BNGP_waterfallspray","rotationMatrix":[0.20637548,0.0708415508,-0.975904942,-0.327589333,0.944819927,-0.000690533896,0.922005534,0.319838583,0.218194619],"velocity":8}
{"name":"waterfall_spray_24","class":"ParticleEmitterNode","persistentId":"ba87e400-a49d-4101-a1cf-fbc73775c5c3","__parent":"particles","position":[117.805687,-485.547455,130.073669],"dataBlock":"lightExampleEmitterNodeData1","emitter":"BNGP_waterfallspray","rotationMatrix":[0.195696369,0.0965002105,-0.975904942,-0.445032299,0.89551419,-0.000690533896,0.873870075,0.434444368,0.218194619],"velocity":8}
{"name":"waterfall_spray_25","class":"ParticleEmitterNode","persistentId":"8e0e37ec-df6c-41c0-9746-f7d36626c0d6","__parent":"particles","position":[119.072281,-489.450165,130.073669],"dataBlock":"lightExampleEmitterNodeData1","emitter":"BNGP_waterfallspray","rotationMatrix":[0.201579452,0.0835168362,-0.975904942,-0.385612607,0.922660232,-0.000690533896,0.900370955,0.376460433,0.218194619],"velocity":8}
{"name":"waterfall_spray_26","class":"ParticleEmitterNode","persistentId":"98479a4b-7d1a-4998-bca9-2920c2990fd4","__parent":"particles","position":[116.869545,-476.187134,130.073669],"dataBlock":"lightExampleEmitterNodeData1","emitter":"BNGP_waterfallspray","rotationMatrix":[0.201579452,0.0835168362,-0.975904942,-0.385612607,0.922660232,-0.000690533896,0.900370955,0.376460433,0.218194619],"velocity":8}
{"name":"waterfall_spray_27","class":"ParticleEmitterNode","persistentId":"4f6efdf9-e7e2-4c6e-acc9-0b1f771038fa","__parent":"particles","position":[116.520531,-470.139099,129.692764],"dataBlock":"lightExampleEmitterNodeData1","emitter":"BNGP_waterfallspray","rotationMatrix":[0.201579452,0.0835168362,-0.975904942,-0.385612607,0.922660232,-0.000690533896,0.900370955,0.376460433,0.218194619],"velocity":8}
{"name":"waterfall_spray_28","class":"ParticleEmitterNode","persistentId":"b4470ca8-ee07-46b7-83b8-23a44a7fe5ff","__parent":"particles","position":[128.200912,-494.471558,127.740814],"dataBlock":"lightExampleEmitterNodeData1","emitter":"BNGP_waterfallspray","rotationMatrix":[0.218194664,-0.000673895585,-0.975904942,-6.6351628e-14,0.999999762,-0.000690533896,0.97590518,0.000150670807,0.218194619],"velocity":5}
{"name":"waterfall_spray_13","class":"ParticleEmitterNode","persistentId":"9238dfa9-5dff-4bcb-bebb-9dba11be04f1","__parent":"particles","position":[-611.076294,-208.451141,140.155396],"dataBlock":"lightExampleEmitterNodeData1","emitter":"BNGP_waterfallspray","rotationMatrix":[0.991651297,-0.128731295,0.00746285915,0.042730283,0.382665217,0.922898173,-0.121661745,-0.914874196,0.384971231],"velocity":3}
{"name":"waterfall_spray_29","class":"ParticleEmitterNode","persistentId":"b630a171-5e9a-4dfc-a0ea-a9cbd54e4e7b","__parent":"particles","position":[127.199631,-491.492523,127.740814],"dataBlock":"lightExampleEmitterNodeData1","emitter":"BNGP_waterfallspray","rotationMatrix":[0.194320008,0.0992426127,-0.975904942,-0.457581282,0.889167428,-0.000690533896,0.867674351,0.446690023,0.218194619],"velocity":6}
{"name":"waterfall_spray_30","class":"ParticleEmitterNode","persistentId":"2d15a567-e0ec-4d18-9578-7243fd1af78f","__parent":"particles","position":[128.428024,-481.912964,126.790108],"dataBlock":"lightExampleEmitterNodeData1","emitter":"BNGP_waterfallspray","rotationMatrix":[0.217428878,-0.0182772502,-0.975904942,0.0806873441,0.996739268,-0.000690533896,0.972735465,-0.0785930455,0.218194619],"velocity":5}
{"name":"waterfall_spray_31","class":"ParticleEmitterNode","persistentId":"ec38ff39-5ad9-49af-ba64-e5b2bd08bafd","__parent":"particles","position":[123.815308,-469.24054,126.790108],"dataBlock":"lightExampleEmitterNodeData1","emitter":"BNGP_waterfallspray","rotationMatrix":[0.217428878,-0.0182772502,-0.975904942,0.0806873441,0.996739268,-0.000690533896,0.972735465,-0.0785930455,0.218194619],"velocity":5}
{"name":"waterfall_spray_32","class":"ParticleEmitterNode","persistentId":"80804fe2-e778-4fd1-be3b-b7658660b625","__parent":"particles","position":[123.966339,-466.959808,126.555611],"dataBlock":"lightExampleEmitterNodeData1","emitter":"BNGP_waterfallspray","rotationMatrix":[0.205215201,0.0741356164,-0.975904942,-0.342669636,0.939455688,-0.000690533896,0.916768312,0.334554732,0.218194619],"velocity":5}
{"name":"waterfall_steam_1","class":"ParticleEmitterNode","persistentId":"38ea984e-9e4d-4428-a354-949e96b68c5a","__parent":"particles","position":[-637.795532,-202.198517,137.181046],"dataBlock":"lightExampleEmitterNodeData1","emitter":"BNGP_waterfallsteam","rotationMatrix":[0.99254179,0.0990320295,-0.0710865706,0.03517095,0.325704396,0.944817066,0.116720378,-0.940270543,0.319792151],"velocity":3}
{"name":"waterfall_steam_2","class":"ParticleEmitterNode","persistentId":"d2986f6f-957b-4612-a7e3-2fe60c87d6ca","__parent":"particles","position":[-617.31897,-212.135315,136.148483],"dataBlock":"lightExampleEmitterNodeData1","emitter":"BNGP_waterfallsteam","rotationMatrix":[0.99254179,0.0990320295,-0.0710865706,0.0548890084,0.15762341,0.985972404,0.108847775,-0.9825207,0.151011989],"velocity":3}
{"name":"waterfall_steam_3","class":"ParticleEmitterNode","persistentId":"0d04d855-c759-415b-bb8c-0fae0db1f844","__parent":"particles","position":[-611.566406,-209.515884,139.554901],"dataBlock":"lightExampleEmitterNodeData1","emitter":"BNGP_waterfallsteam","rotationMatrix":[0.99254179,0.0990320295,-0.0710865706,0.03517095,0.325704396,0.944817066,0.116720378,-0.940270543,0.319792151],"velocity":3}
{"name":"waterfall_steam_4","class":"ParticleEmitterNode","persistentId":"e66ef0ac-fb94-49c9-9676-b2ac2f6f4309","__parent":"particles","position":[-594.607483,-221.365555,139.02327],"dataBlock":"lightExampleEmitterNodeData1","emitter":"BNGP_waterfallsteam","rotationMatrix":[0.99254179,0.0990320295,-0.0710865706,0.03517095,0.325704396,0.944817066,0.116720378,-0.940270543,0.319792151],"velocity":3}
{"name":"waterfall_steam_5","class":"ParticleEmitterNode","persistentId":"8491a8ea-b262-4c9c-8d3a-086f4ad59081","__parent":"particles","position":[-587.200256,-221.365555,139.350571],"dataBlock":"lightExampleEmitterNodeData1","emitter":"BNGP_waterfallsteam","rotationMatrix":[0.99254179,0.0990320295,-0.0710865706,0.03517095,0.325704396,0.944817066,0.116720378,-0.940270543,0.319792151],"velocity":3}
{"name":"waterfall_steam_6","class":"ParticleEmitterNode","persistentId":"6ffedc7e-f5b4-445e-8bfc-465345e48b0d","__parent":"particles","position":[-589.921448,-199.321365,146.499191],"dataBlock":"lightExampleEmitterNodeData1","emitter":"BNGP_waterfallsteam","rotationMatrix":[0.99254179,0.114799753,-0.0410080254,0.0494062603,-0.0712919831,0.9962309,0.111443542,-0.990826726,-0.0764321536],"velocity":3}
{"name":"waterfall_steam_7","class":"ParticleEmitterNode","persistentId":"c0174729-17ec-4655-8f07-2603d57e28a0","__parent":"particles","position":[-594.607483,-228.065613,136.15004],"dataBlock":"lightExampleEmitterNodeData1","emitter":"BNGP_waterfallsteam","rotationMatrix":[0.99254179,0.0990320295,-0.0710865706,0.03517095,0.325704396,0.944817066,0.116720378,-0.940270543,0.319792151],"velocity":3}
{"name":"waterfall_spray_2","class":"ParticleEmitterNode","persistentId":"655139f0-ac90-4f2b-9c63-82c582a84563","__parent":"particles","position":[-636.416138,-199.508881,139.358673],"dataBlock":"lightExampleEmitterNodeData1","emitter":"BNGP_waterfallspray","rotationMatrix":[0.99254179,0.0990320295,-0.0710865706,0.03517095,0.325704396,0.944817066,0.116720378,-0.940270543,0.319792151],"velocity":5}
{"name":"waterfall_spray_3","class":"ParticleEmitterNode","persistentId":"213900b3-4c8e-47ca-8733-bade09c6fbc5","__parent":"particles","position":[-637.323486,-193.247223,144.166214],"dataBlock":"lightExampleEmitterNodeData1","emitter":"BNGP_waterfallspray","rotationMatrix":[0.99254179,0.0990320295,-0.0710865706,0.03517095,0.325704396,0.944817066,0.116720378,-0.940270543,0.319792151],"velocity":3}
{"name":"waterfall_spray_4","class":"ParticleEmitterNode","persistentId":"11b229b4-0e12-43b4-9fe1-84fb0add1f1d","__parent":"particles","position":[-635.497437,-190.187546,144.216858],"dataBlock":"lightExampleEmitterNodeData1","emitter":"BNGP_waterfallspray","rotationMatrix":[0.99254179,0.0990320295,-0.0710865706,0.03517095,0.325704396,0.944817066,0.116720378,-0.940270543,0.319792151],"velocity":3}
{"name":"waterfall_spray_5","class":"ParticleEmitterNode","persistentId":"55144732-7019-416c-87ed-2b146192e657","__parent":"particles","position":[-629.886902,-191.539963,144.728958],"dataBlock":"lightExampleEmitterNodeData1","emitter":"BNGP_waterfallspray","rotationMatrix":[0.912097931,0.375937343,-0.163548887,-0.0170379356,0.433340967,0.901068807,0.40961796,-0.819076419,0.401654631],"velocity":3}
{"name":"waterfall_spray_6","class":"ParticleEmitterNode","persistentId":"47043e7f-e96d-46c9-9217-77ec1c2e372b","__parent":"particles","position":[-629.918213,-196.914536,142.910065],"dataBlock":"lightExampleEmitterNodeData1","emitter":"BNGP_waterfallspray","rotationMatrix":[0.99254179,0.0990320295,-0.0710865706,-0.0108180121,0.652387738,0.757807851,0.121423274,-0.751386821,0.648593426],"velocity":3}
{"name":"waterfall_spray_7","class":"ParticleEmitterNode","persistentId":"f412be43-13e3-4cc5-b295-793e5a27f93c","__parent":"particles","position":[-626.615051,-197.249161,142.693573],"dataBlock":"lightExampleEmitterNodeData1","emitter":"BNGP_waterfallspray","rotationMatrix":[0.956309974,-0.268666923,0.115277566,0.0606067702,0.567928612,0.82084322,-0.286002994,-0.777993858,0.55939889],"velocity":6}
{"name":"waterfall_spray_8","class":"ParticleEmitterNode","persistentId":"58a2b741-b4e6-4103-a4a9-423ffa8584de","__parent":"particles","position":[-613.992493,-189.733566,146.17923],"dataBlock":"lightExampleEmitterNodeData1","emitter":"BNGP_waterfallspray","rotationMatrix":[0.99254179,0.0990320295,-0.0710865706,0.03517095,0.325704396,0.944817066,0.116720378,-0.940270543,0.319792151],"velocity":7}
{"name":"waterfall_spray_9","class":"ParticleEmitterNode","persistentId":"390dba5f-3f45-4e35-873a-9ad313d80502","__parent":"particles","position":[-611.119568,-189.835617,145.862579],"dataBlock":"lightExampleEmitterNodeData1","emitter":"BNGP_waterfallspray","rotationMatrix":[0.99254179,0.0990320295,-0.0710865706,0.03517095,0.325704396,0.944817066,0.116720378,-0.940270543,0.319792151],"velocity":7}
{"name":"waterfall_spray_10","class":"ParticleEmitterNode","persistentId":"f75bf514-48ac-464b-bce0-ffbd54018955","__parent":"particles","position":[-617.009399,-198.662537,142.667343],"dataBlock":"lightExampleEmitterNodeData1","emitter":"BNGP_waterfallspray","rotationMatrix":[0.99254179,0.0990320295,-0.0710865706,0.03517095,0.325704396,0.944817066,0.116720378,-0.940270543,0.319792151],"velocity":7}
{"name":"waterfall_spray_11","class":"ParticleEmitterNode","persistentId":"08cab75f-3cb1-4110-b21c-9108e3bd1aa2","__parent":"particles","position":[-611.100647,-198.662537,142.667343],"dataBlock":"lightExampleEmitterNodeData1","emitter":"BNGP_waterfallspray","rotationMatrix":[0.99254179,0.0990320295,-0.0710865706,0.03517095,0.325704396,0.944817066,0.116720378,-0.940270543,0.319792151],"velocity":7}
{"name":"waterfall_spray_12","class":"ParticleEmitterNode","persistentId":"10d7dd81-7825-4866-8e1b-5e316ba051f7","__parent":"particles","position":[-613.919067,-198.662537,142.25853],"dataBlock":"lightExampleEmitterNodeData1","emitter":"BNGP_waterfallspray","rotationMatrix":[0.99254179,0.0990320295,-0.0710865706,0.03517095,0.325704396,0.944817066,0.116720378,-0.940270543,0.319792151],"velocity":7}
{"name":"waterfall_spray_14","class":"ParticleEmitterNode","persistentId":"6c1b6f41-f5ad-4294-b67a-876019e2215a","__parent":"particles","position":[-597.905762,-194.990875,146.608734],"dataBlock":"lightExampleEmitterNodeData1","emitter":"BNGP_waterfallspray","rotationMatrix":[0.933717251,0.352835804,-0.0606511086,0.00345855393,0.160513714,0.987027109,0.357994109,-0.921814084,0.148654044],"velocity":10}
{"name":"waterfall_spray_15","class":"ParticleEmitterNode","persistentId":"2eba1a04-59cd-4193-af14-355e600efc3e","__parent":"particles","position":[-592.269775,-198.622772,146.183929],"dataBlock":"lightExampleEmitterNodeData1","emitter":"BNGP_waterfallspray","rotationMatrix":[0.983331263,-0.0875077918,0.159378529,-0.163513482,-0.0422684401,0.985634685,-0.0795140266,-0.995265961,-0.0558727197],"velocity":15}
{"name":"waterfall_spray_16","class":"ParticleEmitterNode","persistentId":"2f458740-8969-431b-9535-5d2ed2b97770","__parent":"particles","position":[-589.965393,-198.622772,146.183929],"dataBlock":"lightExampleEmitterNodeData1","emitter":"BNGP_waterfallspray","rotationMatrix":[0.996675968,0.0651526004,0.0489066392,-0.0515023246,0.038773708,0.9979195,0.0631208271,-0.997121215,0.0420001224],"velocity":15}
{"name":"waterfall_spray_17","class":"ParticleEmitterNode","persistentId":"93e5c26d-4196-4f97-b7a5-c8950e70df05","__parent":"particles","position":[-585.959167,-200.699921,146.183929],"dataBlock":"lightExampleEmitterNodeData1","emitter":"BNGP_waterfallspray","rotationMatrix":[0.97715956,-0.200700402,0.0698430538,-0.0408333428,0.145207733,0.988557756,-0.208545834,-0.968830585,0.133695841],"velocity":7}
{"name":"waterfall_spray_18","class":"ParticleEmitterNode","persistentId":"86a5d30d-6a03-47cd-bc02-4e5baa719a1a","__parent":"particles","position":[-591.027771,-220.420029,140.306534],"dataBlock":"lightExampleEmitterNodeData1","emitter":"BNGP_waterfallspray","rotationMatrix":[0.97715956,-0.200700402,0.0698430538,-0.0408333428,0.145207733,0.988557756,-0.208545834,-0.968830585,0.133695841],"velocity":7}
{"name":"waterfall_spray_19","class":"ParticleEmitterNode","persistentId":"bfeebe99-8241-4fdf-b7fe-998dd6615758","__parent":"particles","position":[-595.36438,-220.720917,139.621704],"dataBlock":"lightExampleEmitterNodeData1","emitter":"BNGP_waterfallspray","rotationMatrix":[0.97715956,-0.200700402,0.0698430538,0.0138435811,0.388086259,0.921518505,-0.212054417,-0.899503767,0.382000715],"velocity":7}
{"name":"waterfall_spray_20","class":"ParticleEmitterNode","persistentId":"a680ed24-bdfb-4089-82bd-9b057e23d3ae","__parent":"particles","position":[-586.8927,-220.420029,140.195358],"dataBlock":"lightExampleEmitterNodeData1","emitter":"BNGP_waterfallspray","rotationMatrix":[0.97715956,-0.200700402,0.0698430538,0.0199956372,0.414043486,0.910036922,-0.211562976,-0.887854695,0.408599794],"velocity":7}
{"name":"waterfall_spray_1","class":"ParticleEmitterNode","persistentId":"21285294-673b-4ad2-92a0-53b3e569c99f","__parent":"particles","position":[-638.002075,-199.396088,139.223206],"dataBlock":"lightExampleEmitterNodeData1","emitter":"BNGP_waterfallspray","rotationMatrix":[1,0,0,0,0.583134472,0.812375546,0,-0.812375546,0.583134472],"velocity":5}
