{"class":"TSStatic","persistentId":"052414af-d2ca-4206-b5ce-a939a6d5d5e6","__parent":"mine_objects","position":[210.504135,679.421387,142.34198],"annotation":"OBSTACLES","isRenderEnabled":false,"rotationMatrix":[1,0,0,0,0.147663042,0.989037752,0,-0.989037752,0.147663042],"shapeName":"/levels/jungle_rock_island/art/shapes/buildings/debris/debris_m_barbent_b.DAE","useInstanceRenderData":true}
{"class":"TSStatic","persistentId":"111ee3eb-29ed-4f59-9a36-4a8386fda4ca","__parent":"mine_objects","position":[226.16478,681.181885,141.525681],"annotation":"OBSTACLES","isRenderEnabled":false,"rotationMatrix":[-0.784661055,0.619924784,0,-0.619924784,-0.784661055,0,0,0,1],"shapeName":"/levels/jungle_rock_island/art/shapes/buildings/industrial_clutters/mine_tent_a.DAE","useInstanceRenderData":true}
{"class":"TSStatic","persistentId":"1b30cda4-513a-4b23-972c-6e0924957e71","__parent":"mine_objects","position":[228.864227,680.913452,142.399887],"annotation":"OBSTACLES","isRenderEnabled":false,"rotationMatrix":[0.0328970291,0.800324976,0.598663032,-0.99928081,0.037636321,0.00459704641,-0.0188523475,-0.598383904,0.80098772],"shapeName":"/levels/jungle_rock_island/art/shapes/buildings/industrial_clutters/wood_pallet.DAE","useInstanceRenderData":true}
{"class":"TSStatic","persistentId":"1d205e7b-2ce8-4c62-a684-d50b07b54853","__parent":"mine_objects","position":[256.579407,667.702942,140.945297],"annotation":"OBSTACLES","isRenderEnabled":false,"rotationMatrix":[-0.850878179,0.525363088,0,-0.525363088,-0.850878179,0,0,0,1],"shapeName":"/levels/jungle_rock_island/art/shapes/buildings/mine_conveyor/water_tank_01.dae","useInstanceRenderData":true}
{"class":"TSStatic","persistentId":"209a1f44-6056-4f58-a5cf-2abe4191e189","__parent":"mine_objects","position":[213.828201,697.396301,141.998291],"annotation":"OBSTACLES","isRenderEnabled":false,"rotationMatrix":[0.44946897,-0.893295765,0,0.893295765,0.44946897,0,0,0,1],"shapeName":"/levels/jungle_rock_island/art/shapes/buildings/industrial_clutters/ind_pallet_cans.DAE","useInstanceRenderData":true}
{"class":"TSStatic","persistentId":"2e8a809c-a765-4a97-b087-ce7ee9aa2fe3","__parent":"mine_objects","position":[208.92952,674.931152,142.520905],"annotation":"OBSTACLES","isRenderEnabled":false,"rotationMatrix":[0.995377362,0.00268108444,-0.0960041285,0.00372280716,0.997781932,0.0664631352,0.0959693789,-0.0665133074,0.993159533],"shapeName":"/levels/jungle_rock_island/art/shapes/buildings/debris/small_pile_d.DAE","useInstanceRenderData":true}
{"class":"TSStatic","persistentId":"312a1008-a899-4029-bdc7-dbb617c3635b","__parent":"mine_objects","position":[231.992569,680.53186,142.347702],"annotation":"OBSTACLES","isRenderEnabled":false,"rotationMatrix":[0.992765546,0.0134198181,0.119316697,0,0.99373436,-0.111767545,-0.120069005,0.110958971,0.986545205],"shapeName":"/levels/jungle_rock_island/art/shapes/buildings/industrial_clutters/wood_pallet.DAE","useInstanceRenderData":true}
{"class":"TSStatic","persistentId":"3470d43d-c5b3-4fc8-96d8-647e445184d8","__parent":"mine_objects","position":[225.172592,681.852051,141.941162],"annotation":"OBSTACLES","isRenderEnabled":false,"shapeName":"/levels/jungle_rock_island/art/shapes/buildings/industrial_clutters/metal_drum_a.DAE","useInstanceRenderData":true}
{"class":"TSStatic","persistentId":"36e8936e-505e-4ea8-ad0d-57fcf6db625a","__parent":"mine_objects","position":[222.056183,687.717041,142.030914],"annotation":"OBSTACLES","isRenderEnabled":false,"rotationMatrix":[1,0,0,0,0.989049137,-0.14758563,0,0.14758563,0.989049137],"shapeName":"/levels/jungle_rock_island/art/shapes/buildings/industrial_clutters/metal_drum_old_b.DAE","useInstanceRenderData":true}
{"class":"TSStatic","persistentId":"3a34c69f-8974-4e1d-b7ab-dd45b20a7700","__parent":"mine_objects","position":[238.144516,691.271179,141.579605],"annotation":"OBSTACLES","isRenderEnabled":false,"rotationMatrix":[0.57062006,-0.821214259,0,0.821214259,0.57062006,0,0,0,1],"shapeName":"/levels/jungle_rock_island/art/shapes/buildings/industrial_clutters/mine_tent_b.DAE","useInstanceRenderData":true}
{"class":"TSStatic","persistentId":"4207f8b2-8f92-46e0-8c6a-ae73ed560772","__parent":"mine_objects","position":[240.491257,687.623413,141.980698],"annotation":"OBSTACLES","isRenderEnabled":false,"rotationMatrix":[0.972978294,-0.230896577,0,0.230896577,0.972978294,0,0,0,1],"shapeName":"/levels/jungle_rock_island/art/shapes/buildings/industrial_clutters/pallet_stack.DAE","useInstanceRenderData":true}
{"class":"TSStatic","persistentId":"5267f8ec-72bf-40ef-9768-099453813de2","__parent":"mine_objects","position":[232.295914,679.290649,142.38855],"annotation":"OBSTACLES","isRenderEnabled":false,"rotationMatrix":[0.223971158,0,0.974595785,0,1,0,-0.974595785,0,0.223971158],"shapeName":"/levels/jungle_rock_island/art/shapes/buildings/industrial_clutters/old_can_a.DAE","useInstanceRenderData":true}
{"class":"TSStatic","persistentId":"576bbe17-dde4-4fca-8afc-a66f64fc1312","__parent":"mine_objects","position":[223.677979,683.854736,142.200272],"isRenderEnabled":false,"rotationMatrix":[0.886994421,-0.461780131,0,0.461780131,0.886994421,0,0,0,1],"shapeName":"/levels/jungle_rock_island/art/shapes/buildings/industrial_clutters/plastic_bucket.DAE","useInstanceRenderData":true}
{"class":"TSStatic","persistentId":"5cfd25a0-89ec-46a0-99b5-7e19d08805e0","__parent":"mine_objects","position":[223.8246,676.329041,141.795273],"annotation":"OBSTACLES","isRenderEnabled":false,"rotationMatrix":[0.389307022,0.667060614,0.635192811,0.303797215,0.558023512,-0.772215724,-0.869567215,0.493598789,0.0145913018],"shapeName":"/levels/jungle_rock_island/art/shapes/buildings/debris/debris_m_barrel_b.DAE","useInstanceRenderData":true}
{"class":"TSStatic","persistentId":"6895fb9b-c48b-440d-9ad3-242a9273638a","__parent":"mine_objects","position":[210.226578,694.720337,142.012039],"annotation":"OBSTACLES","isRenderEnabled":false,"rotationMatrix":[0.521921098,-0.852993727,0,0.852993727,0.521921098,0,0,0,1],"shapeName":"/levels/jungle_rock_island/art/shapes/buildings/industrial_clutters/ind_clutter_mix.DAE","useInstanceRenderData":true}
{"class":"TSStatic","persistentId":"73d327f4-55be-4ba0-b0e1-c057e7a7a57b","__parent":"mine_objects","position":[229.041382,681.795654,142.09697],"annotation":"OBSTACLES","isRenderEnabled":false,"rotationMatrix":[0.997897923,-0.00430996576,0.0646619126,0,0.997785866,0.066506274,-0.0648054034,-0.0663664714,0.995688438],"shapeName":"/levels/jungle_rock_island/art/shapes/buildings/industrial_clutters/wood_crate_a.DAE","useInstanceRenderData":true}
{"class":"TSStatic","persistentId":"760046de-f41d-41d1-9238-ebd9476e945b","__parent":"mine_objects","position":[211.329636,677.569519,141.400513],"annotation":"OBSTACLES","isRenderEnabled":false,"shapeName":"/levels/jungle_rock_island/art/shapes/buildings/debris/debris_m_barrel_a.DAE","useInstanceRenderData":true}
{"class":"TSStatic","persistentId":"769177b7-3c85-47dc-979e-f0eebae15dcd","__parent":"mine_objects","position":[223.677979,683.854736,142.112808],"isRenderEnabled":false,"shapeName":"/levels/jungle_rock_island/art/shapes/buildings/industrial_clutters/plastic_bucket.DAE","useInstanceRenderData":true}
{"class":"TSStatic","persistentId":"777d731e-a451-4a91-a91d-e07cafedda4d","__parent":"mine_objects","position":[232.56987,679.761108,142.353622],"annotation":"OBSTACLES","isRenderEnabled":false,"rotationMatrix":[1,0,0,0,0.995580733,-0.0939095169,0,0.0939095169,0.995580733],"shapeName":"/levels/jungle_rock_island/art/shapes/buildings/industrial_clutters/metal_drum_old_a.DAE","useInstanceRenderData":true}
{"class":"TSStatic","persistentId":"799e2d72-4c04-4bd8-aaee-15afe53e50f8","__parent":"mine_objects","position":[233.07724,679.269958,142.356339],"annotation":"OBSTACLES","isRenderEnabled":false,"rotationMatrix":[0.989794195,0,0.142504036,-0.0256111156,0.983717442,0.177887827,-0.140183702,-0.179722041,0.973677814],"shapeName":"/levels/jungle_rock_island/art/shapes/buildings/industrial_clutters/metal_drum_old_a.DAE","useInstanceRenderData":true}
{"class":"TSStatic","persistentId":"89771e2c-9fc3-484c-95f0-c9f92f53a523","__parent":"mine_objects","position":[210.645187,679.21582,141.636795],"annotation":"OBSTACLES","isRenderEnabled":false,"rotationMatrix":[-0.997974038,-0.0636227131,0,0.0636227131,-0.997974038,0,0,0,1],"scale":[1.12658429,1.12658429,1.12658429],"shapeName":"/levels/jungle_rock_island/art/shapes/buildings/debris/big_pile.DAE","useInstanceRenderData":true}
{"class":"TSStatic","persistentId":"9efe2850-a74f-433b-8cde-884eae703994","__parent":"mine_objects","position":[226.011292,677.757446,141.903839],"annotation":"OBSTACLES","isRenderEnabled":false,"rotationMatrix":[-0.0985215306,-0.196077913,-0.975626469,0.99513489,-0.0194123387,-0.096590139,0,-0.980396152,0.19703652],"shapeName":"/levels/jungle_rock_island/art/shapes/buildings/debris/debris_a_d.DAE","useInstanceRenderData":true}
{"class":"TSStatic","persistentId":"a74e9da3-a079-4dbf-bcfa-6960fde86137","__parent":"mine_objects","position":[234.689194,670.64093,141.606918],"annotation":"OBSTACLES","isRenderEnabled":false,"rotationMatrix":[-0.50000006,0.866025388,0,-0.866025388,-0.50000006,0,0,0,1],"shapeName":"/levels/jungle_rock_island/art/shapes/buildings/industrial_clutters/mine_tent_b.DAE","useInstanceRenderData":true}
{"class":"TSStatic","persistentId":"a8597873-1be3-4663-82ca-0bdfbc4eb549","__parent":"mine_objects","position":[226.866608,685.555176,141.067932],"annotation":"OBSTACLES","isRenderEnabled":false,"rotationMatrix":[0.940666318,-0.252669245,-0.226505756,0.0487919897,0.761280298,-0.646584332,0.33580634,0.597168624,0.728438973],"shapeName":"/levels/jungle_rock_island/art/shapes/buildings/035_scrap_fence_a.DAE","useInstanceRenderData":true}
{"class":"TSStatic","persistentId":"af7ba6ff-7208-42b1-a8f1-454ad0605c67","__parent":"mine_objects","position":[224.762024,677.715454,141.368057],"annotation":"OBSTACLES","isRenderEnabled":false,"rotationMatrix":[1,0,0,0,0.161574334,0.986860335,0,-0.986860335,0.161574334],"shapeName":"/levels/jungle_rock_island/art/shapes/buildings/debris/debris_b_a.DAE","useInstanceRenderData":true}
{"class":"TSStatic","persistentId":"af9f5cd1-1b5c-479a-959e-09141c8c5f46","__parent":"mine_objects","position":[236.546417,666.742676,142.448029],"annotation":"OBSTACLES","isRenderEnabled":false,"rotationMatrix":[0.44946897,-0.893295765,0,0.893295765,0.44946897,0,0,0,1],"shapeName":"/levels/jungle_rock_island/art/shapes/buildings/industrial_clutters/ind_pallet_cans.DAE","useInstanceRenderData":true}
{"class":"TSStatic","persistentId":"b77f2f90-72a2-4afa-848e-fb922402b0f5","__parent":"mine_objects","position":[232.754669,678.867676,142.308044],"isRenderEnabled":false,"rotationMatrix":[1,0,0,0,0.872568905,0.488491029,0,-0.488491029,0.872568905],"shapeName":"/levels/jungle_rock_island/art/shapes/buildings/industrial_clutters/plastic_can_big.DAE","useInstanceRenderData":true}
{"class":"TSStatic","persistentId":"bb6d6550-5ce9-4a64-8080-564a7c744ff8","__parent":"mine_objects","position":[230.429459,671.252136,141.140335],"annotation":"OBSTACLES","isRenderEnabled":false,"rotationMatrix":[-0.311199069,0.950199008,0.0166406482,-0.704996288,-0.219080046,-0.674525142,-0.637287498,-0.221643195,0.738064289],"shapeName":"/levels/jungle_rock_island/art/shapes/buildings/05_scrap_fence_end.DAE","useInstanceRenderData":true}
{"class":"TSStatic","persistentId":"c88cd9c9-8651-4d9e-ac4b-233a73c9c2f6","__parent":"mine_objects","position":[211.750351,696.758606,142.025055],"annotation":"BUILDINGS","isRenderEnabled":false,"rotationMatrix":[0.881114662,0.472902685,0,-0.472902685,0.881114662,0,0,0,1],"shapeName":"/levels/jungle_rock_island/art/shapes/buildings/modular_container/modular_03_blue.dae","useInstanceRenderData":true}
{"class":"TSStatic","persistentId":"cea21363-5ceb-482c-8c6b-b8b682aa5242","__parent":"mine_objects","position":[224.796066,681.941345,142.013336],"annotation":"OBSTACLES","isRenderEnabled":false,"shapeName":"/levels/jungle_rock_island/art/shapes/buildings/industrial_clutters/plastic_can_small.DAE","useInstanceRenderData":true}
{"class":"TSStatic","persistentId":"d0a50e9d-1564-485e-83c2-de12013c900e","__parent":"mine_objects","position":[210.393021,677.10968,142.287872],"annotation":"OBSTACLES","isRenderEnabled":false,"rotationMatrix":[0.588023126,0,0.808844149,0.8087852,0.0120679289,-0.58798027,-0.00976107363,0.999927044,0.0070962212],"shapeName":"/levels/jungle_rock_island/art/shapes/buildings/debris/debris_m_barbent_b.DAE","useInstanceRenderData":true}
{"class":"TSStatic","persistentId":"e45ba894-e927-41bd-823c-4222e9f1a5ac","__parent":"mine_objects","position":[222.498871,677.098267,141.454605],"annotation":"OBSTACLES","isRenderEnabled":false,"rotationMatrix":[1,0,0,0,0.571136594,0.820855021,0,-0.820855021,0.571136594],"shapeName":"/levels/jungle_rock_island/art/shapes/buildings/debris/debris_m_barrel_a.DAE","useInstanceRenderData":true}
{"class":"TSStatic","persistentId":"f7f3545d-137f-4ac0-a8cf-2e3841b35079","__parent":"mine_objects","position":[207.926437,694.813477,142.00882],"annotation":"OBSTACLES","isRenderEnabled":false,"rotationMatrix":[0.546117187,-0.837708771,0,0.837708771,0.546117187,0,0,0,1],"shapeName":"/levels/jungle_rock_island/art/shapes/buildings/industrial_clutters/ind_pipes_small_stack.DAE","useInstanceRenderData":true}
{"class":"TSStatic","persistentId":"fd8923b7-b8ed-4b0c-9cd8-f9eaa9179aff","__parent":"mine_objects","position":[239.61319,687.105774,142.105988],"isRenderEnabled":false,"rotationMatrix":[-0.0366295129,0.999328911,0,-0.999328911,-0.0366295129,0,0,0,1],"shapeName":"/levels/jungle_rock_island/art/shapes/buildings/industrial_clutters/plastic_can_big.DAE","useInstanceRenderData":true}
