{"name":"TSStatic_561211111112111121111","class":"TSStatic","__parent":"barriers_r","position":[622.009705,-466.727234,159.993546],"isRenderEnabled":false,"rotationMatrix":[-0.778010011,-0.628251791,-1.04508899e-07,0.628251791,-0.778010011,-1.01302639e-05,6.2830477e-06,-7.94710559e-06,1],"shapeName":"/art/shapes/objects/jerseybarrier_3m.dae"}
{"name":"TSStatic_561211111112111111111111","class":"TSStatic","__parent":"barriers_r","position":[625.716553,-471.317657,159.993484],"isRenderEnabled":false,"rotationMatrix":[-0.778010011,-0.628251791,-1.04508899e-07,0.628251791,-0.778010011,-1.01302639e-05,6.2830477e-06,-7.94710559e-06,1],"shapeName":"/art/shapes/objects/jerseybarrier_3m.dae"}
{"name":"TSStatic_56121111111211111111111111","class":"TSStatic","__parent":"barriers_r","position":[629.758606,-476.323151,159.993423],"isRenderEnabled":false,"rotationMatrix":[-0.778010011,-0.628251791,-1.04508899e-07,0.628251791,-0.778010011,-1.01302639e-05,6.2830477e-06,-7.94710559e-06,1],"shapeName":"/art/shapes/objects/jerseybarrier_3m.dae"}
{"name":"TSStatic_56121111111211111111111","class":"TSStatic","__parent":"barriers_r","position":[623.827209,-468.977997,159.993515],"isRenderEnabled":false,"rotationMatrix":[-0.778010011,-0.628251791,-1.04508899e-07,0.628251791,-0.778010011,-1.01302639e-05,6.2830477e-06,-7.94710559e-06,1],"shapeName":"/art/shapes/objects/jerseybarrier_3m.dae"}
{"name":"TSStatic_5612111111121111111111111","class":"TSStatic","__parent":"barriers_r","position":[628.402161,-474.643433,159.993439],"isRenderEnabled":false,"rotationMatrix":[-0.778010011,-0.628251791,-1.04508899e-07,0.628251791,-0.778010011,-1.01302639e-05,6.2830477e-06,-7.94710559e-06,1],"shapeName":"/art/shapes/objects/jerseybarrier_3m.dae"}
{"name":"TSStatic_561221122","class":"TSStatic","__parent":"barriers_r","position":[504.747284,-321.512634,159.995438],"isRenderEnabled":false,"rotationMatrix":[-0.778010011,-0.628251791,-1.04508899e-07,0.628251791,-0.778010011,-1.01302639e-05,6.2830477e-06,-7.94710559e-06,1],"shapeName":"/art/shapes/objects/jerseybarrier_3m.dae"}
{"name":"TSStatic_56121","class":"TSStatic","__parent":"barriers_r","position":[377.925171,-164.459503,159.997421],"isRenderEnabled":false,"rotationMatrix":[-0.778010011,-0.628251791,-1.04508899e-07,0.628251791,-0.778010011,-1.01302639e-05,6.2830477e-06,-7.94710559e-06,1],"shapeName":"/art/shapes/objects/jerseybarrier_3m.dae"}
{"name":"TSStatic_5612211112111111","class":"TSStatic","__parent":"barriers_r","position":[593.361389,-431.249939,159.994019],"isRenderEnabled":false,"rotationMatrix":[-0.778010011,-0.628251791,-1.04508899e-07,0.628251791,-0.778010011,-1.01302639e-05,6.2830477e-06,-7.94710559e-06,1],"shapeName":"/art/shapes/objects/jerseybarrier_3m.dae"}
{"name":"TSStatic_56121111111211111","class":"TSStatic","__parent":"barriers_r","position":[569.101074,-401.206665,159.9944],"isRenderEnabled":false,"rotationMatrix":[-0.778010011,-0.628251791,-1.04508899e-07,0.628251791,-0.778010011,-1.01302639e-05,6.2830477e-06,-7.94710559e-06,1],"shapeName":"/art/shapes/objects/jerseybarrier_3m.dae"}
{"name":"TSStatic_56122","class":"TSStatic","__parent":"barriers_r","position":[399.7323,-191.464874,159.997086],"isRenderEnabled":false,"rotationMatrix":[-0.778010011,-0.628251791,-1.04508899e-07,0.628251791,-0.778010011,-1.01302639e-05,6.2830477e-06,-7.94710559e-06,1],"shapeName":"/art/shapes/objects/jerseybarrier_3m.dae"}
{"name":"TSStatic_56121111121","class":"TSStatic","__parent":"barriers_r","position":[488.300507,-301.145325,159.995712],"isRenderEnabled":false,"rotationMatrix":[-0.778010011,-0.628251791,-1.04508899e-07,0.628251791,-0.778010011,-1.01302639e-05,6.2830477e-06,-7.94710559e-06,1],"shapeName":"/art/shapes/objects/jerseybarrier_3m.dae"}
{"name":"TSStatic_5612112","class":"TSStatic","__parent":"barriers_r","position":[423.721283,-221.172165,159.996704],"isRenderEnabled":false,"rotationMatrix":[-0.778010011,-0.628251791,-1.04508899e-07,0.628251791,-0.778010011,-1.01302639e-05,6.2830477e-06,-7.94710559e-06,1],"shapeName":"/art/shapes/objects/jerseybarrier_3m.dae"}
{"name":"TSStatic_56111","class":"TSStatic","__parent":"barriers_r","position":[389.775269,-179.134308,159.997253],"isRenderEnabled":false,"rotationMatrix":[-0.778010011,-0.628251791,-1.04508899e-07,0.628251791,-0.778010011,-1.01302639e-05,6.2830477e-06,-7.94710559e-06,1],"shapeName":"/art/shapes/objects/jerseybarrier_3m.dae"}
{"name":"TSStatic_56122111121111111","class":"TSStatic","__parent":"barriers_r","position":[607.620483,-448.90799,159.99379],"isRenderEnabled":false,"rotationMatrix":[-0.778010011,-0.628251791,-1.04508899e-07,0.628251791,-0.778010011,-1.01302639e-05,6.2830477e-06,-7.94710559e-06,1],"shapeName":"/art/shapes/objects/jerseybarrier_3m.dae"}
{"name":"TSStatic_56131111211111","class":"TSStatic","__parent":"barriers_r","position":[577.299438,-411.359283,159.994278],"isRenderEnabled":false,"rotationMatrix":[-0.778010011,-0.628251791,-1.04508899e-07,0.628251791,-0.778010011,-1.01302639e-05,6.2830477e-06,-7.94710559e-06,1],"shapeName":"/art/shapes/objects/jerseybarrier_3m.dae"}
{"name":"TSStatic_5141111","class":"TSStatic","__parent":"barriers_r","position":[473.524933,-282.847656,159.995926],"isRenderEnabled":false,"rotationMatrix":[-0.778010011,-0.628251791,-1.04508899e-07,0.628251791,-0.778010011,-1.01302639e-05,6.2830477e-06,-7.94710559e-06,1],"shapeName":"/art/shapes/objects/jerseybarrier_3m.dae"}
{"name":"TSStatic_5631","class":"TSStatic","__parent":"barriers_r","position":[405.233856,-198.277832,159.997009],"isRenderEnabled":false,"rotationMatrix":[-0.778010011,-0.628251791,-1.04508899e-07,0.628251791,-0.778010011,-1.01302639e-05,6.2830477e-06,-7.94710559e-06,1],"shapeName":"/art/shapes/objects/jerseybarrier_3m.dae"}
{"name":"TSStatic_5611","class":"TSStatic","__parent":"barriers_r","position":[386.339508,-174.879547,159.997299],"isRenderEnabled":false,"rotationMatrix":[-0.778010011,-0.628251791,-1.04508899e-07,0.628251791,-0.778010011,-1.01302639e-05,6.2830477e-06,-7.94710559e-06,1],"shapeName":"/art/shapes/objects/jerseybarrier_3m.dae"}
{"name":"TSStatic_5612111122","class":"TSStatic","__parent":"barriers_r","position":[507.356323,-324.743561,159.995392],"isRenderEnabled":false,"rotationMatrix":[-0.778010011,-0.628251791,-1.04508899e-07,0.628251791,-0.778010011,-1.01302639e-05,6.2830477e-06,-7.94710559e-06,1],"shapeName":"/art/shapes/objects/jerseybarrier_3m.dae"}
{"name":"TSStatic_561211111221111","class":"TSStatic","__parent":"barriers_r","position":[565.458923,-396.696503,159.994461],"isRenderEnabled":false,"rotationMatrix":[-0.778010011,-0.628251791,-1.04508899e-07,0.628251791,-0.778010011,-1.01302639e-05,6.2830477e-06,-7.94710559e-06,1],"shapeName":"/art/shapes/objects/jerseybarrier_3m.dae"}
{"name":"TSStatic_561221111211","class":"TSStatic","__parent":"barriers_r","position":[537.336182,-361.869873,159.994919],"isRenderEnabled":false,"rotationMatrix":[-0.778010011,-0.628251791,-1.04508899e-07,0.628251791,-0.778010011,-1.01302639e-05,6.2830477e-06,-7.94710559e-06,1],"shapeName":"/art/shapes/objects/jerseybarrier_3m.dae"}
{"name":"TSStatic_561311112111111","class":"TSStatic","__parent":"barriers_r","position":[591.480347,-428.920532,159.994049],"isRenderEnabled":false,"rotationMatrix":[-0.778010011,-0.628251791,-1.04508899e-07,0.628251791,-0.778010011,-1.01302639e-05,6.2830477e-06,-7.94710559e-06,1],"shapeName":"/art/shapes/objects/jerseybarrier_3m.dae"}
{"name":"TSStatic_5613212","class":"TSStatic","__parent":"barriers_r","position":[492.201874,-305.976654,159.995621],"isRenderEnabled":false,"rotationMatrix":[-0.778010011,-0.628251791,-1.04508899e-07,0.628251791,-0.778010011,-1.01302639e-05,6.2830477e-06,-7.94710559e-06,1],"shapeName":"/art/shapes/objects/jerseybarrier_3m.dae"}
{"name":"TSStatic_5613","class":"TSStatic","__parent":"barriers_r","position":[397.851288,-189.135422,159.997116],"isRenderEnabled":false,"rotationMatrix":[-0.778010011,-0.628251791,-1.04508899e-07,0.628251791,-0.778010011,-1.01302639e-05,6.2830477e-06,-7.94710559e-06,1],"shapeName":"/art/shapes/objects/jerseybarrier_3m.dae"}
{"name":"TSStatic_56121111111211112","class":"TSStatic","__parent":"barriers_r","position":[582.772705,-418.137238,159.994186],"isRenderEnabled":false,"rotationMatrix":[-0.778010011,-0.628251791,-1.04508899e-07,0.628251791,-0.778010011,-1.01302639e-05,6.2830477e-06,-7.94710559e-06,1],"shapeName":"/art/shapes/objects/jerseybarrier_3m.dae"}
{"name":"TSStatic_561222","class":"TSStatic","__parent":"barriers_r","position":[421.948853,-218.977234,159.996735],"isRenderEnabled":false,"rotationMatrix":[-0.778010011,-0.628251791,-1.04508899e-07,0.628251791,-0.778010011,-1.01302639e-05,6.2830477e-06,-7.94710559e-06,1],"shapeName":"/art/shapes/objects/jerseybarrier_3m.dae"}
{"name":"TSStatic_5612111121","class":"TSStatic","__parent":"barriers_r","position":[482.805756,-294.340759,159.995789],"isRenderEnabled":false,"rotationMatrix":[-0.778010011,-0.628251791,-1.04508899e-07,0.628251791,-0.778010011,-1.01302639e-05,6.2830477e-06,-7.94710559e-06,1],"shapeName":"/art/shapes/objects/jerseybarrier_3m.dae"}
{"name":"TSStatic_5613111121111111","class":"TSStatic","__parent":"barriers_r","position":[605.739441,-446.578583,159.99382],"isRenderEnabled":false,"rotationMatrix":[-0.778010011,-0.628251791,-1.04508899e-07,0.628251791,-0.778010011,-1.01302639e-05,6.2830477e-06,-7.94710559e-06,1],"shapeName":"/art/shapes/objects/jerseybarrier_3m.dae"}
{"name":"TSStatic_561211111","class":"TSStatic","__parent":"barriers_r","position":[440.353516,-241.769104,159.99646],"isRenderEnabled":false,"rotationMatrix":[-0.778010011,-0.628251791,-1.04508899e-07,0.628251791,-0.778010011,-1.01302639e-05,6.2830477e-06,-7.94710559e-06,1],"shapeName":"/art/shapes/objects/jerseybarrier_3m.dae"}
{"name":"TSStatic_5721","class":"TSStatic","__parent":"barriers_r","position":[407.116302,-200.609039,159.996964],"isRenderEnabled":false,"rotationMatrix":[-0.778010011,-0.628251791,-1.04508899e-07,0.628251791,-0.778010011,-1.01302639e-05,6.2830477e-06,-7.94710559e-06,1],"shapeName":"/art/shapes/objects/jerseybarrier_3m.dae"}
{"name":"TSStatic_571","class":"TSStatic","__parent":"barriers_r","position":[384.467072,-172.560806,159.997314],"isRenderEnabled":false,"rotationMatrix":[-0.778010011,-0.628251791,-1.04508899e-07,0.628251791,-0.778010011,-1.01302639e-05,6.2830477e-06,-7.94710559e-06,1],"shapeName":"/art/shapes/objects/jerseybarrier_3m.dae"}
{"name":"TSStatic_5612111111122","class":"TSStatic","__parent":"barriers_r","position":[531.82782,-355.048645,159.994995],"isRenderEnabled":false,"rotationMatrix":[-0.778010011,-0.628251791,-1.04508899e-07,0.628251791,-0.778010011,-1.01302639e-05,6.2830477e-06,-7.94710559e-06,1],"shapeName":"/art/shapes/objects/jerseybarrier_3m.dae"}
{"name":"TSStatic_561211111112111121","class":"TSStatic","__parent":"barriers_r","position":[596.953613,-435.698486,159.993958],"isRenderEnabled":false,"rotationMatrix":[-0.778010011,-0.628251791,-1.04508899e-07,0.628251791,-0.778010011,-1.01302639e-05,6.2830477e-06,-7.94710559e-06,1],"shapeName":"/art/shapes/objects/jerseybarrier_3m.dae"}
{"name":"TSStatic_5612111111121111","class":"TSStatic","__parent":"barriers_r","position":[567.278809,-398.950043,159.994431],"isRenderEnabled":false,"rotationMatrix":[-0.778010011,-0.628251791,-1.04508899e-07,0.628251791,-0.778010011,-1.01302639e-05,6.2830477e-06,-7.94710559e-06,1],"shapeName":"/art/shapes/objects/jerseybarrier_3m.dae"}
{"name":"TSStatic_5721112","class":"TSStatic","__parent":"barriers_r","position":[501.466888,-317.450287,159.995468],"isRenderEnabled":false,"rotationMatrix":[-0.778010011,-0.628251791,-1.04508899e-07,0.628251791,-0.778010011,-1.01302639e-05,6.2830477e-06,-7.94710559e-06,1],"shapeName":"/art/shapes/objects/jerseybarrier_3m.dae"}
{"name":"TSStatic_51411","class":"TSStatic","__parent":"barriers_r","position":[425.577942,-223.471451,159.996674],"isRenderEnabled":false,"rotationMatrix":[-0.778010011,-0.628251791,-1.04508899e-07,0.628251791,-0.778010011,-1.01302639e-05,6.2830477e-06,-7.94710559e-06,1],"shapeName":"/art/shapes/objects/jerseybarrier_3m.dae"}
{"name":"TSStatic_572","class":"TSStatic","__parent":"barriers_r","position":[395.978821,-186.816681,159.997131],"isRenderEnabled":false,"rotationMatrix":[-0.778010011,-0.628251791,-1.04508899e-07,0.628251791,-0.778010011,-1.01302639e-05,6.2830477e-06,-7.94710559e-06,1],"shapeName":"/art/shapes/objects/jerseybarrier_3m.dae"}
{"name":"TSStatic_561211112221","class":"TSStatic","__parent":"barriers_r","position":[542.477234,-368.23642,159.994812],"isRenderEnabled":false,"rotationMatrix":[-0.778010011,-0.628251791,-1.04508899e-07,0.628251791,-0.778010011,-1.01302639e-05,6.2830477e-06,-7.94710559e-06,1],"shapeName":"/art/shapes/objects/jerseybarrier_3m.dae"}
{"name":"TSStatic_5612111111121111211","class":"TSStatic","__parent":"barriers_r","position":[611.212708,-453.356537,159.993729],"isRenderEnabled":false,"rotationMatrix":[-0.778010011,-0.628251791,-1.04508899e-07,0.628251791,-0.778010011,-1.01302639e-05,6.2830477e-06,-7.94710559e-06,1],"shapeName":"/art/shapes/objects/jerseybarrier_3m.dae"}
{"name":"TSStatic_5612111112211111","class":"TSStatic","__parent":"barriers_r","position":[580.95282,-415.883698,159.994217],"isRenderEnabled":false,"rotationMatrix":[-0.778010011,-0.628251791,-1.04508899e-07,0.628251791,-0.778010011,-1.01302639e-05,6.2830477e-06,-7.94710559e-06,1],"shapeName":"/art/shapes/objects/jerseybarrier_3m.dae"}
{"name":"TSStatic_56132","class":"TSStatic","__parent":"barriers_r","position":[420.06781,-216.647781,159.996765],"isRenderEnabled":false,"rotationMatrix":[-0.778010011,-0.628251791,-1.04508899e-07,0.628251791,-0.778010011,-1.01302639e-05,6.2830477e-06,-7.94710559e-06,1],"shapeName":"/art/shapes/objects/jerseybarrier_3m.dae"}
{"name":"TSStatic_56121111111","class":"TSStatic","__parent":"barriers_r","position":[466.208649,-273.787323,159.996048],"isRenderEnabled":false,"rotationMatrix":[-0.778010011,-0.628251791,-1.04508899e-07,0.628251791,-0.778010011,-1.01302639e-05,6.2830477e-06,-7.94710559e-06,1],"shapeName":"/art/shapes/objects/jerseybarrier_3m.dae"}
{"name":"TSStatic_56121111122111","class":"TSStatic","__parent":"barriers_r","position":[556.699585,-385.849152,159.994598],"isRenderEnabled":false,"rotationMatrix":[-0.778010011,-0.628251791,-1.04508899e-07,0.628251791,-0.778010011,-1.01302639e-05,6.2830477e-06,-7.94710559e-06,1],"shapeName":"/art/shapes/objects/jerseybarrier_3m.dae"}
{"name":"TSStatic_56122211","class":"TSStatic","__parent":"barriers_r","position":[469.895844,-278.353455,159.995987],"isRenderEnabled":false,"rotationMatrix":[-0.778010011,-0.628251791,-1.04508899e-07,0.628251791,-0.778010011,-1.01302639e-05,6.2830477e-06,-7.94710559e-06,1],"shapeName":"/art/shapes/objects/jerseybarrier_3m.dae"}
{"name":"TSStatic_56122111","class":"TSStatic","__parent":"barriers_r","position":[438.581085,-239.574173,159.99649],"isRenderEnabled":false,"rotationMatrix":[-0.778010011,-0.628251791,-1.04508899e-07,0.628251791,-0.778010011,-1.01302639e-05,6.2830477e-06,-7.94710559e-06,1],"shapeName":"/art/shapes/objects/jerseybarrier_3m.dae"}
{"name":"TSStatic_56131","class":"TSStatic","__parent":"barriers_r","position":[408.98877,-202.92778,159.996948],"isRenderEnabled":false,"rotationMatrix":[-0.778010011,-0.628251791,-1.04508899e-07,0.628251791,-0.778010011,-1.01302639e-05,6.2830477e-06,-7.94710559e-06,1],"shapeName":"/art/shapes/objects/jerseybarrier_3m.dae"}
{"name":"TSStatic_563111","class":"TSStatic","__parent":"barriers_r","position":[451.790619,-255.932495,159.996277],"isRenderEnabled":false,"rotationMatrix":[-0.778010011,-0.628251791,-1.04508899e-07,0.628251791,-0.778010011,-1.01302639e-05,6.2830477e-06,-7.94710559e-06,1],"shapeName":"/art/shapes/objects/jerseybarrier_3m.dae"}
{"name":"TSStatic_5613111121111","class":"TSStatic","__parent":"barriers_r","position":[561.805542,-392.172089,159.994522],"isRenderEnabled":false,"rotationMatrix":[-0.778010011,-0.628251791,-1.04508899e-07,0.628251791,-0.778010011,-1.01302639e-05,6.2830477e-06,-7.94710559e-06,1],"shapeName":"/art/shapes/objects/jerseybarrier_3m.dae"}
{"name":"TSStatic_561211112211","class":"TSStatic","__parent":"barriers_r","position":[533.652771,-357.308472,159.994965],"isRenderEnabled":false,"rotationMatrix":[-0.778010011,-0.628251791,-1.04508899e-07,0.628251791,-0.778010011,-1.01302639e-05,6.2830477e-06,-7.94710559e-06,1],"shapeName":"/art/shapes/objects/jerseybarrier_3m.dae"}
{"name":"TSStatic_56121111122111111","class":"TSStatic","__parent":"barriers_r","position":[595.133728,-433.444946,159.993988],"isRenderEnabled":false,"rotationMatrix":[-0.778010011,-0.628251791,-1.04508899e-07,0.628251791,-0.778010011,-1.01302639e-05,6.2830477e-06,-7.94710559e-06,1],"shapeName":"/art/shapes/objects/jerseybarrier_3m.dae"}
{"name":"TSStatic_56311","class":"TSStatic","__parent":"barriers_r","position":[427.450378,-225.790207,159.996658],"isRenderEnabled":false,"rotationMatrix":[-0.778010011,-0.628251791,-1.04508899e-07,0.628251791,-0.778010011,-1.01302639e-05,6.2830477e-06,-7.94710559e-06,1],"shapeName":"/art/shapes/objects/jerseybarrier_3m.dae"}
{"name":"TSStatic_563","class":"TSStatic","__parent":"barriers_r","position":[394.096405,-184.485458,159.997177],"isRenderEnabled":false,"rotationMatrix":[-0.778010011,-0.628251791,-1.04508899e-07,0.628251791,-0.778010011,-1.01302639e-05,6.2830477e-06,-7.94710559e-06,1],"shapeName":"/art/shapes/objects/jerseybarrier_3m.dae"}
{"name":"TSStatic_5","class":"TSStatic","__parent":"barriers_r","position":[368.854828,-153.227051,159.997559],"isRenderEnabled":false,"rotationMatrix":[-0.778010011,-0.628251791,-1.04508899e-07,0.628251791,-0.778010011,-1.01302639e-05,6.2830477e-06,-7.94710559e-06,1],"shapeName":"/art/shapes/objects/jerseybarrier_3m.dae"}
{"name":"TSStatic_56131111221","class":"TSStatic","__parent":"barriers_r","position":[544.250732,-370.432587,159.994797],"isRenderEnabled":false,"rotationMatrix":[-0.778010011,-0.628251791,-1.04508899e-07,0.628251791,-0.778010011,-1.01302639e-05,6.2830477e-06,-7.94710559e-06,1],"shapeName":"/art/shapes/objects/jerseybarrier_3m.dae"}
{"name":"TSStatic_5613111121","class":"TSStatic","__parent":"barriers_r","position":[517.925293,-337.831879,159.995239],"isRenderEnabled":false,"rotationMatrix":[-0.778010011,-0.628251791,-1.04508899e-07,0.628251791,-0.778010011,-1.01302639e-05,6.2830477e-06,-7.94710559e-06,1],"shapeName":"/art/shapes/objects/jerseybarrier_3m.dae"}
{"name":"TSStatic_561211111221111111","class":"TSStatic","__parent":"barriers_r","position":[609.392822,-451.102997,159.993759],"isRenderEnabled":false,"rotationMatrix":[-0.778010011,-0.628251791,-1.04508899e-07,0.628251791,-0.778010011,-1.01302639e-05,6.2830477e-06,-7.94710559e-06,1],"shapeName":"/art/shapes/objects/jerseybarrier_3m.dae"}
{"name":"TSStatic_5722","class":"TSStatic","__parent":"barriers_r","position":[418.195374,-214.329041,159.99678],"isRenderEnabled":false,"rotationMatrix":[-0.778010011,-0.628251791,-1.04508899e-07,0.628251791,-0.778010011,-1.01302639e-05,6.2830477e-06,-7.94710559e-06,1],"shapeName":"/art/shapes/objects/jerseybarrier_3m.dae"}
{"name":"TSStatic_56131121","class":"TSStatic","__parent":"barriers_r","position":[479.152283,-289.816376,159.99585],"isRenderEnabled":false,"rotationMatrix":[-0.778010011,-0.628251791,-1.04508899e-07,0.628251791,-0.778010011,-1.01302639e-05,6.2830477e-06,-7.94710559e-06,1],"shapeName":"/art/shapes/objects/jerseybarrier_3m.dae"}
{"name":"TSStatic_57","class":"TSStatic","__parent":"barriers_r","position":[372.609711,-157.876999,159.997498],"isRenderEnabled":false,"rotationMatrix":[-0.778010011,-0.628251791,-1.04508899e-07,0.628251791,-0.778010011,-1.01302639e-05,6.2830477e-06,-7.94710559e-06,1],"shapeName":"/art/shapes/objects/jerseybarrier_3m.dae"}
{"name":"TSStatic_561211111221112","class":"TSStatic","__parent":"barriers_r","position":[572.193481,-405.036346,159.994354],"isRenderEnabled":false,"rotationMatrix":[-0.778010011,-0.628251791,-1.04508899e-07,0.628251791,-0.778010011,-1.01302639e-05,6.2830477e-06,-7.94710559e-06,1],"shapeName":"/art/shapes/objects/jerseybarrier_3m.dae"}
{"name":"TSStatic_561211111112111","class":"TSStatic","__parent":"barriers_r","position":[558.214478,-387.725067,159.994568],"isRenderEnabled":false,"rotationMatrix":[-0.778010011,-0.628251791,-1.04508899e-07,0.628251791,-0.778010011,-1.01302639e-05,6.2830477e-06,-7.94710559e-06,1],"shapeName":"/art/shapes/objects/jerseybarrier_3m.dae"}
{"name":"TSStatic_572111","class":"TSStatic","__parent":"barriers_r","position":[453.673065,-258.263702,159.996231],"isRenderEnabled":false,"rotationMatrix":[-0.778010011,-0.628251791,-1.04508899e-07,0.628251791,-0.778010011,-1.01302639e-05,6.2830477e-06,-7.94710559e-06,1],"shapeName":"/art/shapes/objects/jerseybarrier_3m.dae"}
{"name":"TSStatic_56122111122","class":"TSStatic","__parent":"barriers_r","position":[528.540649,-350.977722,159.995056],"isRenderEnabled":false,"rotationMatrix":[-0.778010011,-0.628251791,-1.04508899e-07,0.628251791,-0.778010011,-1.01302639e-05,6.2830477e-06,-7.94710559e-06,1],"shapeName":"/art/shapes/objects/jerseybarrier_3m.dae"}
{"name":"TSStatic_58","class":"TSStatic","__parent":"barriers_r","position":[380.712158,-167.910843,159.997375],"isRenderEnabled":false,"rotationMatrix":[-0.778010011,-0.628251791,-1.04508899e-07,0.628251791,-0.778010011,-1.01302639e-05,6.2830477e-06,-7.94710559e-06,1],"shapeName":"/art/shapes/objects/jerseybarrier_3m.dae"}
{"name":"TSStatic_56122111121111","class":"TSStatic","__parent":"barriers_r","position":[563.686584,-394.501495,159.994492],"isRenderEnabled":false,"rotationMatrix":[-0.778010011,-0.628251791,-1.04508899e-07,0.628251791,-0.778010011,-1.01302639e-05,6.2830477e-06,-7.94710559e-06,1],"shapeName":"/art/shapes/objects/jerseybarrier_3m.dae"}
{"name":"TSStatic_5141112","class":"TSStatic","__parent":"barriers_r","position":[497.712006,-312.800323,159.995529],"isRenderEnabled":false,"rotationMatrix":[-0.778010011,-0.628251791,-1.04508899e-07,0.628251791,-0.778010011,-1.01302639e-05,6.2830477e-06,-7.94710559e-06,1],"shapeName":"/art/shapes/objects/jerseybarrier_3m.dae"}
{"name":"TSStatic_5612111112211121","class":"TSStatic","__parent":"barriers_r","position":[586.37439,-422.597595,159.994125],"isRenderEnabled":false,"rotationMatrix":[-0.778010011,-0.628251791,-1.04508899e-07,0.628251791,-0.778010011,-1.01302639e-05,6.2830477e-06,-7.94710559e-06,1],"shapeName":"/art/shapes/objects/jerseybarrier_3m.dae"}
{"name":"TSStatic_57211","class":"TSStatic","__parent":"barriers_r","position":[429.332825,-228.121414,159.996613],"isRenderEnabled":false,"rotationMatrix":[-0.778010011,-0.628251791,-1.04508899e-07,0.628251791,-0.778010011,-1.01302639e-05,6.2830477e-06,-7.94710559e-06,1],"shapeName":"/art/shapes/objects/jerseybarrier_3m.dae"}
{"name":"TSStatic_514","class":"TSStatic","__parent":"barriers_r","position":[392.223938,-182.166733,159.997192],"isRenderEnabled":false,"rotationMatrix":[-0.778010011,-0.628251791,-1.04508899e-07,0.628251791,-0.778010011,-1.01302639e-05,6.2830477e-06,-7.94710559e-06,1],"shapeName":"/art/shapes/objects/jerseybarrier_3m.dae"}
{"name":"TSStatic_5612111111121111111","class":"TSStatic","__parent":"barriers_r","position":[584.59021,-420.388,159.994156],"isRenderEnabled":false,"rotationMatrix":[-0.778010011,-0.628251791,-1.04508899e-07,0.628251791,-0.778010011,-1.01302639e-05,6.2830477e-06,-7.94710559e-06,1],"shapeName":"/art/shapes/objects/jerseybarrier_3m.dae"}
{"name":"TSStatic_561221121","class":"TSStatic","__parent":"barriers_r","position":[481.033295,-292.145813,159.995819],"isRenderEnabled":false,"rotationMatrix":[-0.778010011,-0.628251791,-1.04508899e-07,0.628251791,-0.778010011,-1.01302639e-05,6.2830477e-06,-7.94710559e-06,1],"shapeName":"/art/shapes/objects/jerseybarrier_3m.dae"}
{"name":"TSStatic_5632","class":"TSStatic","__parent":"barriers_r","position":[416.312927,-211.997818,159.996826],"isRenderEnabled":false,"rotationMatrix":[-0.778010011,-0.628251791,-1.04508899e-07,0.628251791,-0.778010011,-1.01302639e-05,6.2830477e-06,-7.94710559e-06,1],"shapeName":"/art/shapes/objects/jerseybarrier_3m.dae"}
{"name":"TSStatic_561221111","class":"TSStatic","__parent":"barriers_r","position":[462.921326,-269.7164,159.996109],"isRenderEnabled":false,"rotationMatrix":[-0.778010011,-0.628251791,-1.04508899e-07,0.628251791,-0.778010011,-1.01302639e-05,6.2830477e-06,-7.94710559e-06,1],"shapeName":"/art/shapes/objects/jerseybarrier_3m.dae"}
{"name":"TSStatic_561211111112","class":"TSStatic","__parent":"barriers_r","position":[514.297974,-333.340057,159.995285],"isRenderEnabled":false,"rotationMatrix":[-0.778010011,-0.628251791,-1.04508899e-07,0.628251791,-0.778010011,-1.01302639e-05,6.2830477e-06,-7.94710559e-06,1],"shapeName":"/art/shapes/objects/jerseybarrier_3m.dae"}
{"name":"TSStatic_5612111","class":"TSStatic","__parent":"barriers_r","position":[412.642212,-207.452164,159.996887],"isRenderEnabled":false,"rotationMatrix":[-0.778010011,-0.628251791,-1.04508899e-07,0.628251791,-0.778010011,-1.01302639e-05,6.2830477e-06,-7.94710559e-06,1],"shapeName":"/art/shapes/objects/jerseybarrier_3m.dae"}
{"name":"TSStatic_56121121","class":"TSStatic","__parent":"barriers_r","position":[448.061523,-251.314453,159.996323],"isRenderEnabled":false,"rotationMatrix":[-0.778010011,-0.628251791,-1.04508899e-07,0.628251791,-0.778010011,-1.01302639e-05,6.2830477e-06,-7.94710559e-06,1],"shapeName":"/art/shapes/objects/jerseybarrier_3m.dae"}
{"name":"TSStatic_56121111111211111111","class":"TSStatic","__parent":"barriers_r","position":[598.771118,-437.949249,159.993927],"isRenderEnabled":false,"rotationMatrix":[-0.778010011,-0.628251791,-1.04508899e-07,0.628251791,-0.778010011,-1.01302639e-05,6.2830477e-06,-7.94710559e-06,1],"shapeName":"/art/shapes/objects/jerseybarrier_3m.dae"}
{"name":"TSStatic_5631112","class":"TSStatic","__parent":"barriers_r","position":[499.584442,-315.11908,159.995514],"isRenderEnabled":false,"rotationMatrix":[-0.778010011,-0.628251791,-1.04508899e-07,0.628251791,-0.778010011,-1.01302639e-05,6.2830477e-06,-7.94710559e-06,1],"shapeName":"/art/shapes/objects/jerseybarrier_3m.dae"}
{"name":"TSStatic_561311","class":"TSStatic","__parent":"barriers_r","position":[431.205292,-230.440155,159.996597],"isRenderEnabled":false,"rotationMatrix":[-0.778010011,-0.628251791,-1.04508899e-07,0.628251791,-0.778010011,-1.01302639e-05,6.2830477e-06,-7.94710559e-06,1],"shapeName":"/art/shapes/objects/jerseybarrier_3m.dae"}
{"name":"TSStatic_561211111111","class":"TSStatic","__parent":"barriers_r","position":[489.491028,-302.619507,159.995697],"isRenderEnabled":false,"rotationMatrix":[-0.778010011,-0.628251791,-1.04508899e-07,0.628251791,-0.778010011,-1.01302639e-05,6.2830477e-06,-7.94710559e-06,1],"shapeName":"/art/shapes/objects/jerseybarrier_3m.dae"}
{"name":"TSStatic_561211111112111111111","class":"TSStatic","__parent":"barriers_r","position":[613.030212,-455.6073,159.993698],"isRenderEnabled":false,"rotationMatrix":[-0.778010011,-0.628251791,-1.04508899e-07,0.628251791,-0.778010011,-1.01302639e-05,6.2830477e-06,-7.94710559e-06,1],"shapeName":"/art/shapes/objects/jerseybarrier_3m.dae"}
{"name":"TSStatic_561211111221","class":"TSStatic","__parent":"barriers_r","position":[521.578674,-342.356293,159.995178],"isRenderEnabled":false,"rotationMatrix":[-0.778010011,-0.628251791,-1.04508899e-07,0.628251791,-0.778010011,-1.01302639e-05,6.2830477e-06,-7.94710559e-06,1],"shapeName":"/art/shapes/objects/jerseybarrier_3m.dae"}
{"name":"TSStatic_561211112211111","class":"TSStatic","__parent":"barriers_r","position":[575.49707,-409.127289,159.994293],"isRenderEnabled":false,"rotationMatrix":[-0.778010011,-0.628251791,-1.04508899e-07,0.628251791,-0.778010011,-1.01302639e-05,6.2830477e-06,-7.94710559e-06,1],"shapeName":"/art/shapes/objects/jerseybarrier_3m.dae"}
{"name":"TSStatic_5612211112111","class":"TSStatic","__parent":"barriers_r","position":[554.927246,-383.654144,159.994629],"isRenderEnabled":false,"rotationMatrix":[-0.778010011,-0.628251791,-1.04508899e-07,0.628251791,-0.778010011,-1.01302639e-05,6.2830477e-06,-7.94710559e-06,1],"shapeName":"/art/shapes/objects/jerseybarrier_3m.dae"}
{"name":"TSStatic_5631111","class":"TSStatic","__parent":"barriers_r","position":[475.397369,-285.166412,159.995911],"isRenderEnabled":false,"rotationMatrix":[-0.778010011,-0.628251791,-1.04508899e-07,0.628251791,-0.778010011,-1.01302639e-05,6.2830477e-06,-7.94710559e-06,1],"shapeName":"/art/shapes/objects/jerseybarrier_3m.dae"}
{"name":"TSStatic_56121111222","class":"TSStatic","__parent":"barriers_r","position":[524.886169,-346.452148,159.995102],"isRenderEnabled":false,"rotationMatrix":[-0.778010011,-0.628251791,-1.04508899e-07,0.628251791,-0.778010011,-1.01302639e-05,6.2830477e-06,-7.94710559e-06,1],"shapeName":"/art/shapes/objects/jerseybarrier_3m.dae"}
{"name":"TSStatic_56121111221111","class":"TSStatic","__parent":"barriers_r","position":[560.003174,-389.940094,159.994537],"isRenderEnabled":false,"rotationMatrix":[-0.778010011,-0.628251791,-1.04508899e-07,0.628251791,-0.778010011,-1.01302639e-05,6.2830477e-06,-7.94710559e-06,1],"shapeName":"/art/shapes/objects/jerseybarrier_3m.dae"}
{"name":"TSStatic_561311112","class":"TSStatic","__parent":"barriers_r","position":[509.129791,-326.939728,159.995377],"isRenderEnabled":false,"rotationMatrix":[-0.778010011,-0.628251791,-1.04508899e-07,0.628251791,-0.778010011,-1.01302639e-05,6.2830477e-06,-7.94710559e-06,1],"shapeName":"/art/shapes/objects/jerseybarrier_3m.dae"}
{"name":"TSStatic_5612","class":"TSStatic","__parent":"barriers_r","position":[376.36319,-162.525192,159.997452],"isRenderEnabled":false,"rotationMatrix":[-0.778010011,-0.628251791,-1.04508899e-07,0.628251791,-0.778010011,-1.01302639e-05,6.2830477e-06,-7.94710559e-06,1],"shapeName":"/art/shapes/objects/jerseybarrier_3m.dae"}
{"name":"TSStatic_5612111112211","class":"TSStatic","__parent":"barriers_r","position":[539.108521,-364.06488,159.994888],"isRenderEnabled":false,"rotationMatrix":[-0.778010011,-0.628251791,-1.04508899e-07,0.628251791,-0.778010011,-1.01302639e-05,6.2830477e-06,-7.94710559e-06,1],"shapeName":"/art/shapes/objects/jerseybarrier_3m.dae"}
{"name":"TSStatic_5612111122111111","class":"TSStatic","__parent":"barriers_r","position":[589.677979,-426.688538,159.994064],"isRenderEnabled":false,"rotationMatrix":[-0.778010011,-0.628251791,-1.04508899e-07,0.628251791,-0.778010011,-1.01302639e-05,6.2830477e-06,-7.94710559e-06,1],"shapeName":"/art/shapes/objects/jerseybarrier_3m.dae"}
{"name":"TSStatic_561211111112111111","class":"TSStatic","__parent":"barriers_r","position":[569.622803,-401.852783,159.994385],"isRenderEnabled":false,"rotationMatrix":[-0.778010011,-0.628251791,-1.04508899e-07,0.628251791,-0.778010011,-1.01302639e-05,6.2830477e-06,-7.94710559e-06,1],"shapeName":"/art/shapes/objects/jerseybarrier_3m.dae"}
{"name":"TSStatic_56122212","class":"TSStatic","__parent":"barriers_r","position":[494.082916,-308.306122,159.99559],"isRenderEnabled":false,"rotationMatrix":[-0.778010011,-0.628251791,-1.04508899e-07,0.628251791,-0.778010011,-1.01302639e-05,6.2830477e-06,-7.94710559e-06,1],"shapeName":"/art/shapes/objects/jerseybarrier_3m.dae"}
{"name":"TSStatic_5721111","class":"TSStatic","__parent":"barriers_r","position":[477.279816,-287.49762,159.995865],"isRenderEnabled":false,"rotationMatrix":[-0.778010011,-0.628251791,-1.04508899e-07,0.628251791,-0.778010011,-1.01302639e-05,6.2830477e-06,-7.94710559e-06,1],"shapeName":"/art/shapes/objects/jerseybarrier_3m.dae"}
{"name":"TSStatic_561221111211111111","class":"TSStatic","__parent":"barriers_r","position":[614.740723,-457.725494,159.993668],"isRenderEnabled":false,"rotationMatrix":[-0.778010011,-0.628251791,-1.04508899e-07,0.628251791,-0.778010011,-1.01302639e-05,6.2830477e-06,-7.94710559e-06,1],"shapeName":"/art/shapes/objects/jerseybarrier_3m.dae"}
{"name":"TSStatic_5612111112221","class":"TSStatic","__parent":"barriers_r","position":[547.903992,-374.957001,159.994736],"isRenderEnabled":false,"rotationMatrix":[-0.778010011,-0.628251791,-1.04508899e-07,0.628251791,-0.778010011,-1.01302639e-05,6.2830477e-06,-7.94710559e-06,1],"shapeName":"/art/shapes/objects/jerseybarrier_3m.dae"}
{"name":"TSStatic_5612211111","class":"TSStatic","__parent":"barriers_r","position":[486.528076,-298.950317,159.995743],"isRenderEnabled":false,"rotationMatrix":[-0.778010011,-0.628251791,-1.04508899e-07,0.628251791,-0.778010011,-1.01302639e-05,6.2830477e-06,-7.94710559e-06,1],"shapeName":"/art/shapes/objects/jerseybarrier_3m.dae"}
{"name":"TSStatic_5612111111121111111111","class":"TSStatic","__parent":"barriers_r","position":[620.150452,-464.424805,159.993576],"isRenderEnabled":false,"rotationMatrix":[-0.778010011,-0.628251791,-1.04508899e-07,0.628251791,-0.778010011,-1.01302639e-05,6.2830477e-06,-7.94710559e-06,1],"shapeName":"/art/shapes/objects/jerseybarrier_3m.dae"}
{"name":"TSStatic_5612211","class":"TSStatic","__parent":"barriers_r","position":[433.086304,-232.769592,159.996567],"isRenderEnabled":false,"rotationMatrix":[-0.778010011,-0.628251791,-1.04508899e-07,0.628251791,-0.778010011,-1.01302639e-05,6.2830477e-06,-7.94710559e-06,1],"shapeName":"/art/shapes/objects/jerseybarrier_3m.dae"}
{"name":"TSStatic_56121111122111211","class":"TSStatic","__parent":"barriers_r","position":[600.633484,-440.255646,159.993896],"isRenderEnabled":false,"rotationMatrix":[-0.778010011,-0.628251791,-1.04508899e-07,0.628251791,-0.778010011,-1.01302639e-05,6.2830477e-06,-7.94710559e-06,1],"shapeName":"/art/shapes/objects/jerseybarrier_3m.dae"}
{"name":"TSStatic_56","class":"TSStatic","__parent":"barriers_r","position":[370.727264,-155.545792,159.997543],"isRenderEnabled":false,"rotationMatrix":[-0.778010011,-0.628251791,-1.04508899e-07,0.628251791,-0.778010011,-1.01302639e-05,6.2830477e-06,-7.94710559e-06,1],"shapeName":"/art/shapes/objects/jerseybarrier_3m.dae"}
{"name":"TSStatic_561211111222","class":"TSStatic","__parent":"barriers_r","position":[530.312927,-353.172729,159.995026],"isRenderEnabled":false,"rotationMatrix":[-0.778010011,-0.628251791,-1.04508899e-07,0.628251791,-0.778010011,-1.01302639e-05,6.2830477e-06,-7.94710559e-06,1],"shapeName":"/art/shapes/objects/jerseybarrier_3m.dae"}
{"name":"TSStatic_56121111111221","class":"TSStatic","__parent":"barriers_r","position":[549.418884,-376.832916,159.994705],"isRenderEnabled":false,"rotationMatrix":[-0.778010011,-0.628251791,-1.04508899e-07,0.628251791,-0.778010011,-1.01302639e-05,6.2830477e-06,-7.94710559e-06,1],"shapeName":"/art/shapes/objects/jerseybarrier_3m.dae"}
{"name":"TSStatic_56121111111211121","class":"TSStatic","__parent":"barriers_r","position":[587.889282,-424.473511,159.994095],"isRenderEnabled":false,"rotationMatrix":[-0.778010011,-0.628251791,-1.04508899e-07,0.628251791,-0.778010011,-1.01302639e-05,6.2830477e-06,-7.94710559e-06,1],"shapeName":"/art/shapes/objects/jerseybarrier_3m.dae"}
{"name":"TSStatic_56121111221111111","class":"TSStatic","__parent":"barriers_r","position":[603.937073,-444.346588,159.993835],"isRenderEnabled":false,"rotationMatrix":[-0.778010011,-0.628251791,-1.04508899e-07,0.628251791,-0.778010011,-1.01302639e-05,6.2830477e-06,-7.94710559e-06,1],"shapeName":"/art/shapes/objects/jerseybarrier_3m.dae"}
{"name":"TSStatic_5612111111121112","class":"TSStatic","__parent":"barriers_r","position":[573.708374,-406.912262,159.994324],"isRenderEnabled":false,"rotationMatrix":[-0.778010011,-0.628251791,-1.04508899e-07,0.628251791,-0.778010011,-1.01302639e-05,6.2830477e-06,-7.94710559e-06,1],"shapeName":"/art/shapes/objects/jerseybarrier_3m.dae"}
{"name":"TSStatic_561311112111","class":"TSStatic","__parent":"barriers_r","position":[553.046204,-381.324738,159.994659],"isRenderEnabled":false,"rotationMatrix":[-0.778010011,-0.628251791,-1.04508899e-07,0.628251791,-0.778010011,-1.01302639e-05,6.2830477e-06,-7.94710559e-06,1],"shapeName":"/art/shapes/objects/jerseybarrier_3m.dae"}
{"name":"TSStatic_5613112","class":"TSStatic","__parent":"barriers_r","position":[455.545532,-260.582458,159.996216],"isRenderEnabled":false,"rotationMatrix":[-0.778010011,-0.628251791,-1.04508899e-07,0.628251791,-0.778010011,-1.01302639e-05,6.2830477e-06,-7.94710559e-06,1],"shapeName":"/art/shapes/objects/jerseybarrier_3m.dae"}
{"name":"TSStatic_561211112","class":"TSStatic","__parent":"barriers_r","position":[459.199005,-265.106842,159.996155],"isRenderEnabled":false,"rotationMatrix":[-0.778010011,-0.628251791,-1.04508899e-07,0.628251791,-0.778010011,-1.01302639e-05,6.2830477e-06,-7.94710559e-06,1],"shapeName":"/art/shapes/objects/jerseybarrier_3m.dae"}
{"name":"TSStatic_561221","class":"TSStatic","__parent":"barriers_r","position":[410.869781,-205.257233,159.996918],"isRenderEnabled":false,"rotationMatrix":[-0.778010011,-0.628251791,-1.04508899e-07,0.628251791,-0.778010011,-1.01302639e-05,6.2830477e-06,-7.94710559e-06,1],"shapeName":"/art/shapes/objects/jerseybarrier_3m.dae"}
{"name":"TSStatic_5613111","class":"TSStatic","__parent":"barriers_r","position":[436.700043,-237.24472,159.996521],"isRenderEnabled":false,"rotationMatrix":[-0.778010011,-0.628251791,-1.04508899e-07,0.628251791,-0.778010011,-1.01302639e-05,6.2830477e-06,-7.94710559e-06,1],"shapeName":"/art/shapes/objects/jerseybarrier_3m.dae"}
{"name":"TSStatic_5613111122","class":"TSStatic","__parent":"barriers_r","position":[526.659668,-348.648315,159.995087],"isRenderEnabled":false,"rotationMatrix":[-0.778010011,-0.628251791,-1.04508899e-07,0.628251791,-0.778010011,-1.01302639e-05,6.2830477e-06,-7.94710559e-06,1],"shapeName":"/art/shapes/objects/jerseybarrier_3m.dae"}
{"name":"TSStatic_56121111111211112111","class":"TSStatic","__parent":"barriers_r","position":[618.332947,-462.174042,159.993607],"isRenderEnabled":false,"rotationMatrix":[-0.778010011,-0.628251791,-1.04508899e-07,0.628251791,-0.778010011,-1.01302639e-05,6.2830477e-06,-7.94710559e-06,1],"shapeName":"/art/shapes/objects/jerseybarrier_3m.dae"}
{"name":"TSStatic_5612211112","class":"TSStatic","__parent":"barriers_r","position":[511.010834,-329.269135,159.995346],"isRenderEnabled":false,"rotationMatrix":[-0.778010011,-0.628251791,-1.04508899e-07,0.628251791,-0.778010011,-1.01302639e-05,6.2830477e-06,-7.94710559e-06,1],"shapeName":"/art/shapes/objects/jerseybarrier_3m.dae"}
{"name":"TSStatic_56122112","class":"TSStatic","__parent":"barriers_r","position":[457.426544,-262.911896,159.996185],"isRenderEnabled":false,"rotationMatrix":[-0.778010011,-0.628251791,-1.04508899e-07,0.628251791,-0.778010011,-1.01302639e-05,6.2830477e-06,-7.94710559e-06,1],"shapeName":"/art/shapes/objects/jerseybarrier_3m.dae"}
{"name":"TSStatic_5141","class":"TSStatic","__parent":"barriers_r","position":[403.36142,-195.959091,159.997025],"isRenderEnabled":false,"rotationMatrix":[-0.778010011,-0.628251791,-1.04508899e-07,0.628251791,-0.778010011,-1.01302639e-05,6.2830477e-06,-7.94710559e-06,1],"shapeName":"/art/shapes/objects/jerseybarrier_3m.dae"}
{"name":"TSStatic_561321","class":"TSStatic","__parent":"barriers_r","position":[444.408051,-246.79007,159.996384],"isRenderEnabled":false,"rotationMatrix":[-0.778010011,-0.628251791,-1.04508899e-07,0.628251791,-0.778010011,-1.01302639e-05,6.2830477e-06,-7.94710559e-06,1],"shapeName":"/art/shapes/objects/jerseybarrier_3m.dae"}
{"name":"TSStatic_56131111211","class":"TSStatic","__parent":"barriers_r","position":[535.455139,-359.540466,159.994949],"isRenderEnabled":false,"rotationMatrix":[-0.778010011,-0.628251791,-1.04508899e-07,0.628251791,-0.778010011,-1.01302639e-05,6.2830477e-06,-7.94710559e-06,1],"shapeName":"/art/shapes/objects/jerseybarrier_3m.dae"}
{"name":"TSStatic_56121111111211","class":"TSStatic","__parent":"barriers_r","position":[540.623413,-365.940796,159.994858],"isRenderEnabled":false,"rotationMatrix":[-0.778010011,-0.628251791,-1.04508899e-07,0.628251791,-0.778010011,-1.01302639e-05,6.2830477e-06,-7.94710559e-06,1],"shapeName":"/art/shapes/objects/jerseybarrier_3m.dae"}
